  440.0000	              534
  441.0000	              507
  442.0000	              441
  443.0000	              536
  444.0000	              526
  445.0000	              488
  446.0000	              560
  447.0000	              658
  448.0000	              683
  449.0000	              801
  450.0000	              838
  451.0000	              975
  452.0000	             1234
  453.0000	             1444
  454.0000	             1821
  455.0000	             2147
  456.0000	             2908
  457.0000	             3572
  458.0000	             4681
  459.0000	             6132
  460.0000	             8047
  461.0000	             9563
  462.0000	            10500
  463.0000	             9950
  464.0000	             8300
  465.0000	             6563
  466.0000	             4808
  467.0000	             3951
  468.0000	             3209
  469.0000	             3035
  470.0000	             2615
  471.0000	             2299
  472.0000	             2380
  473.0000	             2428
  474.0000	             2641
  475.0000	             2749
  476.0000	             3214
  477.0000	             3756
  478.0000	             4367
  479.0000	             5079
  480.0000	             5673
  481.0000	             6943
  482.0000	             7803
  483.0000	             9274
  484.0000	            10150
  485.0000	            11654
  486.0000	            13166
  487.0000	            14832
  488.0000	            16956
  489.0000	            19164
  490.0000	            21864
  491.0000	            25493
  492.0000	            29975
  493.0000	            34473
  494.0000	            41011
  495.0000	            49088
  496.0000	            58256
  497.0000	            70122
  498.0000	            85349
  499.0000	           104105
  500.0000	           129029
  501.0000	           157619
  502.0000	           195929
  503.0000	           241609
  504.0000	           301205
  505.0000	           375753
  506.0000	           463534
  507.0000	           574393
  508.0000	           696985
  509.0000	           816794
  510.0000	           934587
  511.0000	          1022538
  512.0000	          1069812
  513.0000	          1054257
  514.0000	           969048
  515.0000	           822486
  516.0000	           666577
  517.0000	           521790
  518.0000	           405340
  519.0000	           314577
  520.0000	           245593
  521.0000	           193532
  522.0000	           151247
  523.0000	           120147
  524.0000	            96354
  525.0000	            76777
  526.0000	            61867
  527.0000	            51438
  528.0000	            42281
  529.0000	            35557
  530.0000	            30436
  531.0000	            25389
  532.0000	            22437
  533.0000	            20295
  534.0000	            17872
  535.0000	            16730
  536.0000	            14959
  537.0000	            14443
  538.0000	            13866
  539.0000	            12870
  540.0000	            12275
  541.0000	            12572
  542.0000	            12091
  543.0000	            11795
  544.0000	            11536
  545.0000	            11433
  546.0000	            11140
  547.0000	            10786
  548.0000	            10251
  549.0000	             9409
  550.0000	             9031
  551.0000	             8478
  552.0000	             7839
  553.0000	             7582
  554.0000	             7025
  555.0000	             6623
  556.0000	             6063
  557.0000	             5995
  558.0000	             5794
  559.0000	             5566
  560.0000	             5357
  561.0000	             5592
  562.0000	             5378
  563.0000	             5070
  564.0000	             5098
  565.0000	             4997
  566.0000	             5177
  567.0000	             5050
  568.0000	             5143
  569.0000	             5124
  570.0000	             4851
  571.0000	             4728
  572.0000	             4513
  573.0000	             4081
  574.0000	             4049
  575.0000	             3816
  576.0000	             3481
  577.0000	             3285
  578.0000	             3036
  579.0000	             3110
  580.0000	             2905
  581.0000	             2727
  582.0000	             2705
  583.0000	             2621
  584.0000	             2454
  585.0000	             2497
  586.0000	             2372
  587.0000	             2330
  588.0000	             2289
  589.0000	             2206
  590.0000	             2288
  591.0000	             2272
  592.0000	             2198
  593.0000	             2189
  594.0000	             2092
  595.0000	             2060
  596.0000	             2009
  597.0000	             2019
  598.0000	             2003
  599.0000	             1952
  600.0000	             1945
  601.0000	             2077
  602.0000	             1802
  603.0000	             1802
  604.0000	             1959
  605.0000	             1771
  606.0000	             1878
  607.0000	             1924
  608.0000	             1985
  609.0000	             2052
  610.0000	             1963
  611.0000	             1969
  612.0000	             1977
  613.0000	             1855
  614.0000	             2013
  615.0000	             2034
  616.0000	             1962
  617.0000	             2103
  618.0000	             2010
  619.0000	             1976
  620.0000	             1985
  621.0000	             1960
  622.0000	             2072
  623.0000	             1943
  624.0000	             1992
  625.0000	             2043
  626.0000	             2096
  627.0000	             2040
  628.0000	             1998
  629.0000	             1910
  630.0000	             2041
  631.0000	             1983
  632.0000	             2098
  633.0000	             2067
  634.0000	             2022
  635.0000	             2153
  636.0000	             2180
  637.0000	             2115
  638.0000	             2181
  639.0000	             2120
  640.0000	             2251
  641.0000	             2199
  642.0000	             2126
  643.0000	             2245
  644.0000	             2185
  645.0000	             2133
  646.0000	             2167
  647.0000	             1976
  648.0000	             1980
  649.0000	             2029
  650.0000	             2093
  651.0000	             2017
  652.0000	             2060
  653.0000	             1993
  654.0000	             1845
  655.0000	             1908
  656.0000	             1900
  657.0000	             2013
  658.0000	             1923
  659.0000	             1990
  660.0000	             1922
  661.0000	             1887
  662.0000	             1937
  663.0000	             1885
  664.0000	             1842
  665.0000	             1806
  666.0000	             1893
  667.0000	             1801
  668.0000	             1845
  669.0000	             1797
  670.0000	             1834
  671.0000	             1662
  672.0000	             1776
  673.0000	             1605
  674.0000	             1669
  675.0000	             1756
  676.0000	             1740
  677.0000	             1735
  678.0000	             1725
  679.0000	             1658
  680.0000	             1597
  681.0000	             1548
  682.0000	             1658
  683.0000	             1659
  684.0000	             1563
  685.0000	             1679
  686.0000	             1606
  687.0000	             1506
  688.0000	             1577
  689.0000	             1516
  690.0000	             1481
  691.0000	             1398
  692.0000	             1555
  693.0000	             1547
  694.0000	             1504
  695.0000	             1595
  696.0000	             1590
  697.0000	             1432
  698.0000	             1393
  699.0000	             1449
  700.0000	             1436
  701.0000	             1516
  702.0000	             1375
  703.0000	             1402
  704.0000	             1315
  705.0000	             1417
  706.0000	             1280
  707.0000	             1297
  708.0000	             1287
  709.0000	             1226
  710.0000	             1272
  711.0000	             1243
  712.0000	             1275
  713.0000	             1176
  714.0000	             1272
  715.0000	             1172
  716.0000	             1101
  717.0000	             1107
  718.0000	             1102
  719.0000	             1109
  720.0000	              973
  721.0000	             1044
  722.0000	             1070
  723.0000	              972
  724.0000	             1063
  725.0000	             1028
  726.0000	              995
  727.0000	              899
  728.0000	              881
  729.0000	              947
  730.0000	              944
  731.0000	             1034
  732.0000	              884
  733.0000	              846
  734.0000	              831
  735.0000	              867
  736.0000	              867
  737.0000	              772
  738.0000	              886
  739.0000	              705
  740.0000	              740
  741.0000	              785
  742.0000	              722
  743.0000	              747
  744.0000	              693
  745.0000	              693
  746.0000	              714
  747.0000	              759
  748.0000	              734
  749.0000	              630
  750.0000	              665
  751.0000	              666
  752.0000	              598
  753.0000	              601
  754.0000	              698
  755.0000	              689
  756.0000	              647
  757.0000	              667
  758.0000	              585
  759.0000	              547
  760.0000	              632
  761.0000	              538
  762.0000	              545
  763.0000	              686
  764.0000	              512
  765.0000	              515
  766.0000	              553
  767.0000	              545
  768.0000	              565
  769.0000	              612
  770.0000	              508
  771.0000	              439
  772.0000	              506
  773.0000	              510
  774.0000	              473
  775.0000	              413
  776.0000	              470
  777.0000	              537
  778.0000	              461
  779.0000	              465
  780.0000	              503
  781.0000	              454
  782.0000	              470
  783.0000	              396
  784.0000	              422
  785.0000	              399
  786.0000	              438
  787.0000	              408
  788.0000	              398
  789.0000	              407
  790.0000	              414
  791.0000	              392
  792.0000	              444
  793.0000	              454
  794.0000	              346
  795.0000	              384
  796.0000	              362
  797.0000	              393
  798.0000	              340
  799.0000	              288
  800.0000	              333
