  440.0000	              845
  441.0000	              978
  442.0000	              801
  443.0000	              968
  444.0000	             1040
  445.0000	              975
  446.0000	              979
  447.0000	              983
  448.0000	             1280
  449.0000	             1220
  450.0000	             1618
  451.0000	             1892
  452.0000	             2081
  453.0000	             2551
  454.0000	             2794
  455.0000	             3582
  456.0000	             4005
  457.0000	             5571
  458.0000	             7151
  459.0000	             9080
  460.0000	            11757
  461.0000	            13470
  462.0000	            14448
  463.0000	            14103
  464.0000	            11850
  465.0000	             9738
  466.0000	             7403
  467.0000	             5587
  468.0000	             4790
  469.0000	             4312
  470.0000	             3897
  471.0000	             3634
  472.0000	             3698
  473.0000	             3885
  474.0000	             4167
  475.0000	             4485
  476.0000	             5316
  477.0000	             5823
  478.0000	             7026
  479.0000	             7742
  480.0000	             9219
  481.0000	            10054
  482.0000	            11826
  483.0000	            13714
  484.0000	            15127
  485.0000	            17150
  486.0000	            19827
  487.0000	            22390
  488.0000	            26335
  489.0000	            28682
  490.0000	            34840
  491.0000	            40129
  492.0000	            47714
  493.0000	            55063
  494.0000	            65767
  495.0000	            78620
  496.0000	            92391
  497.0000	           114262
  498.0000	           138412
  499.0000	           173661
  500.0000	           213593
  501.0000	           267977
  502.0000	           337742
  503.0000	           427454
  504.0000	           528652
  505.0000	           662863
  506.0000	           808959
  507.0000	           948454
  508.0000	          1085275
  509.0000	          1198269
  510.0000	          1276991
  511.0000	          1301993
  512.0000	          1258182
  513.0000	          1142365
  514.0000	           969675
  515.0000	           790044
  516.0000	           629279
  517.0000	           489218
  518.0000	           388427
  519.0000	           301681
  520.0000	           240718
  521.0000	           192684
  522.0000	           155149
  523.0000	           124499
  524.0000	           101017
  525.0000	            82556
  526.0000	            66504
  527.0000	            55618
  528.0000	            45477
  529.0000	            39295
  530.0000	            33560
  531.0000	            29273
  532.0000	            25922
  533.0000	            23314
  534.0000	            21420
  535.0000	            20662
  536.0000	            18785
  537.0000	            18073
  538.0000	            17421
  539.0000	            16978
  540.0000	            16815
  541.0000	            15769
  542.0000	            15114
  543.0000	            14760
  544.0000	            14139
  545.0000	            13112
  546.0000	            12335
  547.0000	            11582
  548.0000	            10658
  549.0000	             9842
  550.0000	             9432
  551.0000	             8958
  552.0000	             8454
  553.0000	             7746
  554.0000	             7534
  555.0000	             7123
  556.0000	             6513
  557.0000	             6353
  558.0000	             6128
  559.0000	             5960
  560.0000	             5529
  561.0000	             5448
  562.0000	             5321
  563.0000	             4990
  564.0000	             5024
  565.0000	             4731
  566.0000	             4628
  567.0000	             4300
  568.0000	             4591
  569.0000	             4224
  570.0000	             4224
  571.0000	             3840
  572.0000	             3778
  573.0000	             3749
  574.0000	             3501
  575.0000	             3473
  576.0000	             3274
  577.0000	             3296
  578.0000	             3099
  579.0000	             3349
  580.0000	             2819
  581.0000	             2978
  582.0000	             3191
  583.0000	             2975
  584.0000	             2841
  585.0000	             2956
  586.0000	             2791
  587.0000	             2813
  588.0000	             3112
  589.0000	             2785
  590.0000	             2850
  591.0000	             2885
  592.0000	             2875
  593.0000	             2791
  594.0000	             2836
  595.0000	             2830
  596.0000	             2806
  597.0000	             3005
  598.0000	             3044
  599.0000	             3051
  600.0000	             3025
  601.0000	             3088
  602.0000	             2924
  603.0000	             3046
  604.0000	             3049
  605.0000	             2916
  606.0000	             3324
  607.0000	             2966
  608.0000	             3086
  609.0000	             2987
  610.0000	             3190
  611.0000	             3067
  612.0000	             3227
  613.0000	             3058
  614.0000	             3474
  615.0000	             3396
  616.0000	             3309
  617.0000	             3270
  618.0000	             3378
  619.0000	             3277
  620.0000	             3296
  621.0000	             3376
  622.0000	             3454
  623.0000	             3531
  624.0000	             3468
  625.0000	             3512
  626.0000	             3309
  627.0000	             3416
  628.0000	             3433
  629.0000	             3710
  630.0000	             3457
  631.0000	             3381
  632.0000	             3407
  633.0000	             3387
  634.0000	             3330
  635.0000	             3677
  636.0000	             3495
  637.0000	             3403
  638.0000	             3543
  639.0000	             3531
  640.0000	             3505
  641.0000	             3537
  642.0000	             3453
  643.0000	             3373
  644.0000	             3538
  645.0000	             3277
  646.0000	             3253
  647.0000	             3349
  648.0000	             3049
  649.0000	             3375
  650.0000	             3315
  651.0000	             3367
  652.0000	             3154
  653.0000	             3285
  654.0000	             2920
  655.0000	             3323
  656.0000	             3160
  657.0000	             3108
  658.0000	             3104
  659.0000	             3131
  660.0000	             2942
  661.0000	             3288
  662.0000	             2927
  663.0000	             2909
  664.0000	             2847
  665.0000	             2831
  666.0000	             2826
  667.0000	             2654
  668.0000	             2776
  669.0000	             2886
  670.0000	             2616
  671.0000	             2744
  672.0000	             2698
  673.0000	             2477
  674.0000	             2619
  675.0000	             2645
  676.0000	             2488
  677.0000	             2443
  678.0000	             2489
  679.0000	             2392
  680.0000	             2373
  681.0000	             2430
  682.0000	             2522
  683.0000	             2326
  684.0000	             2249
  685.0000	             2331
  686.0000	             2315
  687.0000	             2337
  688.0000	             2227
  689.0000	             2153
  690.0000	             2261
  691.0000	             2176
  692.0000	             2136
  693.0000	             2205
  694.0000	             2122
  695.0000	             2114
  696.0000	             2183
  697.0000	             2028
  698.0000	             2135
  699.0000	             1981
  700.0000	             2079
  701.0000	             1940
  702.0000	             2059
  703.0000	             1786
  704.0000	             1805
  705.0000	             1876
  706.0000	             1772
  707.0000	             1721
  708.0000	             1670
  709.0000	             1535
  710.0000	             1785
  711.0000	             1774
  712.0000	             1423
  713.0000	             1575
  714.0000	             1550
  715.0000	             1549
  716.0000	             1457
  717.0000	             1462
  718.0000	             1443
  719.0000	             1405
  720.0000	             1421
  721.0000	             1350
  722.0000	             1295
  723.0000	             1328
  724.0000	             1400
  725.0000	             1406
  726.0000	             1348
  727.0000	             1415
  728.0000	             1190
  729.0000	             1204
  730.0000	             1206
  731.0000	             1227
  732.0000	             1228
  733.0000	             1049
  734.0000	             1068
  735.0000	             1018
  736.0000	             1150
  737.0000	             1101
  738.0000	             1004
  739.0000	             1093
  740.0000	              979
  741.0000	              933
  742.0000	              950
  743.0000	              923
  744.0000	              883
  745.0000	              892
  746.0000	              959
  747.0000	              908
  748.0000	              977
  749.0000	              864
  750.0000	              808
  751.0000	              812
  752.0000	              856
  753.0000	              720
  754.0000	              752
  755.0000	              856
  756.0000	              846
  757.0000	              779
  758.0000	              742
  759.0000	              817
  760.0000	              705
  761.0000	              690
  762.0000	              683
  763.0000	              731
  764.0000	              709
  765.0000	              630
  766.0000	              726
  767.0000	              631
  768.0000	              596
  769.0000	              695
  770.0000	              622
  771.0000	              628
  772.0000	              515
  773.0000	              512
  774.0000	              599
  775.0000	              573
  776.0000	              557
  777.0000	              577
  778.0000	              533
  779.0000	              600
  780.0000	              565
  781.0000	              605
  782.0000	              548
  783.0000	              546
  784.0000	              527
  785.0000	              500
  786.0000	              588
  787.0000	              441
  788.0000	              478
  789.0000	              527
  790.0000	              483
  791.0000	              553
  792.0000	              511
  793.0000	              504
  794.0000	              479
  795.0000	              527
  796.0000	              521
  797.0000	              411
  798.0000	              426
  799.0000	              427
  800.0000	              480
