  440.0000	              605
  441.0000	              542
  442.0000	              614
  443.0000	              743
  444.0000	              600
  445.0000	              606
  446.0000	              637
  447.0000	              655
  448.0000	              658
  449.0000	              862
  450.0000	              898
  451.0000	             1026
  452.0000	             1280
  453.0000	             1454
  454.0000	             1647
  455.0000	             2077
  456.0000	             2589
  457.0000	             2816
  458.0000	             3438
  459.0000	             4688
  460.0000	             6373
  461.0000	             7183
  462.0000	             7723
  463.0000	             6897
  464.0000	             5968
  465.0000	             4505
  466.0000	             3631
  467.0000	             2917
  468.0000	             2634
  469.0000	             2190
  470.0000	             2064
  471.0000	             2080
  472.0000	             2226
  473.0000	             2333
  474.0000	             2509
  475.0000	             2999
  476.0000	             2990
  477.0000	             3843
  478.0000	             4152
  479.0000	             4955
  480.0000	             6092
  481.0000	             6758
  482.0000	             7859
  483.0000	             9353
  484.0000	            10199
  485.0000	            12153
  486.0000	            13315
  487.0000	            15288
  488.0000	            17288
  489.0000	            19128
  490.0000	            22561
  491.0000	            25577
  492.0000	            29852
  493.0000	            34841
  494.0000	            41077
  495.0000	            49271
  496.0000	            59374
  497.0000	            71398
  498.0000	            85708
  499.0000	           106270
  500.0000	           132768
  501.0000	           162055
  502.0000	           203480
  503.0000	           255472
  504.0000	           318354
  505.0000	           400174
  506.0000	           498517
  507.0000	           607024
  508.0000	           737765
  509.0000	           866466
  510.0000	           991262
  511.0000	          1078689
  512.0000	          1132086
  513.0000	          1116918
  514.0000	          1033199
  515.0000	           892731
  516.0000	           725849
  517.0000	           567724
  518.0000	           440143
  519.0000	           342921
  520.0000	           269823
  521.0000	           211458
  522.0000	           169291
  523.0000	           136862
  524.0000	           110985
  525.0000	            91915
  526.0000	            73437
  527.0000	            61937
  528.0000	            52217
  529.0000	            44182
  530.0000	            38710
  531.0000	            33299
  532.0000	            30987
  533.0000	            27613
  534.0000	            25876
  535.0000	            23748
  536.0000	            23005
  537.0000	            21873
  538.0000	            20857
  539.0000	            20734
  540.0000	            20372
  541.0000	            19728
  542.0000	            19613
  543.0000	            19744
  544.0000	            18763
  545.0000	            18921
  546.0000	            17806
  547.0000	            17186
  548.0000	            16924
  549.0000	            16465
  550.0000	            15587
  551.0000	            14923
  552.0000	            13782
  553.0000	            12780
  554.0000	            12489
  555.0000	            12226
  556.0000	            11720
  557.0000	            11422
  558.0000	            11445
  559.0000	            10737
  560.0000	            10870
  561.0000	            10691
  562.0000	            10493
  563.0000	            10544
  564.0000	            10612
  565.0000	            10648
  566.0000	            10834
  567.0000	            10452
  568.0000	            10442
  569.0000	             9976
  570.0000	             9971
  571.0000	             9449
  572.0000	             8655
  573.0000	             7892
  574.0000	             7720
  575.0000	             7375
  576.0000	             6724
  577.0000	             6287
  578.0000	             5740
  579.0000	             5162
  580.0000	             4870
  581.0000	             4413
  582.0000	             4243
  583.0000	             4150
  584.0000	             3783
  585.0000	             3801
  586.0000	             3263
  587.0000	             3180
  588.0000	             3215
  589.0000	             3016
  590.0000	             2671
  591.0000	             2596
  592.0000	             2847
  593.0000	             2530
  594.0000	             2546
  595.0000	             2475
  596.0000	             2435
  597.0000	             2303
  598.0000	             2021
  599.0000	             2144
  600.0000	             2283
  601.0000	             2049
  602.0000	             1967
  603.0000	             2006
  604.0000	             1941
  605.0000	             1933
  606.0000	             1827
  607.0000	             1860
  608.0000	             1611
  609.0000	             1833
  610.0000	             1659
  611.0000	             1702
  612.0000	             1756
  613.0000	             1740
  614.0000	             1656
  615.0000	             1674
  616.0000	             1460
  617.0000	             1699
  618.0000	             1531
  619.0000	             1670
  620.0000	             1573
  621.0000	             1560
  622.0000	             1672
  623.0000	             1653
  624.0000	             1699
  625.0000	             1607
  626.0000	             1548
  627.0000	             1571
  628.0000	             1671
  629.0000	             1732
  630.0000	             1528
  631.0000	             1546
  632.0000	             1437
  633.0000	             1412
  634.0000	             1453
  635.0000	             1548
  636.0000	             1487
  637.0000	             1474
  638.0000	             1568
  639.0000	             1454
  640.0000	             1375
  641.0000	             1506
  642.0000	             1486
  643.0000	             1511
  644.0000	             1499
  645.0000	             1551
  646.0000	             1395
  647.0000	             1373
  648.0000	             1531
  649.0000	             1419
  650.0000	             1419
  651.0000	             1411
  652.0000	             1411
  653.0000	             1324
  654.0000	             1328
  655.0000	             1252
  656.0000	             1317
  657.0000	             1282
  658.0000	             1396
  659.0000	             1375
  660.0000	             1394
  661.0000	             1415
  662.0000	             1306
  663.0000	             1330
  664.0000	             1213
  665.0000	             1273
  666.0000	             1349
  667.0000	             1317
  668.0000	             1217
  669.0000	             1343
  670.0000	             1261
  671.0000	             1233
  672.0000	             1363
  673.0000	             1165
  674.0000	             1173
  675.0000	             1283
  676.0000	             1209
  677.0000	             1267
  678.0000	             1239
  679.0000	             1281
  680.0000	             1236
  681.0000	             1102
  682.0000	             1154
  683.0000	             1093
  684.0000	             1151
  685.0000	             1011
  686.0000	             1167
  687.0000	              928
  688.0000	             1243
  689.0000	             1104
  690.0000	             1107
  691.0000	             1183
  692.0000	             1011
  693.0000	             1076
  694.0000	             1072
  695.0000	             1020
  696.0000	             1104
  697.0000	             1138
  698.0000	             1102
  699.0000	             1080
  700.0000	             1031
  701.0000	             1105
  702.0000	             1006
  703.0000	             1181
  704.0000	             1057
  705.0000	             1055
  706.0000	              958
  707.0000	             1009
  708.0000	             1000
  709.0000	              878
  710.0000	              967
  711.0000	              889
  712.0000	              887
  713.0000	              902
  714.0000	              858
  715.0000	              834
  716.0000	              922
  717.0000	              895
  718.0000	              861
  719.0000	              841
  720.0000	              827
  721.0000	              742
  722.0000	              860
  723.0000	              649
  724.0000	              798
  725.0000	              820
  726.0000	              748
  727.0000	              781
  728.0000	              731
  729.0000	              818
  730.0000	              705
  731.0000	              693
  732.0000	              616
  733.0000	              629
  734.0000	              693
  735.0000	              648
  736.0000	              635
  737.0000	              579
  738.0000	              601
  739.0000	              701
  740.0000	              651
  741.0000	              581
  742.0000	              594
  743.0000	              586
  744.0000	              557
  745.0000	              595
  746.0000	              602
  747.0000	              566
  748.0000	              537
  749.0000	              589
  750.0000	              580
  751.0000	              510
  752.0000	              483
  753.0000	              507
  754.0000	              490
  755.0000	              529
  756.0000	              462
  757.0000	              554
  758.0000	              468
  759.0000	              520
  760.0000	              502
  761.0000	              519
  762.0000	              543
  763.0000	              478
  764.0000	              481
  765.0000	              367
  766.0000	              332
  767.0000	              417
  768.0000	              416
  769.0000	              411
  770.0000	              420
  771.0000	              430
  772.0000	              393
  773.0000	              325
  774.0000	              398
  775.0000	              392
  776.0000	              399
  777.0000	              370
  778.0000	              380
  779.0000	              368
  780.0000	              353
  781.0000	              380
  782.0000	              367
  783.0000	              351
  784.0000	              377
  785.0000	              365
  786.0000	              422
  787.0000	              333
  788.0000	              344
  789.0000	              307
  790.0000	              360
  791.0000	              323
  792.0000	              297
  793.0000	              344
  794.0000	              306
  795.0000	              373
  796.0000	              300
  797.0000	              292
  798.0000	              297
  799.0000	              295
  800.0000	              274
