  440.0000	               49
  441.0000	               49
  442.0000	               58
  443.0000	               46
  444.0000	               47
  445.0000	               53
  446.0000	               49
  447.0000	               62
  448.0000	               60
  449.0000	               62
  450.0000	               41
  451.0000	               51
  452.0000	               59
  453.0000	               44
  454.0000	               75
  455.0000	               53
  456.0000	               43
  457.0000	               47
  458.0000	               56
  459.0000	               64
  460.0000	               54
  461.0000	               52
  462.0000	               52
  463.0000	               63
  464.0000	               61
  465.0000	               59
  466.0000	               39
  467.0000	               44
  468.0000	               75
  469.0000	               52
  470.0000	               51
  471.0000	               50
  472.0000	               40
  473.0000	               43
  474.0000	               51
  475.0000	               51
  476.0000	               63
  477.0000	               72
  478.0000	               66
  479.0000	               46
  480.0000	               61
  481.0000	               44
  482.0000	               78
  483.0000	               69
  484.0000	               85
  485.0000	               65
  486.0000	              111
  487.0000	               98
  488.0000	              113
  489.0000	              121
  490.0000	              129
  491.0000	              129
  492.0000	              133
  493.0000	              133
  494.0000	              160
  495.0000	              190
  496.0000	              192
  497.0000	              277
  498.0000	              350
  499.0000	              399
  500.0000	              536
  501.0000	              573
  502.0000	              690
  503.0000	             1081
  504.0000	             1274
  505.0000	             1830
  506.0000	             2390
  507.0000	             3174
  508.0000	             3805
  509.0000	             4835
  510.0000	             5255
  511.0000	             6560
  512.0000	             5121
  513.0000	             4241
  514.0000	             3223
  515.0000	             2322
  516.0000	             1712
  517.0000	             1235
  518.0000	              940
  519.0000	              680
  520.0000	              566
  521.0000	              449
  522.0000	              421
  523.0000	              334
  524.0000	              287
  525.0000	              205
  526.0000	              188
  527.0000	              201
  528.0000	              138
  529.0000	              127
  530.0000	              163
  531.0000	              109
  532.0000	               86
  533.0000	               99
  534.0000	               99
  535.0000	               99
  536.0000	               93
  537.0000	              131
  538.0000	              138
  539.0000	              124
  540.0000	              102
  541.0000	               97
  542.0000	              115
  543.0000	              133
  544.0000	              157
  545.0000	              107
  546.0000	              122
  547.0000	              123
  548.0000	              130
  549.0000	              113
  550.0000	              126
  551.0000	              116
  552.0000	               96
  553.0000	              113
  554.0000	              122
  555.0000	              116
  556.0000	              131
  557.0000	              141
  558.0000	              138
  559.0000	              138
  560.0000	              101
  561.0000	              104
  562.0000	              118
  563.0000	              155
  564.0000	              154
  565.0000	              154
  566.0000	              157
  567.0000	              146
  568.0000	              169
  569.0000	              139
  570.0000	              157
  571.0000	              141
  572.0000	              140
  573.0000	              165
  574.0000	              150
  575.0000	              169
  576.0000	              146
  577.0000	              174
  578.0000	              185
  579.0000	              155
  580.0000	              156
  581.0000	              185
  582.0000	              188
  583.0000	              167
  584.0000	              208
  585.0000	              227
  586.0000	              201
  587.0000	              196
  588.0000	              245
  589.0000	              250
  590.0000	              176
  591.0000	              248
  592.0000	              239
  593.0000	              229
  594.0000	              213
  595.0000	              312
  596.0000	              247
  597.0000	              275
  598.0000	              294
  599.0000	              254
  600.0000	              237
  601.0000	              262
  602.0000	              256
  603.0000	              307
  604.0000	              319
  605.0000	              300
  606.0000	              308
  607.0000	              398
  608.0000	              334
  609.0000	              355
  610.0000	              278
  611.0000	              384
  612.0000	              328
  613.0000	              326
  614.0000	              351
  615.0000	              381
  616.0000	              299
  617.0000	              384
  618.0000	              425
  619.0000	              373
  620.0000	              334
  621.0000	              362
  622.0000	              355
  623.0000	              393
  624.0000	              431
  625.0000	              358
  626.0000	              381
  627.0000	              427
  628.0000	              363
  629.0000	              413
  630.0000	              403
  631.0000	              383
  632.0000	              399
  633.0000	              457
  634.0000	              421
  635.0000	              412
  636.0000	              405
  637.0000	              405
  638.0000	              427
  639.0000	              415
  640.0000	              445
  641.0000	              421
  642.0000	              430
  643.0000	              397
  644.0000	              453
  645.0000	              417
  646.0000	              385
  647.0000	              451
  648.0000	              507
  649.0000	              497
  650.0000	              458
  651.0000	              412
  652.0000	              482
  653.0000	              441
  654.0000	              457
  655.0000	              460
  656.0000	              460
  657.0000	              366
  658.0000	              448
  659.0000	              474
  660.0000	              515
  661.0000	              431
  662.0000	              426
  663.0000	              455
  664.0000	              487
  665.0000	              407
  666.0000	              413
  667.0000	              433
  668.0000	              469
  669.0000	              447
  670.0000	              404
  671.0000	              351
  672.0000	              333
  673.0000	              390
  674.0000	              343
  675.0000	              386
  676.0000	              331
  677.0000	              358
  678.0000	              445
  679.0000	              363
  680.0000	              378
  681.0000	              354
  682.0000	              289
  683.0000	              346
  684.0000	              339
  685.0000	              322
  686.0000	              295
  687.0000	              350
  688.0000	              340
  689.0000	              282
  690.0000	              315
  691.0000	              348
  692.0000	              317
  693.0000	              315
  694.0000	              350
  695.0000	              308
  696.0000	              324
  697.0000	              280
  698.0000	              353
  699.0000	              286
  700.0000	              299
  701.0000	              310
  702.0000	              312
  703.0000	              306
  704.0000	              316
  705.0000	              284
  706.0000	              266
  707.0000	              307
  708.0000	              276
  709.0000	              314
  710.0000	              256
  711.0000	              226
  712.0000	              206
  713.0000	              258
  714.0000	              243
  715.0000	              249
  716.0000	              259
  717.0000	              244
  718.0000	              241
  719.0000	              198
  720.0000	              185
  721.0000	              151
  722.0000	              213
  723.0000	              245
  724.0000	              199
  725.0000	              213
  726.0000	              233
  727.0000	              197
  728.0000	              179
  729.0000	              170
  730.0000	              209
  731.0000	              165
  732.0000	              248
  733.0000	              181
  734.0000	              210
  735.0000	              157
  736.0000	              133
  737.0000	              158
  738.0000	              164
  739.0000	              151
  740.0000	              111
  741.0000	              146
  742.0000	              166
  743.0000	              179
  744.0000	              156
  745.0000	              128
  746.0000	              142
  747.0000	              119
  748.0000	              149
  749.0000	              164
  750.0000	              101
  751.0000	              119
  752.0000	              136
  753.0000	              111
  754.0000	              140
  755.0000	               94
  756.0000	              121
  757.0000	              147
  758.0000	              115
  759.0000	              123
  760.0000	              108
  761.0000	              153
  762.0000	              117
  763.0000	              129
  764.0000	              102
  765.0000	              118
  766.0000	              103
  767.0000	              117
  768.0000	               63
  769.0000	               98
  770.0000	              110
  771.0000	               91
  772.0000	               92
  773.0000	               81
  774.0000	               97
  775.0000	               75
  776.0000	              117
  777.0000	               97
  778.0000	               80
  779.0000	               53
  780.0000	              106
  781.0000	               65
  782.0000	               90
  783.0000	              118
  784.0000	               97
  785.0000	               78
  786.0000	               79
  787.0000	               65
  788.0000	               92
  789.0000	               87
  790.0000	               72
  791.0000	               72
  792.0000	               87
  793.0000	               47
  794.0000	               69
  795.0000	               64
  796.0000	               52
  797.0000	               86
  798.0000	               67
  799.0000	               56
  800.0000	               65
