  440.0000	              132
  441.0000	               87
  442.0000	               68
  443.0000	               98
  444.0000	               99
  445.0000	              105
  446.0000	               81
  447.0000	              108
  448.0000	              130
  449.0000	               96
  450.0000	              141
  451.0000	              150
  452.0000	              147
  453.0000	              177
  454.0000	              187
  455.0000	              141
  456.0000	              132
  457.0000	              159
  458.0000	              232
  459.0000	              215
  460.0000	              286
  461.0000	              294
  462.0000	              337
  463.0000	              309
  464.0000	              294
  465.0000	              213
  466.0000	              212
  467.0000	              193
  468.0000	              253
  469.0000	              211
  470.0000	              223
  471.0000	              231
  472.0000	              186
  473.0000	              253
  474.0000	              284
  475.0000	              325
  476.0000	              443
  477.0000	              446
  478.0000	              379
  479.0000	              585
  480.0000	              671
  481.0000	              717
  482.0000	              812
  483.0000	             1022
  484.0000	             1153
  485.0000	             1206
  486.0000	             1385
  487.0000	             1631
  488.0000	             1979
  489.0000	             2004
  490.0000	             2469
  491.0000	             2731
  492.0000	             3230
  493.0000	             3764
  494.0000	             4542
  495.0000	             5101
  496.0000	             6860
  497.0000	             8027
  498.0000	            10223
  499.0000	            13197
  500.0000	            17339
  501.0000	            23239
  502.0000	            30412
  503.0000	            41031
  504.0000	            53968
  505.0000	            70626
  506.0000	            92148
  507.0000	           110635
  508.0000	           129994
  509.0000	           141210
  510.0000	           140897
  511.0000	           126552
  512.0000	           102968
  513.0000	            80049
  514.0000	            59755
  515.0000	            43178
  516.0000	            32403
  517.0000	            24639
  518.0000	            18741
  519.0000	            14212
  520.0000	            11816
  521.0000	             9020
  522.0000	             7182
  523.0000	             5881
  524.0000	             5058
  525.0000	             3723
  526.0000	             3304
  527.0000	             2834
  528.0000	             2365
  529.0000	             1946
  530.0000	             1844
  531.0000	             1625
  532.0000	             1555
  533.0000	             1389
  534.0000	             1323
  535.0000	             1276
  536.0000	             1208
  537.0000	             1392
  538.0000	             1355
  539.0000	             1313
  540.0000	             1291
  541.0000	             1244
  542.0000	             1192
  543.0000	             1230
  544.0000	             1290
  545.0000	             1168
  546.0000	             1051
  547.0000	             1263
  548.0000	             1067
  549.0000	             1144
  550.0000	             1060
  551.0000	             1143
  552.0000	             1054
  553.0000	             1102
  554.0000	             1005
  555.0000	             1011
  556.0000	             1103
  557.0000	             1150
  558.0000	             1175
  559.0000	             1171
  560.0000	             1173
  561.0000	             1062
  562.0000	             1228
  563.0000	             1124
  564.0000	             1194
  565.0000	             1187
  566.0000	             1170
  567.0000	             1054
  568.0000	             1260
  569.0000	             1179
  570.0000	             1307
  571.0000	             1336
  572.0000	             1363
  573.0000	             1391
  574.0000	             1281
  575.0000	             1283
  576.0000	             1472
  577.0000	             1461
  578.0000	             1389
  579.0000	             1542
  580.0000	             1445
  581.0000	             1612
  582.0000	             1620
  583.0000	             1475
  584.0000	             1520
  585.0000	             1607
  586.0000	             1470
  587.0000	             1648
  588.0000	             1783
  589.0000	             1713
  590.0000	             1671
  591.0000	             1732
  592.0000	             1943
  593.0000	             1712
  594.0000	             1863
  595.0000	             1790
  596.0000	             1923
  597.0000	             1870
  598.0000	             1934
  599.0000	             1967
  600.0000	             2009
  601.0000	             1923
  602.0000	             1916
  603.0000	             1945
  604.0000	             1893
  605.0000	             2111
  606.0000	             1834
  607.0000	             1935
  608.0000	             2159
  609.0000	             2090
  610.0000	             2170
  611.0000	             2079
  612.0000	             2048
  613.0000	             2138
  614.0000	             2138
  615.0000	             2049
  616.0000	             1985
  617.0000	             2190
  618.0000	             2004
  619.0000	             2261
  620.0000	             2211
  621.0000	             2171
  622.0000	             2160
  623.0000	             2134
  624.0000	             2192
  625.0000	             2271
  626.0000	             2161
  627.0000	             2025
  628.0000	             2112
  629.0000	             2156
  630.0000	             2299
  631.0000	             1919
  632.0000	             2144
  633.0000	             2136
  634.0000	             2029
  635.0000	             1962
  636.0000	             1928
  637.0000	             2065
  638.0000	             1949
  639.0000	             2020
  640.0000	             1992
  641.0000	             1952
  642.0000	             1838
  643.0000	             1923
  644.0000	             1903
  645.0000	             1930
  646.0000	             1997
  647.0000	             1785
  648.0000	             1872
  649.0000	             1784
  650.0000	             1819
  651.0000	             1835
  652.0000	             1752
  653.0000	             1644
  654.0000	             1704
  655.0000	             1601
  656.0000	             1570
  657.0000	             1721
  658.0000	             1674
  659.0000	             1535
  660.0000	             1657
  661.0000	             1598
  662.0000	             1566
  663.0000	             1427
  664.0000	             1487
  665.0000	             1512
  666.0000	             1493
  667.0000	             1446
  668.0000	             1478
  669.0000	             1349
  670.0000	             1237
  671.0000	             1263
  672.0000	             1259
  673.0000	             1301
  674.0000	             1251
  675.0000	             1343
  676.0000	             1099
  677.0000	             1125
  678.0000	             1141
  679.0000	             1067
  680.0000	             1183
  681.0000	             1028
  682.0000	             1100
  683.0000	             1053
  684.0000	              992
  685.0000	              938
  686.0000	              948
  687.0000	              987
  688.0000	              956
  689.0000	              873
  690.0000	              915
  691.0000	              908
  692.0000	              935
  693.0000	              921
  694.0000	              904
  695.0000	              855
  696.0000	              924
  697.0000	              816
  698.0000	              889
  699.0000	              838
  700.0000	              797
  701.0000	              823
  702.0000	              792
  703.0000	              751
  704.0000	              734
  705.0000	              690
  706.0000	              696
  707.0000	              732
  708.0000	              736
  709.0000	              765
  710.0000	              661
  711.0000	              660
  712.0000	              591
  713.0000	              576
  714.0000	              610
  715.0000	              531
  716.0000	              561
  717.0000	              557
  718.0000	              482
  719.0000	              479
  720.0000	              462
  721.0000	              452
  722.0000	              497
  723.0000	              501
  724.0000	              378
  725.0000	              478
  726.0000	              438
  727.0000	              375
  728.0000	              401
  729.0000	              366
  730.0000	              382
  731.0000	              339
  732.0000	              337
  733.0000	              414
  734.0000	              327
  735.0000	              320
  736.0000	              325
  737.0000	              338
  738.0000	              352
  739.0000	              311
  740.0000	              279
  741.0000	              212
  742.0000	              259
  743.0000	              267
  744.0000	              271
  745.0000	              251
  746.0000	              250
  747.0000	              253
  748.0000	              229
  749.0000	              195
  750.0000	              239
  751.0000	              208
  752.0000	              180
  753.0000	              236
  754.0000	              203
  755.0000	              170
  756.0000	              238
  757.0000	              200
  758.0000	              174
  759.0000	              183
  760.0000	              152
  761.0000	              222
  762.0000	              198
  763.0000	              142
  764.0000	              159
  765.0000	              162
  766.0000	              131
  767.0000	              144
  768.0000	              174
  769.0000	              123
  770.0000	              126
  771.0000	              144
  772.0000	              159
  773.0000	              108
  774.0000	              140
  775.0000	              109
  776.0000	              105
  777.0000	              153
  778.0000	              113
  779.0000	              130
  780.0000	              132
  781.0000	              108
  782.0000	               90
  783.0000	              119
  784.0000	              117
  785.0000	              121
  786.0000	               64
  787.0000	              109
  788.0000	               78
  789.0000	               78
  790.0000	              111
  791.0000	               60
  792.0000	              111
  793.0000	              149
  794.0000	               93
  795.0000	               89
  796.0000	              120
  797.0000	               87
  798.0000	               99
  799.0000	               60
  800.0000	               90
