  440.0000	              121
  441.0000	              105
  442.0000	              119
  443.0000	              102
  444.0000	              126
  445.0000	               78
  446.0000	               93
  447.0000	               81
  448.0000	               87
  449.0000	               95
  450.0000	              105
  451.0000	              110
  452.0000	              127
  453.0000	              122
  454.0000	              110
  455.0000	               69
  456.0000	              123
  457.0000	              117
  458.0000	              174
  459.0000	              138
  460.0000	              186
  461.0000	              154
  462.0000	              218
  463.0000	              172
  464.0000	              159
  465.0000	              129
  466.0000	               99
  467.0000	              108
  468.0000	              134
  469.0000	              110
  470.0000	              107
  471.0000	              123
  472.0000	              110
  473.0000	              155
  474.0000	              159
  475.0000	              159
  476.0000	              155
  477.0000	              213
  478.0000	              186
  479.0000	              233
  480.0000	              257
  481.0000	              280
  482.0000	              315
  483.0000	              374
  484.0000	              369
  485.0000	              478
  486.0000	              556
  487.0000	              615
  488.0000	              660
  489.0000	              694
  490.0000	              880
  491.0000	              887
  492.0000	             1052
  493.0000	             1294
  494.0000	             1571
  495.0000	             1752
  496.0000	             2093
  497.0000	             2716
  498.0000	             3083
  499.0000	             3922
  500.0000	             4968
  501.0000	             6501
  502.0000	             8677
  503.0000	            10939
  504.0000	            14856
  505.0000	            20270
  506.0000	            26412
  507.0000	            33917
  508.0000	            42271
  509.0000	            48379
  510.0000	            51937
  511.0000	            50762
  512.0000	            45765
  513.0000	            36896
  514.0000	            29312
  515.0000	            21656
  516.0000	            16138
  517.0000	            11626
  518.0000	             9110
  519.0000	             7002
  520.0000	             5550
  521.0000	             4502
  522.0000	             3346
  523.0000	             2809
  524.0000	             2347
  525.0000	             1924
  526.0000	             1737
  527.0000	             1404
  528.0000	             1263
  529.0000	             1165
  530.0000	             1027
  531.0000	              969
  532.0000	             1062
  533.0000	              956
  534.0000	             1014
  535.0000	              832
  536.0000	             1017
  537.0000	              848
  538.0000	              975
  539.0000	              978
  540.0000	             1043
  541.0000	             1023
  542.0000	             1006
  543.0000	             1072
  544.0000	             1037
  545.0000	             1101
  546.0000	             1022
  547.0000	             1005
  548.0000	              991
  549.0000	              857
  550.0000	             1080
  551.0000	             1037
  552.0000	             1001
  553.0000	             1030
  554.0000	             1096
  555.0000	             1056
  556.0000	             1055
  557.0000	             1137
  558.0000	             1003
  559.0000	             1111
  560.0000	             1031
  561.0000	              992
  562.0000	             1120
  563.0000	             1043
  564.0000	             1118
  565.0000	             1296
  566.0000	             1225
  567.0000	             1192
  568.0000	             1381
  569.0000	             1410
  570.0000	             1352
  571.0000	             1428
  572.0000	             1422
  573.0000	             1518
  574.0000	             1445
  575.0000	             1497
  576.0000	             1693
  577.0000	             1637
  578.0000	             1625
  579.0000	             1539
  580.0000	             1523
  581.0000	             1582
  582.0000	             1645
  583.0000	             1697
  584.0000	             1677
  585.0000	             1767
  586.0000	             1891
  587.0000	             1779
  588.0000	             1986
  589.0000	             1944
  590.0000	             2117
  591.0000	             2069
  592.0000	             2106
  593.0000	             2173
  594.0000	             2139
  595.0000	             2282
  596.0000	             2507
  597.0000	             2232
  598.0000	             2247
  599.0000	             2413
  600.0000	             2467
  601.0000	             2482
  602.0000	             2391
  603.0000	             2701
  604.0000	             2807
  605.0000	             2804
  606.0000	             2610
  607.0000	             2865
  608.0000	             2845
  609.0000	             2890
  610.0000	             2916
  611.0000	             3131
  612.0000	             2999
  613.0000	             3007
  614.0000	             3024
  615.0000	             3044
  616.0000	             3037
  617.0000	             3225
  618.0000	             3219
  619.0000	             3180
  620.0000	             3493
  621.0000	             3302
  622.0000	             3193
  623.0000	             3315
  624.0000	             3251
  625.0000	             3035
  626.0000	             3567
  627.0000	             3580
  628.0000	             3169
  629.0000	             3382
  630.0000	             3452
  631.0000	             3470
  632.0000	             3627
  633.0000	             3664
  634.0000	             3623
  635.0000	             3609
  636.0000	             3393
  637.0000	             3398
  638.0000	             3299
  639.0000	             3548
  640.0000	             3322
  641.0000	             3482
  642.0000	             3525
  643.0000	             3407
  644.0000	             3388
  645.0000	             3421
  646.0000	             3350
  647.0000	             3537
  648.0000	             3245
  649.0000	             3167
  650.0000	             3370
  651.0000	             3232
  652.0000	             3209
  653.0000	             3375
  654.0000	             3245
  655.0000	             3099
  656.0000	             3033
  657.0000	             2995
  658.0000	             3150
  659.0000	             2957
  660.0000	             3026
  661.0000	             2778
  662.0000	             2705
  663.0000	             2621
  664.0000	             2770
  665.0000	             2722
  666.0000	             2594
  667.0000	             2534
  668.0000	             2559
  669.0000	             2528
  670.0000	             2538
  671.0000	             2440
  672.0000	             2632
  673.0000	             2452
  674.0000	             2299
  675.0000	             2321
  676.0000	             2185
  677.0000	             2404
  678.0000	             2349
  679.0000	             2360
  680.0000	             2111
  681.0000	             2053
  682.0000	             1930
  683.0000	             1885
  684.0000	             1905
  685.0000	             1910
  686.0000	             1592
  687.0000	             1929
  688.0000	             1845
  689.0000	             1700
  690.0000	             1705
  691.0000	             1824
  692.0000	             1728
  693.0000	             1561
  694.0000	             1645
  695.0000	             1602
  696.0000	             1518
  697.0000	             1631
  698.0000	             1684
  699.0000	             1588
  700.0000	             1652
  701.0000	             1404
  702.0000	             1424
  703.0000	             1425
  704.0000	             1432
  705.0000	             1230
  706.0000	             1258
  707.0000	             1274
  708.0000	             1145
  709.0000	             1012
  710.0000	             1132
  711.0000	             1209
  712.0000	              966
  713.0000	             1031
  714.0000	             1037
  715.0000	             1009
  716.0000	              903
  717.0000	              895
  718.0000	              979
  719.0000	              894
  720.0000	              868
  721.0000	              789
  722.0000	              850
  723.0000	              799
  724.0000	              750
  725.0000	              720
  726.0000	              703
  727.0000	              716
  728.0000	              706
  729.0000	              676
  730.0000	              585
  731.0000	              549
  732.0000	              569
  733.0000	              543
  734.0000	              591
  735.0000	              607
  736.0000	              579
  737.0000	              502
  738.0000	              494
  739.0000	              440
  740.0000	              465
  741.0000	              489
  742.0000	              444
  743.0000	              459
  744.0000	              422
  745.0000	              350
  746.0000	              324
  747.0000	              373
  748.0000	              372
  749.0000	              438
  750.0000	              370
  751.0000	              386
  752.0000	              412
  753.0000	              313
  754.0000	              351
  755.0000	              282
  756.0000	              266
  757.0000	              295
  758.0000	              289
  759.0000	              282
  760.0000	              283
  761.0000	              232
  762.0000	              234
  763.0000	              245
  764.0000	              176
  765.0000	              212
  766.0000	              260
  767.0000	              228
  768.0000	              239
  769.0000	              179
  770.0000	              192
  771.0000	              242
  772.0000	              198
  773.0000	              148
  774.0000	              198
  775.0000	              164
  776.0000	              197
  777.0000	              153
  778.0000	              192
  779.0000	              141
  780.0000	              176
  781.0000	              156
  782.0000	              156
  783.0000	              141
  784.0000	              107
  785.0000	              147
  786.0000	              135
  787.0000	              152
  788.0000	              102
  789.0000	              102
  790.0000	              132
  791.0000	              159
  792.0000	              111
  793.0000	              102
  794.0000	               93
  795.0000	              111
  796.0000	              171
  797.0000	              104
  798.0000	              123
  799.0000	              105
  800.0000	               77
