4.410000000000000000e+02	6.616358526923351580e-01
4.420000000000000000e+02	7.151450553964076029e-01
4.430000000000000000e+02	7.727452712468673157e-01
4.440000000000000000e+02	8.347293391451519051e-01
4.450000000000000000e+02	9.014094507006821244e-01
4.460000000000000000e+02	9.731183052445806503e-01
4.470000000000000000e+02	1.050210324680093121e+00
4.480000000000000000e+02	1.133062930631197895e+00
4.490000000000000000e+02	1.222077886408469816e+00
4.500000000000000000e+02	1.317682706366986700e+00
4.510000000000000000e+02	1.420332135284654962e+00
4.520000000000000000e+02	1.530509700440427334e+00
4.530000000000000000e+02	1.648729339120278414e+00
4.540000000000000000e+02	1.775537104323955839e+00
4.550000000000000000e+02	1.911512951487166045e+00
4.560000000000000000e+02	2.057272609071655545e+00
4.570000000000000000e+02	2.213469535908962005e+00
4.580000000000000000e+02	2.380796968212367748e+00
4.590000000000000000e+02	2.559990059194878764e+00
4.600000000000000000e+02	2.751828114249032620e+00
4.610000000000000000e+02	2.957136924655675791e+00
4.620000000000000000e+02	3.176791202794027047e+00
4.630000000000000000e+02	3.411717121823110599e+00
4.640000000000000000e+02	3.662894962794512654e+00
4.650000000000000000e+02	3.931361872138574576e+00
4.660000000000000000e+02	4.218214732438819503e+00
4.670000000000000000e+02	4.524613149373427845e+00
4.680000000000000000e+02	4.851782557655755390e+00
4.690000000000000000e+02	5.201017448749437833e+00
4.700000000000000000e+02	5.573684723065234436e+00
4.710000000000000000e+02	5.971227169266904333e+00
4.720000000000000000e+02	6.395167073221075249e+00
4.730000000000000000e+02	6.847109959020682091e+00
4.740000000000000000e+02	7.328748464392369044e+00
4.750000000000000000e+02	7.841866352664690787e+00
4.760000000000000000e+02	8.388342663325758508e+00
4.770000000000000000e+02	8.970156003034531977e+00
4.780000000000000000e+02	9.589388978769786576e+00
4.790000000000000000e+02	1.024823277460374982e+01
4.800000000000000000e+02	1.094899187337204971e+01
4.810000000000000000e+02	1.169408892427958335e+01
4.820000000000000000e+02	1.248606975722942281e+01
4.830000000000000000e+02	1.332760854439214704e+01
4.840000000000000000e+02	1.422151310924116707e+01
4.850000000000000000e+02	1.517073038296949505e+01
4.860000000000000000e+02	1.617835200787293815e+01
4.870000000000000000e+02	1.724762008694742477e+01
4.880000000000000000e+02	1.838193307875429028e+01
4.890000000000000000e+02	1.958485183796639362e+01
4.900000000000000000e+02	2.086010581685023624e+01
4.910000000000000000e+02	2.221159956058886209e+01
4.920000000000000000e+02	2.364342044058932402e+01
4.930000000000000000e+02	2.515985351108218993e+01
4.940000000000000000e+02	2.676543591986378345e+01
4.950000000000000000e+02	2.846520850597804397e+01
4.960000000000000000e+02	3.026583713719145052e+01
4.970000000000000000e+02	3.218010487806215281e+01
4.980000000000000000e+02	3.424279816134674803e+01
4.990000000000000000e+02	3.655982826972755362e+01
5.000000000000000000e+02	3.943961696871183165e+01
5.010000000000000000e+02	4.369216127246298953e+01
5.020000000000000000e+02	5.119183608717198553e+01
5.030000000000000000e+02	6.570001070516025266e+01
5.040000000000000000e+02	9.363151601365981946e+01
5.050000000000000000e+02	1.439515582996351668e+02
5.060000000000000000e+02	2.260654087416761513e+02
5.070000000000000000e+02	3.450860558232029689e+02
5.080000000000000000e+02	4.956567480123123346e+02
5.090000000000000000e+02	6.578216711362264277e+02
5.100000000000000000e+02	7.991897329460468882e+02
5.110000000000000000e+02	8.849579869639314893e+02
5.120000000000000000e+02	8.920528897133910959e+02
5.130000000000000000e+02	8.196481272241920806e+02
5.140000000000000000e+02	6.895589343355475194e+02
5.150000000000000000e+02	5.362607892776732115e+02
5.160000000000000000e+02	3.927291107069092959e+02
5.170000000000000000e+02	2.799506723662963168e+02
5.180000000000000000e+02	2.042195658244120864e+02
5.190000000000000000e+02	1.609615723397554916e+02
5.200000000000000000e+02	1.409056216537171906e+02
5.210000000000000000e+02	1.349796300117209000e+02
5.220000000000000000e+02	1.365941363607234109e+02
5.230000000000000000e+02	1.418461886417693449e+02
5.240000000000000000e+02	1.487805587332514961e+02
5.250000000000000000e+02	1.565559147311546724e+02
5.260000000000000000e+02	1.648619157602821019e+02
5.270000000000000000e+02	1.736048847297370514e+02
5.280000000000000000e+02	1.827680713069402429e+02
5.290000000000000000e+02	1.923588664834240092e+02
5.300000000000000000e+02	2.023915742617137994e+02
5.310000000000000000e+02	2.128825029409103990e+02
5.320000000000000000e+02	2.238487361250135450e+02
5.330000000000000000e+02	2.353078613167058677e+02
5.340000000000000000e+02	2.472779169106425172e+02
5.350000000000000000e+02	2.597773827137491480e+02
5.360000000000000000e+02	2.728251776689984354e+02
5.370000000000000000e+02	2.864406581044242444e+02
5.380000000000000000e+02	3.006436153960633533e+02
5.390000000000000000e+02	3.154542728556521638e+02
5.400000000000000000e+02	3.308932817892219873e+02
5.410000000000000000e+02	3.469817166905033901e+02
5.420000000000000000e+02	3.637410695353109418e+02
5.430000000000000000e+02	3.811932431436215438e+02
5.440000000000000000e+02	3.993605435764995377e+02
5.450000000000000000e+02	4.182656715355446977e+02
5.460000000000000000e+02	4.379317127331749475e+02
5.470000000000000000e+02	4.583821272027948908e+02
5.480000000000000000e+02	4.796407375187520756e+02
5.490000000000000000e+02	5.017317158969574393e+02
5.500000000000000000e+02	5.246795701481293008e+02
5.510000000000000000e+02	5.485091284568320589e+02
5.520000000000000000e+02	5.732455229608142417e+02
5.530000000000000000e+02	5.989141721065997217e+02
5.540000000000000000e+02	6.255407617588816720e+02
5.550000000000000000e+02	6.531512250429732376e+02
5.560000000000000000e+02	6.817717209014094806e+02
5.570000000000000000e+02	7.114286113477722893e+02
5.580000000000000000e+02	7.421484374029032551e+02
5.590000000000000000e+02	7.739578937009065385e+02
5.600000000000000000e+02	8.068838017547026311e+02
5.610000000000000000e+02	8.409530818733741171e+02
5.620000000000000000e+02	8.761927237261713799e+02
5.630000000000000000e+02	9.126297555507843526e+02
5.640000000000000000e+02	9.502912120063268731e+02
5.650000000000000000e+02	9.892041006745101868e+02
5.660000000000000000e+02	1.029395367215514398e+03
5.670000000000000000e+02	1.070891859188349372e+03
5.680000000000000000e+02	1.113720288548752023e+03
5.690000000000000000e+02	1.157907192841131291e+03
5.700000000000000000e+02	1.203478895104574576e+03
5.710000000000000000e+02	1.250461462516541360e+03
5.720000000000000000e+02	1.298880663801575565e+03
5.730000000000000000e+02	1.348761925436133197e+03
5.740000000000000000e+02	1.400130286684477142e+03
5.750000000000000000e+02	1.453010353504496379e+03
5.760000000000000000e+02	1.507426251366273846e+03
5.770000000000000000e+02	1.563401577030231920e+03
5.780000000000000000e+02	1.620959349335739489e+03
5.790000000000000000e+02	1.680121959055124762e+03
5.800000000000000000e+02	1.740911117872127079e+03
5.810000000000000000e+02	1.803347806547931441e+03
5.820000000000000000e+02	1.867452222341980132e+03
5.830000000000000000e+02	1.933243725758849678e+03
5.840000000000000000e+02	2.000740786696507712e+03
5.850000000000000000e+02	2.069960930075264514e+03
5.860000000000000000e+02	2.140920681030651849e+03
5.870000000000000000e+02	2.213635509757358250e+03
5.880000000000000000e+02	2.288119776095113593e+03
5.890000000000000000e+02	2.364386673951127250e+03
5.900000000000000000e+02	2.442448175657248612e+03
5.910000000000000000e+02	2.522314976363496044e+03
5.920000000000000000e+02	2.603996438572903571e+03
5.930000000000000000e+02	2.687500536925847882e+03
5.940000000000000000e+02	2.772833803344971784e+03
5.950000000000000000e+02	2.860001272654695185e+03
5.960000000000000000e+02	2.949006428791937651e+03
5.970000000000000000e+02	3.039851151727091292e+03
5.980000000000000000e+02	3.132535665216519646e+03
5.990000000000000000e+02	3.227058485509831826e+03
6.000000000000000000e+02	3.323416371136924681e+03
6.010000000000000000e+02	3.421604273901269153e+03
6.020000000000000000e+02	3.521615291207127484e+03
6.030000000000000000e+02	3.623440619849320683e+03
6.040000000000000000e+02	3.727069511394811798e+03
6.050000000000000000e+02	3.832489229285717101e+03
6.060000000000000000e+02	3.939685007793355908e+03
6.070000000000000000e+02	4.048640012952698726e+03
6.080000000000000000e+02	4.159335305605915892e+03
6.090000000000000000e+02	4.271749806682790222e+03
6.100000000000000000e+02	4.385860264844437552e+03
6.110000000000000000e+02	4.501641226615153755e+03
6.120000000000000000e+02	4.619065009125161851e+03
6.130000000000000000e+02	4.738101675584692202e+03
6.140000000000000000e+02	4.858719013607104898e+03
6.150000000000000000e+02	4.980882516495639720e+03
6.160000000000000000e+02	5.104555367604968524e+03
6.170000000000000000e+02	5.229698427884854937e+03
6.180000000000000000e+02	5.356270226709081726e+03
6.190000000000000000e+02	5.484226956088243242e+03
6.200000000000000000e+02	5.613522468360093626e+03
6.210000000000000000e+02	5.744108277445891872e+03
6.220000000000000000e+02	5.875933563755607793e+03
6.230000000000000000e+02	6.008945182818853027e+03
6.240000000000000000e+02	6.143087677712212098e+03
6.250000000000000000e+02	6.278303295346982850e+03
6.260000000000000000e+02	6.414532006674490731e+03
6.270000000000000000e+02	6.551711530858904553e+03
6.280000000000000000e+02	6.689777363460034394e+03
6.290000000000000000e+02	6.828662808660798873e+03
6.300000000000000000e+02	6.968299015566099115e+03
6.310000000000000000e+02	7.108615018591518492e+03
6.320000000000000000e+02	7.249537781951903526e+03
6.330000000000000000e+02	7.390992248251104684e+03
6.340000000000000000e+02	7.532901391165413770e+03
6.350000000000000000e+02	7.675186272204181478e+03
6.360000000000000000e+02	7.817766101521940982e+03
6.370000000000000000e+02	7.960558302747179368e+03
6.380000000000000000e+02	8.103478581783463596e+03
6.390000000000000000e+02	8.246440999529286273e+03
6.400000000000000000e+02	8.389358048453505035e+03
6.410000000000000000e+02	8.532140732953766928e+03
6.420000000000000000e+02	8.674698653415887748e+03
6.430000000000000000e+02	8.816940093882691144e+03
6.440000000000000000e+02	8.958772113231449111e+03
6.450000000000000000e+02	9.100100639749807669e+03
6.460000000000000000e+02	9.240830568990919346e+03
6.470000000000000000e+02	9.380865864779460026e+03
6.480000000000000000e+02	9.520109663231418381e+03
6.490000000000000000e+02	9.658464379641827691e+03
6.500000000000000000e+02	9.795831818086287967e+03
6.510000000000000000e+02	9.932113283573824447e+03
6.520000000000000000e+02	1.006720969658091235e+04
6.530000000000000000e+02	1.020102170978874528e+04
6.540000000000000000e+02	1.033344982683870148e+04
6.550000000000000000e+02	1.046439452291397720e+04
6.560000000000000000e+02	1.059375636694890454e+04
6.570000000000000000e+02	1.072143614526131387e+04
6.580000000000000000e+02	1.084733498639763093e+04
6.590000000000000000e+02	1.097135448697511310e+04
6.600000000000000000e+02	1.109339683830096146e+04
6.610000000000000000e+02	1.121336495354356157e+04
6.620000000000000000e+02	1.133116259522753717e+04
6.630000000000000000e+02	1.144669450282083744e+04
6.640000000000000000e+02	1.155986652017945562e+04
6.650000000000000000e+02	1.167058572261312656e+04
6.660000000000000000e+02	1.177876054333377215e+04
6.670000000000000000e+02	1.188430089904731904e+04
6.680000000000000000e+02	1.198711831444910604e+04
6.690000000000000000e+02	1.208712604538317100e+04
6.700000000000000000e+02	1.218423920042635291e+04
6.710000000000000000e+02	1.227837486065951816e+04
6.720000000000000000e+02	1.236945219738999731e+04
6.730000000000000000e+02	1.245739258759188306e+04
6.740000000000000000e+02	1.254211972683383101e+04
6.750000000000000000e+02	1.262355973946772428e+04
6.760000000000000000e+02	1.270164128585575600e+04
6.770000000000000000e+02	1.277629566641832025e+04
6.780000000000000000e+02	1.284745692229049200e+04
6.790000000000000000e+02	1.291506193238080778e+04
6.800000000000000000e+02	1.297905050663253496e+04
6.810000000000000000e+02	1.303936547529463132e+04
6.820000000000000000e+02	1.309595277401714338e+04
6.830000000000000000e+02	1.314876152459375771e+04
6.840000000000000000e+02	1.319774411118278476e+04
6.850000000000000000e+02	1.324285625184670971e+04
6.860000000000000000e+02	1.328405706525990900e+04
6.870000000000000000e+02	1.332130913244385010e+04
6.880000000000000000e+02	1.335457855339928028e+04
6.890000000000000000e+02	1.338383499851544912e+04
6.900000000000000000e+02	1.340905175464719832e+04
6.910000000000000000e+02	1.343020576576194981e+04
6.920000000000000000e+02	1.344727766807001899e+04
6.930000000000000000e+02	1.346025181956330925e+04
6.940000000000000000e+02	1.346911632389931037e+04
6.950000000000000000e+02	1.347386304857935829e+04
6.960000000000000000e+02	1.347448763738226444e+04
6.970000000000000000e+02	1.347098951702671002e+04
6.980000000000000000e+02	1.346337189804813897e+04
6.990000000000000000e+02	1.345164176988827239e+04
7.000000000000000000e+02	1.343580989020774905e+04
7.010000000000000000e+02	1.341589076844478041e+04
7.020000000000000000e+02	1.339190264365500116e+04
7.030000000000000000e+02	1.336386745667987634e+04
7.040000000000000000e+02	1.333181081670311505e+04
7.050000000000000000e+02	1.329576196226646789e+04
7.060000000000000000e+02	1.325575371682797413e+04
7.070000000000000000e+02	1.321182243895721331e+04
7.080000000000000000e+02	1.316400796727335364e+04
7.090000000000000000e+02	1.311235356024269822e+04
7.100000000000000000e+02	1.305690583096313094e+04
7.110000000000000000e+02	1.299771467707301781e+04
7.120000000000000000e+02	1.293483320593211101e+04
7.130000000000000000e+02	1.286831765523149625e+04
7.140000000000000000e+02	1.279822730919863898e+04
7.150000000000000000e+02	1.272462441057230353e+04
7.160000000000000000e+02	1.264757406853020984e+04
7.170000000000000000e+02	1.256714416276000520e+04
7.180000000000000000e+02	1.248340524387129699e+04
7.190000000000000000e+02	1.239643043035310438e+04
7.200000000000000000e+02	1.230629530228725162e+04
7.210000000000000000e+02	1.221307779203369682e+04
7.220000000000000000e+02	1.211685807210886014e+04
7.230000000000000000e+02	1.201771844048238199e+04
7.240000000000000000e+02	1.191574320352159702e+04
7.250000000000000000e+02	1.181101855681621964e+04
7.260000000000000000e+02	1.170363246411847649e+04
7.270000000000000000e+02	1.159367453463585662e+04
7.280000000000000000e+02	1.148123589891522352e+04
7.290000000000000000e+02	1.136640908355784450e+04
7.300000000000000000e+02	1.124928788500518021e+04
7.310000000000000000e+02	1.112996724263497708e+04
7.320000000000000000e+02	1.100854311140631398e+04
7.330000000000000000e+02	1.088511233429077220e+04
7.340000000000000000e+02	1.075977251472490570e+04
7.350000000000000000e+02	1.063262188931661149e+04
7.360000000000000000e+02	1.050375920103483804e+04
7.370000000000000000e+02	1.037328357310849606e+04
7.380000000000000000e+02	1.024129438385627873e+04
7.390000000000000000e+02	1.010789114266440629e+04
7.400000000000000000e+02	9.973173367324303399e+03
7.410000000000000000e+02	9.837240462936564654e+03
7.420000000000000000e+02	9.700191602581628104e+03
7.430000000000000000e+02	9.562125609951192018e+03
7.440000000000000000e+02	9.423140844127552555e+03
7.450000000000000000e+02	9.283335086690971366e+03
7.460000000000000000e+02	9.142805431327680708e+03
7.470000000000000000e+02	9.001648176103260994e+03
7.480000000000000000e+02	8.859958718558189503e+03
7.490000000000000000e+02	8.717831453773833346e+03
7.500000000000000000e+02	8.575359675548736050e+03
7.510000000000000000e+02	8.432635480816175914e+03
7.520000000000000000e+02	8.289749677425033951e+03
7.530000000000000000e+02	8.146791695396855175e+03
7.540000000000000000e+02	8.003849501762835644e+03
7.550000000000000000e+02	7.861009519075002572e+03
7.560000000000000000e+02	7.718356547676533410e+03
7.570000000000000000e+02	7.575973691806684656e+03
7.580000000000000000e+02	7.433942289606306986e+03
7.590000000000000000e+02	7.292341847080448133e+03
7.600000000000000000e+02	7.151249976065193550e+03
7.610000000000000000e+02	7.010742336236425217e+03
7.620000000000000000e+02	6.870892581188955774e+03
7.630000000000000000e+02	6.731772308605301077e+03
7.640000000000000000e+02	6.593451014524317543e+03
7.650000000000000000e+02	6.455996051711002110e+03
7.660000000000000000e+02	6.319472592120096124e+03
7.670000000000000000e+02	6.183943593437525124e+03
7.680000000000000000e+02	6.049469769675502903e+03
7.690000000000000000e+02	5.916109565788919099e+03
7.700000000000000000e+02	5.783919136272936157e+03
7.710000000000000000e+02	5.652952327694028099e+03
7.720000000000000000e+02	5.523260665099522157e+03
7.730000000000000000e+02	5.394893342243612096e+03
7.740000000000000000e+02	5.267897215561213670e+03
7.750000000000000000e+02	5.142316801814591599e+03
7.760000000000000000e+02	5.018194279331709367e+03
7.770000000000000000e+02	4.895569492749486926e+03
7.780000000000000000e+02	4.774479961169859962e+03
7.790000000000000000e+02	4.654960889631459395e+03
7.800000000000000000e+02	4.537045183795122284e+03
7.810000000000000000e+02	4.420763467737127030e+03
7.820000000000000000e+02	4.306144104740135845e+03
7.830000000000000000e+02	4.193213220968211317e+03
7.840000000000000000e+02	4.081994731909165694e+03
7.850000000000000000e+02	3.972510371464539276e+03
7.860000000000000000e+02	3.864779723565148743e+03
7.870000000000000000e+02	3.758820256187933410e+03
7.880000000000000000e+02	3.654647357648139405e+03
7.890000000000000000e+02	3.552274375039434290e+03
7.900000000000000000e+02	3.451712654693476452e+03
7.910000000000000000e+02	3.352971584529778738e+03
7.920000000000000000e+02	3.256058638166270612e+03
7.930000000000000000e+02	3.160979420660927644e+03
7.940000000000000000e+02	3.067737715755057252e+03
7.950000000000000000e+02	2.976335534489404381e+03
7.960000000000000000e+02	2.886773165065059402e+03
7.970000000000000000e+02	2.799049223822321437e+03
7.980000000000000000e+02	2.713160707212026409e+03
7.990000000000000000e+02	2.629103044635547576e+03
8.000000000000000000e+02	2.546870152031558064e+03
8.010000000000000000e+02	2.466454486089838610e+03
8.020000000000000000e+02	2.387847098974716118e+03
8.030000000000000000e+02	2.311037693443363423e+03
8.040000000000000000e+02	2.236014678246923268e+03
8.050000000000000000e+02	2.162765223705396693e+03
8.060000000000000000e+02	2.091275317350350633e+03
8.070000000000000000e+02	2.021529819532785041e+03
8.080000000000000000e+02	1.953512518896922074e+03
8.090000000000000000e+02	1.887206187624224413e+03
8.100000000000000000e+02	1.822592636355607738e+03
8.110000000000000000e+02	1.759652768703578886e+03
8.120000000000000000e+02	1.698366635269867174e+03
8.130000000000000000e+02	1.638713487088051124e+03
8.140000000000000000e+02	1.580671828414639322e+03
8.150000000000000000e+02	1.524219468796105048e+03
8.160000000000000000e+02	1.469333574343425425e+03
8.170000000000000000e+02	1.415990718149760369e+03
8.180000000000000000e+02	1.364166929790988434e+03
8.190000000000000000e+02	1.313837743852927588e+03
8.200000000000000000e+02	1.264978247433109573e+03
8.210000000000000000e+02	1.217563126569075848e+03
8.220000000000000000e+02	1.171566711549146703e+03
8.230000000000000000e+02	1.126963021065615749e+03
8.240000000000000000e+02	1.083725805174238985e+03
8.250000000000000000e+02	1.041828587027764343e+03
8.260000000000000000e+02	1.001244703355031220e+03
8.270000000000000000e+02	9.619473436609102919e+02
8.280000000000000000e+02	9.239095881259657972e+02
8.290000000000000000e+02	8.871044441883118452e+02
8.300000000000000000e+02	8.515048817935306715e+02
8.310000000000000000e+02	8.170838673019327416e+02
8.320000000000000000e+02	7.838143960456326340e+02
8.330000000000000000e+02	7.516695235310755834e+02
8.340000000000000000e+02	7.206223952856562391e+02
8.350000000000000000e+02	6.906462753499789642e+02
8.360000000000000000e+02	6.617145734200695415e+02
8.370000000000000000e+02	6.338008706465233217e+02
8.380000000000000000e+02	6.068789441000826628e+02
8.390000000000000000e+02	5.809227899155441719e+02
8.400000000000000000e+02	5.559066451281687478e+02
8.410000000000000000e+02	5.318050082188981378e+02
8.420000000000000000e+02	5.085926583867004069e+02
8.430000000000000000e+02	4.862446735682470376e+02
8.440000000000000000e+02	4.647364472268656641e+02
8.450000000000000000e+02	4.440437039343512993e+02
8.460000000000000000e+02	4.241425137706969508e+02
8.470000000000000000e+02	4.050093055681895180e+02
8.480000000000000000e+02	3.866208790275528600e+02
8.490000000000000000e+02	3.689544157349465081e+02
8.500000000000000000e+02	3.519874891096371812e+02
8.510000000000000000e+02	3.356980733130446879e+02
8.520000000000000000e+02	3.200645511506370440e+02
8.530000000000000000e+02	3.050657209988225418e+02
8.540000000000000000e+02	2.906808027895273199e+02
8.550000000000000000e+02	2.768894430856197459e+02
8.560000000000000000e+02	2.636717192806759158e+02
8.570000000000000000e+02	2.510081429568501790e+02
8.580000000000000000e+02	2.388796624347712054e+02
8.590000000000000000e+02	2.272676645494621539e+02
8.600000000000000000e+02	2.161539756862661079e+02
8.610000000000000000e+02	2.055208621106803264e+02
8.620000000000000000e+02	1.953510296258190522e+02
8.630000000000000000e+02	1.856276225909971060e+02
8.640000000000000000e+02	1.763342223346150490e+02
8.650000000000000000e+02	1.674548449941494823e+02
8.660000000000000000e+02	1.589739388156285145e+02
8.670000000000000000e+02	1.508763809444790809e+02
8.680000000000000000e+02	1.431474737390941527e+02
8.690000000000000000e+02	1.357729406378822432e+02
8.700000000000000000e+02	1.287389216099315661e+02
8.710000000000000000e+02	1.220319682187482471e+02
8.720000000000000000e+02	1.156390383278246787e+02
8.730000000000000000e+02	1.095474904760528716e+02
8.740000000000000000e+02	1.037450779502352987e+02
8.750000000000000000e+02	9.821994258114700926e+01
8.760000000000000000e+02	9.296060828879708993e+01
8.770000000000000000e+02	8.795597440169972003e+01
8.780000000000000000e+02	8.319530877412150005e+01
8.790000000000000000e+02	7.866824072441313831e+01
8.800000000000000000e+02	7.436475381666363660e+01
8.810000000000000000e+02	7.027517850704333569e+01
8.820000000000000000e+02	6.639018467532393686e+01
8.830000000000000000e+02	6.270077406118541319e+01
8.840000000000000000e+02	5.919827262404049861e+01
8.850000000000000000e+02	5.587432284423778839e+01
8.860000000000000000e+02	5.272087598263355801e+01
8.870000000000000000e+02	4.973018431466319811e+01
8.880000000000000000e+02	4.689479335419444794e+01
8.890000000000000000e+02	4.420753408160415887e+01
8.900000000000000000e+02	4.166151518969481771e+01
8.910000000000000000e+02	3.925011536025600378e+01
8.920000000000000000e+02	3.696697558328124700e+01
8.930000000000000000e+02	3.480599153006973268e+01
8.940000000000000000e+02	3.276130599068494575e+01
8.950000000000000000e+02	3.082730138549934296e+01
8.960000000000000000e+02	2.899859235983304018e+01
8.970000000000000000e+02	2.727001846999466750e+01
8.980000000000000000e+02	2.563663696835310901e+01
8.990000000000000000e+02	2.409371569441200478e+01
9.000000000000000000e+02	2.263672607822359595e+01
9.010000000000000000e+02	2.126133626186739889e+01
9.020000000000000000e+02	1.996340434413048825e+01
9.030000000000000000e+02	1.873897175295920547e+01
9.040000000000000000e+02	1.758425674971176988e+01
9.050000000000000000e+02	1.649564806872115241e+01
9.060000000000000000e+02	1.546969869518245666e+01
9.070000000000000000e+02	1.450311978390684331e+01
9.080000000000000000e+02	1.359277472103488726e+01
9.090000000000000000e+02	1.273567333037579630e+01
9.100000000000000000e+02	1.192896622563499953e+01
9.110000000000000000e+02	1.116993930941161750e+01
9.120000000000000000e+02	1.045600841948682636e+01
9.130000000000000000e+02	9.784714122586693819e+00
9.140000000000000000e+02	9.153716655485048648e+00
9.150000000000000000e+02	8.560791013015901285e+00
9.160000000000000000e+02	8.003822182287544607e+00
9.170000000000000000e+02	7.480800522133365327e+00
9.180000000000000000e+02	6.989817286596259116e+00
9.190000000000000000e+02	6.529060291022624973e+00
9.200000000000000000e+02	6.096809719140178885e+00
9.210000000000000000e+02	5.691434069308060728e+00
9.220000000000000000e+02	5.311386237958657830e+00
9.230000000000000000e+02	4.955199738097752160e+00
9.240000000000000000e+02	4.621485050591462418e+00
9.250000000000000000e+02	4.308926105844939514e+00
9.260000000000000000e+02	4.016276893368526224e+00
9.270000000000000000e+02	3.742358196630638734e+00
9.280000000000000000e+02	3.486054450513083491e+00
9.290000000000000000e+02	3.246310718612944513e+00
9.300000000000000000e+02	3.022129787574783233e+00
9.310000000000000000e+02	2.812569375587686160e+00
9.320000000000000000e+02	2.616739452141984223e+00
9.330000000000000000e+02	2.433799666111082338e+00
9.340000000000000000e+02	2.262956879202834504e+00
9.350000000000000000e+02	2.103462801812587379e+00
9.360000000000000000e+02	1.954611728305572838e+00
9.370000000000000000e+02	1.815738368759135080e+00
9.380000000000000000e+02	1.686215774204910423e+00
9.390000000000000000e+02	1.565453352427038647e+00
9.400000000000000000e+02	1.452894971394314005e+00
9.410000000000000000e+02	1.348017147431193496e+00
9.420000000000000000e+02	1.250327315264661676e+00
9.430000000000000000e+02	1.159362177120416337e+00
9.440000000000000000e+02	1.074686128082336101e+00
9.450000000000000000e+02	9.958897549733443100e-01
9.460000000000000000e+02	9.225884060632073558e-01
9.470000000000000000e+02	8.544208289591652683e-01
9.480000000000000000e+02	7.910478740880935167e-01
9.490000000000000000e+02	7.321512612340831394e-01
9.500000000000000000e+02	6.774324066522875443e-01
9.510000000000000000e+02	6.266113083385901339e-01
9.520000000000000000e+02	5.794254870946035085e-01
9.530000000000000000e+02	5.356289810886428748e-01
9.540000000000000000e+02	4.949913916752422538e-01
9.550000000000000000e+02	4.572969782983473119e-01
9.560000000000000000e+02	4.223438003662871587e-01
9.570000000000000000e+02	3.899429040498356702e-01
9.580000000000000000e+02	3.599175520178471976e-01
9.590000000000000000e+02	3.321024941880439951e-01
9.600000000000000000e+02	3.063432776333097629e-01
9.610000000000000000e+02	2.824955938461556348e-01
9.620000000000000000e+02	2.604246616257853697e-01
9.630000000000000000e+02	2.400046439132843823e-01
9.640000000000000000e+02	2.211180969606747482e-01
9.650000000000000000e+02	2.036554502789941767e-01
9.660000000000000000e+02	1.875145158689192071e-01
9.670000000000000000e+02	1.726000252947919589e-01
9.680000000000000000e+02	1.588231932190949380e-01
9.690000000000000000e+02	1.461013060694422716e-01
9.700000000000000000e+02	1.343573345639118288e-01
9.710000000000000000e+02	1.235195688730349739e-01
9.720000000000000000e+02	1.135212752479208415e-01
9.730000000000000000e+02	1.043003729938092594e-01
9.740000000000000000e+02	9.579913071679119208e-02
9.750000000000000000e+02	8.796388081848501017e-02
9.760000000000000000e+02	8.074475125910125783e-02
9.770000000000000000e+02	7.409541365358418563e-02
9.780000000000000000e+02	6.797284680833148851e-02
9.790000000000000000e+02	6.233711484742444214e-02
9.800000000000000000e+02	5.715115911731560860e-02
9.810000000000000000e+02	5.238060309754592747e-02
9.820000000000000000e+02	4.799356958230680675e-02
9.830000000000000000e+02	4.396050943354572194e-02
9.840000000000000000e+02	4.025404124084589613e-02
9.850000000000000000e+02	3.684880125652405941e-02
9.860000000000000000e+02	3.372130300629799099e-02
9.870000000000000000e+02	3.084980600650950519e-02
9.880000000000000000e+02	2.821419304827169766e-02
9.890000000000000000e+02	2.579585553707334014e-02
9.900000000000000000e+02	2.357758640334111852e-02
9.910000000000000000e+02	2.154348012527037767e-02
9.920000000000000000e+02	1.967883942991248067e-02
9.930000000000000000e+02	1.797008826208520982e-02
9.940000000000000000e+02	1.640469063318437254e-02
9.950000000000000000e+02	1.497107498345319303e-02
9.960000000000000000e+02	1.365856371174233724e-02
9.970000000000000000e+02	1.245730754630066869e-02
9.980000000000000000e+02	1.135822444871092615e-02
9.990000000000000000e+02	1.035294276075301306e-02
1.000000000000000000e+03	9.433748320777261137e-03
