4.410000000000000000e+02	1.153988398796824244e+00
4.420000000000000000e+02	1.243485057850468589e+00
4.430000000000000000e+02	1.339526643885312840e+00
4.440000000000000000e+02	1.442559711811705725e+00
4.450000000000000000e+02	1.553058799696085845e+00
4.460000000000000000e+02	1.671527998817996075e+00
4.470000000000000000e+02	1.798502598916150719e+00
4.480000000000000000e+02	1.934550811355460587e+00
4.490000000000000000e+02	2.080275572988563582e+00
4.500000000000000000e+02	2.236316433523360292e+00
4.510000000000000000e+02	2.403351529241990470e+00
4.520000000000000000e+02	2.582099645946153821e+00
4.530000000000000000e+02	2.773322374028539095e+00
4.540000000000000000e+02	2.977826358589377609e+00
4.550000000000000000e+02	3.196465647531103293e+00
4.560000000000000000e+02	3.430144140571499634e+00
4.570000000000000000e+02	3.679818142116827229e+00
4.580000000000000000e+02	3.946499020930138268e+00
4.590000000000000000e+02	4.231255979516232557e+00
4.600000000000000000e+02	4.535218936122626054e+00
4.610000000000000000e+02	4.859581522225373540e+00
4.620000000000000000e+02	5.205604198328422250e+00
4.630000000000000000e+02	5.574617490855763080e+00
4.640000000000000000e+02	5.968025352855168997e+00
4.650000000000000000e+02	6.387308651161580642e+00
4.660000000000000000e+02	6.834028782585352069e+00
4.670000000000000000e+02	7.309831421596023837e+00
4.680000000000000000e+02	7.816450401864747377e+00
4.690000000000000000e+02	8.355711733907778438e+00
4.700000000000000000e+02	8.929537760938609736e+00
4.710000000000000000e+02	9.539951454887320992e+00
4.720000000000000000e+02	1.018908085438117794e+01
4.730000000000000000e+02	1.087916364630035027e+01
4.740000000000000000e+02	1.161255189232676699e+01
4.750000000000000000e+02	1.239171690168994466e+01
4.760000000000000000e+02	1.321925425108384466e+01
4.770000000000000000e+02	1.409788895247945817e+01
4.780000000000000000e+02	1.503048076929074739e+01
4.790000000000000000e+02	1.602002968106547698e+01
4.800000000000000000e+02	1.706968149656641742e+01
4.810000000000000000e+02	1.818273361478303229e+01
4.820000000000000000e+02	1.936264093307416090e+01
4.830000000000000000e+02	2.061302190132789747e+01
4.840000000000000000e+02	2.193766472108140420e+01
4.850000000000000000e+02	2.334053369147043711e+01
4.860000000000000000e+02	2.482577572622696493e+01
4.870000000000000000e+02	2.639772720658843497e+01
4.880000000000000000e+02	2.806092212572922406e+01
4.890000000000000000e+02	2.982010648710983958e+01
4.900000000000000000e+02	3.168028219256411759e+01
4.910000000000000000e+02	3.364687838819503440e+01
4.920000000000000000e+02	3.572642086279290652e+01
4.930000000000000000e+02	3.792895068824316951e+01
4.940000000000000000e+02	4.027593426430909318e+01
4.950000000000000000e+02	4.282347057301509352e+01
4.960000000000000000e+02	4.572290787008126500e+01
4.970000000000000000e+02	4.936039912746471003e+01
4.980000000000000000e+02	5.463572597407460307e+01
4.990000000000000000e+02	6.343252928853780759e+01
5.000000000000000000e+02	7.924893738899804418e+01
5.010000000000000000e+02	1.077557778344514077e+02
5.020000000000000000e+02	1.567597382824022247e+02
5.030000000000000000e+02	2.348576422786235298e+02
5.040000000000000000e+02	3.483033849828394182e+02
5.050000000000000000e+02	4.965136766655401743e+02
5.060000000000000000e+02	6.679887587534910836e+02
5.070000000000000000e+02	8.393444701422343996e+02
5.080000000000000000e+02	9.795483828624351190e+02
5.090000000000000000e+02	1.059005274340195683e+03
5.100000000000000000e+02	1.060031549504206396e+03
5.110000000000000000e+02	9.836814151300291087e+02
5.120000000000000000e+02	8.493346650550631693e+02
5.130000000000000000e+02	6.872680720938827790e+02
5.140000000000000000e+02	5.280948355626933335e+02
5.150000000000000000e+02	3.940747140481105930e+02
5.160000000000000000e+02	2.954619865628367279e+02
5.170000000000000000e+02	2.319250801890906644e+02
5.180000000000000000e+02	1.967893563408636624e+02
5.190000000000000000e+02	1.814481126030669316e+02
5.200000000000000000e+02	1.783068574068415444e+02
5.210000000000000000e+02	1.819599599470857072e+02
5.220000000000000000e+02	1.891325570912648004e+02
5.230000000000000000e+02	1.980953587973216372e+02
5.240000000000000000e+02	2.080444622827440355e+02
5.250000000000000000e+02	2.186520862013110502e+02
5.260000000000000000e+02	2.298053899209032238e+02
5.270000000000000000e+02	2.414778139828545704e+02
5.280000000000000000e+02	2.536739697440694670e+02
5.290000000000000000e+02	2.664088096270675123e+02
5.300000000000000000e+02	2.797006152468637765e+02
5.310000000000000000e+02	2.935688814386147101e+02
5.320000000000000000e+02	3.080337405315721071e+02
5.330000000000000000e+02	3.231158195512057887e+02
5.340000000000000000e+02	3.388362063318613195e+02
5.350000000000000000e+02	3.552164398446148539e+02
5.360000000000000000e+02	3.722785048463926501e+02
5.370000000000000000e+02	3.900448266183971668e+02
5.380000000000000000e+02	4.085382649583901298e+02
5.390000000000000000e+02	4.277821072550831332e+02
5.400000000000000000e+02	4.478000605903582709e+02
5.410000000000000000e+02	4.686162428342731801e+02
5.420000000000000000e+02	4.902551727011415892e+02
5.430000000000000000e+02	5.127417587360630478e+02
5.440000000000000000e+02	5.361012872021564135e+02
5.450000000000000000e+02	5.603594088397112500e+02
5.460000000000000000e+02	5.855421244695181713e+02
5.470000000000000000e+02	6.116757694138348143e+02
5.480000000000000000e+02	6.387869967097217341e+02
5.490000000000000000e+02	6.669027590909058745e+02
5.500000000000000000e+02	6.960502897158671658e+02
5.510000000000000000e+02	7.262570816214911247e+02
5.520000000000000000e+02	7.575508658834213520e+02
5.530000000000000000e+02	7.899595884661506489e+02
5.540000000000000000e+02	8.235113857479038870e+02
5.550000000000000000e+02	8.582345587075509457e+02
5.560000000000000000e+02	8.941575457630214032e+02
5.570000000000000000e+02	9.313088942531340990e+02
5.580000000000000000e+02	9.697172305572540836e+02
5.590000000000000000e+02	1.009411228849825761e+03
5.600000000000000000e+02	1.050419578489609876e+03
5.610000000000000000e+02	1.092770950046310418e+03
5.620000000000000000e+02	1.136493959970258402e+03
5.630000000000000000e+02	1.181617133913941188e+03
5.640000000000000000e+02	1.228168868717325267e+03
5.650000000000000000e+02	1.276177393072250425e+03
5.660000000000000000e+02	1.325670726884562328e+03
5.670000000000000000e+02	1.376676639356112446e+03
5.680000000000000000e+02	1.429222605812351503e+03
5.690000000000000000e+02	1.483335763304875172e+03
5.700000000000000000e+02	1.539042865021978514e+03
5.710000000000000000e+02	1.596370233544097346e+03
5.720000000000000000e+02	1.655343712984800050e+03
5.730000000000000000e+02	1.715988620061913707e+03
5.740000000000000000e+02	1.778329694147268810e+03
5.750000000000000000e+02	1.842391046347495603e+03
5.760000000000000000e+02	1.908196107672294602e+03
5.770000000000000000e+02	1.975767576350546506e+03
5.780000000000000000e+02	2.045127364358642353e+03
5.790000000000000000e+02	2.116296543229359941e+03
5.800000000000000000e+02	2.189295289213558135e+03
5.810000000000000000e+02	2.264142827870876317e+03
5.820000000000000000e+02	2.340857378169479489e+03
5.830000000000000000e+02	2.419456096178718326e+03
5.840000000000000000e+02	2.499955018442273285e+03
5.850000000000000000e+02	2.582369005123038278e+03
5.860000000000000000e+02	2.666711683014526898e+03
5.870000000000000000e+02	2.752995388517071660e+03
5.880000000000000000e+02	2.841231110680357688e+03
5.890000000000000000e+02	2.931428434417091012e+03
5.900000000000000000e+02	3.023595483995585710e+03
5.910000000000000000e+02	3.117738866921978570e+03
5.920000000000000000e+02	3.213863618325493917e+03
5.930000000000000000e+02	3.311973145962667331e+03
5.940000000000000000e+02	3.412069175958809410e+03
5.950000000000000000e+02	3.514151699407082560e+03
5.960000000000000000e+02	3.618218919947461927e+03
5.970000000000000000e+02	3.724267202449502292e+03
5.980000000000000000e+02	3.832291022924247500e+03
5.990000000000000000e+02	3.942282919791772201e+03
6.000000000000000000e+02	4.054233446631720199e+03
6.010000000000000000e+02	4.168131126544811195e+03
6.020000000000000000e+02	4.283962408253590183e+03
6.030000000000000000e+02	4.401711624070726430e+03
6.040000000000000000e+02	4.521360949862859343e+03
6.050000000000000000e+02	4.642890367137387329e+03
6.060000000000000000e+02	4.766277627378662146e+03
6.070000000000000000e+02	4.891498218758795701e+03
6.080000000000000000e+02	5.018525335346705106e+03
6.090000000000000000e+02	5.147329848937050883e+03
6.100000000000000000e+02	5.277880283618514113e+03
6.110000000000000000e+02	5.410142793198160689e+03
6.120000000000000000e+02	5.544081141595755071e+03
6.130000000000000000e+02	5.679656686318481661e+03
6.140000000000000000e+02	5.816828365122969444e+03
6.150000000000000000e+02	5.955552685967390971e+03
6.160000000000000000e+02	6.095783720352166711e+03
6.170000000000000000e+02	6.237473100142984549e+03
6.180000000000000000e+02	6.380570017964930230e+03
6.190000000000000000e+02	6.525021231251052086e+03
6.200000000000000000e+02	6.670771070023049106e+03
6.210000000000000000e+02	6.817761448475741417e+03
6.220000000000000000e+02	6.965931880430654928e+03
6.230000000000000000e+02	7.115219498717429815e+03
6.240000000000000000e+02	7.265559078534879518e+03
6.250000000000000000e+02	7.416883064836281847e+03
6.260000000000000000e+02	7.569121603776117809e+03
6.270000000000000000e+02	7.722202578247696692e+03
6.280000000000000000e+02	7.876051647533235155e+03
6.290000000000000000e+02	8.030592291079770803e+03
6.300000000000000000e+02	8.185745856405977065e+03
6.310000000000000000e+02	8.341431611136407810e+03
6.320000000000000000e+02	8.497566799150992665e+03
6.330000000000000000e+02	8.654066700828816465e+03
6.340000000000000000e+02	8.810844697356231336e+03
6.350000000000000000e+02	8.967812339060299564e+03
6.360000000000000000e+02	9.124879417719488629e+03
6.370000000000000000e+02	9.281954042794304769e+03
6.380000000000000000e+02	9.438942721511350101e+03
6.390000000000000000e+02	9.595750442725146058e+03
6.400000000000000000e+02	9.752280764472747251e+03
6.410000000000000000e+02	9.908435905127156730e+03
6.420000000000000000e+02	1.006411683804636232e+04
6.430000000000000000e+02	1.021922338960588968e+04
6.440000000000000000e+02	1.037365434049388205e+04
6.450000000000000000e+02	1.052730753013901631e+04
6.460000000000000000e+02	1.068007996413297042e+04
6.470000000000000000e+02	1.083186792450089524e+04
6.480000000000000000e+02	1.098256708266509122e+04
6.490000000000000000e+02	1.113207261493936858e+04
6.500000000000000000e+02	1.128027932038380459e+04
6.510000000000000000e+02	1.142708174084243910e+04
6.520000000000000000e+02	1.157237428297935185e+04
6.530000000000000000e+02	1.171605134212201483e+04
6.540000000000000000e+02	1.185800742771446494e+04
6.550000000000000000e+02	1.199813729017697733e+04
6.560000000000000000e+02	1.213633604896346696e+04
6.570000000000000000e+02	1.227249932160273602e+04
6.580000000000000000e+02	1.240652335350513931e+04
6.590000000000000000e+02	1.253830514831203982e+04
6.600000000000000000e+02	1.266774259856182834e+04
6.610000000000000000e+02	1.279473461644307099e+04
6.620000000000000000e+02	1.291918126440272499e+04
6.630000000000000000e+02	1.304098388537520623e+04
6.640000000000000000e+02	1.316004523239654191e+04
6.650000000000000000e+02	1.327626959736674326e+04
6.660000000000000000e+02	1.338956293872305469e+04
6.670000000000000000e+02	1.349983300778682678e+04
6.680000000000000000e+02	1.360698947354731899e+04
6.690000000000000000e+02	1.371094404564700562e+04
6.700000000000000000e+02	1.381161059533462685e+04
6.710000000000000000e+02	1.390890527415469114e+04
6.720000000000000000e+02	1.400274663014486396e+04
6.730000000000000000e+02	1.409305572131629560e+04
6.740000000000000000e+02	1.417975622619585920e+04
6.750000000000000000e+02	1.426277455121387720e+04
6.760000000000000000e+02	1.434203993472604634e+04
6.770000000000000000e+02	1.441748454746391326e+04
6.780000000000000000e+02	1.448904358921436142e+04
6.790000000000000000e+02	1.455665538153540547e+04
6.800000000000000000e+02	1.462026145632258340e+04
6.810000000000000000e+02	1.467980664004802202e+04
6.820000000000000000e+02	1.473523913350231669e+04
6.830000000000000000e+02	1.478651058687789737e+04
6.840000000000000000e+02	1.483357617004157692e+04
6.850000000000000000e+02	1.487639463785332373e+04
6.860000000000000000e+02	1.491492839039799765e+04
6.870000000000000000e+02	1.494914352800699999e+04
6.880000000000000000e+02	1.497900990095705311e+04
6.890000000000000000e+02	1.500450115374416782e+04
6.900000000000000000e+02	1.502559476384178015e+04
6.910000000000000000e+02	1.504227207486324914e+04
6.920000000000000000e+02	1.505451832406037465e+04
6.930000000000000000e+02	1.506232266410120792e+04
6.940000000000000000e+02	1.506567817908216421e+04
6.950000000000000000e+02	1.506458189474135361e+04
6.960000000000000000e+02	1.505903478285203892e+04
6.970000000000000000e+02	1.504904175978708918e+04
6.980000000000000000e+02	1.503461167925745212e+04
6.990000000000000000e+02	1.501575731923961757e+04
7.000000000000000000e+02	1.499249536311910924e+04
7.010000000000000000e+02	1.496484637508895867e+04
7.020000000000000000e+02	1.493283476985393827e+04
7.030000000000000000e+02	1.489648877670304500e+04
7.040000000000000000e+02	1.485584039802421830e+04
7.050000000000000000e+02	1.481092536234668114e+04
7.060000000000000000e+02	1.476178307200729614e+04
7.070000000000000000e+02	1.470845654554828980e+04
7.080000000000000000e+02	1.465099235496420260e+04
7.090000000000000000e+02	1.458944055792620566e+04
7.100000000000000000e+02	1.452385462512181766e+04
7.110000000000000000e+02	1.445429136285770073e+04
7.120000000000000000e+02	1.438081083108228449e+04
7.130000000000000000e+02	1.430347625699380114e+04
7.140000000000000000e+02	1.422235394440766322e+04
7.150000000000000000e+02	1.413751317906494660e+04
7.160000000000000000e+02	1.404902613007121545e+04
7.170000000000000000e+02	1.395696774766185808e+04
7.180000000000000000e+02	1.386141565749647816e+04
7.190000000000000000e+02	1.376245005169087381e+04
7.200000000000000000e+02	1.366015357680050511e+04
7.210000000000000000e+02	1.355461121897415615e+04
7.220000000000000000e+02	1.344591018650089063e+04
7.230000000000000000e+02	1.333413978997701815e+04
7.240000000000000000e+02	1.321939132032312409e+04
7.250000000000000000e+02	1.310175792488369916e+04
7.260000000000000000e+02	1.298133448184403460e+04
7.270000000000000000e+02	1.285821747320050781e+04
7.280000000000000000e+02	1.273250485652127645e+04
7.290000000000000000e+02	1.260429593573477359e+04
7.300000000000000000e+02	1.247369123118317839e+04
7.310000000000000000e+02	1.234079234917724170e+04
7.320000000000000000e+02	1.220570185128754019e+04
7.330000000000000000e+02	1.206852312360539509e+04
7.340000000000000000e+02	1.192936024620426542e+04
7.350000000000000000e+02	1.178831786302955334e+04
7.360000000000000000e+02	1.164550105244131191e+04
7.370000000000000000e+02	1.150101519863051362e+04
7.380000000000000000e+02	1.135496586412509896e+04
7.390000000000000000e+02	1.120745866359719003e+04
7.400000000000000000e+02	1.105859913917771155e+04
7.410000000000000000e+02	1.090849263747878285e+04
7.420000000000000000e+02	1.075724418851833980e+04
7.430000000000000000e+02	1.060495838673486105e+04
7.440000000000000000e+02	1.045173927427335002e+04
7.450000000000000000e+02	1.029769022671648054e+04
7.460000000000000000e+02	1.014291384142744755e+04
7.470000000000000000e+02	9.987511828663264168e+03
7.480000000000000000e+02	9.831584905609255657e+03
7.490000000000000000e+02	9.675232693477262728e+03
7.500000000000000000e+02	9.518553617801650034e+03
7.510000000000000000e+02	9.361644812058499156e+03
7.520000000000000000e+02	9.204602024724661533e+03
7.530000000000000000e+02	9.047519529884379153e+03
7.540000000000000000e+02	8.890490041482122251e+03
7.550000000000000000e+02	8.733604631311218327e+03
7.560000000000000000e+02	8.576952650818664551e+03
7.570000000000000000e+02	8.420621656797262403e+03
7.580000000000000000e+02	8.264697341027078437e+03
7.590000000000000000e+02	8.109263463918963680e+03
7.600000000000000000e+02	7.954401792203768309e+03
7.610000000000000000e+02	7.800192040701741462e+03
7.620000000000000000e+02	7.646711818197676621e+03
7.630000000000000000e+02	7.494036577438377208e+03
7.640000000000000000e+02	7.342239569260358621e+03
7.650000000000000000e+02	7.191391800846991828e+03
7.660000000000000000e+02	7.041561998105941711e+03
7.670000000000000000e+02	6.892816572149425156e+03
7.680000000000000000e+02	6.745219589851852106e+03
7.690000000000000000e+02	6.598832748451509360e+03
7.700000000000000000e+02	6.453715354155464411e+03
7.710000000000000000e+02	6.309924304699447930e+03
7.720000000000000000e+02	6.167514075807517656e+03
7.730000000000000000e+02	6.026536711489454319e+03
7.740000000000000000e+02	5.887041818107423751e+03
7.750000000000000000e+02	5.749076562137236579e+03
7.760000000000000000e+02	5.612685671543700664e+03
7.770000000000000000e+02	5.477911440683992623e+03
7.780000000000000000e+02	5.344793738647815189e+03
7.790000000000000000e+02	5.213370020938192283e+03
7.800000000000000000e+02	5.083675344392261650e+03
7.810000000000000000e+02	4.955742385237179406e+03
7.820000000000000000e+02	4.829601460172500992e+03
7.830000000000000000e+02	4.705280550366810530e+03
7.840000000000000000e+02	4.582805328253292828e+03
7.850000000000000000e+02	4.462199187006117427e+03
7.860000000000000000e+02	4.343483272577092066e+03
7.870000000000000000e+02	4.226676518169854717e+03
7.880000000000000000e+02	4.111795681027218052e+03
7.890000000000000000e+02	3.998855381405772278e+03
7.900000000000000000e+02	3.887868143610774041e+03
7.910000000000000000e+02	3.778844438963616085e+03
7.920000000000000000e+02	3.671792730573665722e+03
7.930000000000000000e+02	3.566719519786158799e+03
7.940000000000000000e+02	3.463629394177971335e+03
7.950000000000000000e+02	3.362525076973578507e+03
7.960000000000000000e+02	3.263407477754222327e+03
7.970000000000000000e+02	3.166275744334333012e+03
7.980000000000000000e+02	3.071127315680534593e+03
7.990000000000000000e+02	2.977957975750101923e+03
8.000000000000000000e+02	2.886761908127491097e+03
8.010000000000000000e+02	2.797531751339583479e+03
8.020000000000000000e+02	2.710258654732502691e+03
8.030000000000000000e+02	2.624932334795294992e+03
8.040000000000000000e+02	2.541541131818359190e+03
8.050000000000000000e+02	2.460072066777354394e+03
8.060000000000000000e+02	2.380510898336229275e+03
8.070000000000000000e+02	2.302842179866171136e+03
8.080000000000000000e+02	2.227049316380536766e+03
8.090000000000000000e+02	2.153114621289176739e+03
8.100000000000000000e+02	2.081019372879112325e+03
8.110000000000000000e+02	2.010743870432112772e+03
8.120000000000000000e+02	1.942267489893399443e+03
8.130000000000000000e+02	1.875568739009511546e+03
8.140000000000000000e+02	1.810625311857158522e+03
8.150000000000000000e+02	1.747414142688811808e+03
8.160000000000000000e+02	1.685911459024699070e+03
8.170000000000000000e+02	1.626092833924815750e+03
8.180000000000000000e+02	1.567933237378544163e+03
8.190000000000000000e+02	1.511407086753469912e+03
8.200000000000000000e+02	1.456488296248929373e+03
8.210000000000000000e+02	1.403150325303805175e+03
8.220000000000000000e+02	1.351366225912011259e+03
8.230000000000000000e+02	1.301108688803021096e+03
8.240000000000000000e+02	1.252350088448646147e+03
8.250000000000000000e+02	1.205062526861071774e+03
8.260000000000000000e+02	1.159217876150926031e+03
8.270000000000000000e+02	1.114787819817827540e+03
8.280000000000000000e+02	1.071743892749454290e+03
8.290000000000000000e+02	1.030057519908730228e+03
8.300000000000000000e+02	9.897000536921426601e+02
8.310000000000000000e+02	9.506428099455642950e+02
8.320000000000000000e+02	9.128571026271880555e+02
8.330000000000000000e+02	8.763142771103663335e+02
8.340000000000000000e+02	8.409857421221322511e+02
8.350000000000000000e+02	8.068430003161707873e+02
8.360000000000000000e+02	7.738576774817788646e+02
8.370000000000000000e+02	7.420015503930742398e+02
8.380000000000000000e+02	7.112465733053070380e+02
8.390000000000000000e+02	6.815649031075557787e+02
8.400000000000000000e+02	6.529289231434653402e+02
8.410000000000000000e+02	6.253112657138782424e+02
8.420000000000000000e+02	5.986848332773072343e+02
8.430000000000000000e+02	5.730228183661722596e+02
8.440000000000000000e+02	5.482987222385614814e+02
8.450000000000000000e+02	5.244863722869976073e+02
8.460000000000000000e+02	5.015599382272936850e+02
8.470000000000000000e+02	4.794939470920498934e+02
8.480000000000000000e+02	4.582632970547031732e+02
8.490000000000000000e+02	4.378432701112801624e+02
8.500000000000000000e+02	4.182095436481142769e+02
8.510000000000000000e+02	3.993382009248056193e+02
8.520000000000000000e+02	3.812057405025830690e+02
8.530000000000000000e+02	3.637890846490197418e+02
8.540000000000000000e+02	3.470655867507291532e+02
8.550000000000000000e+02	3.310130377662353567e+02
8.560000000000000000e+02	3.156096717516928152e+02
8.570000000000000000e+02	3.008341704925038016e+02
8.580000000000000000e+02	2.866656672741602847e+02
8.590000000000000000e+02	2.730837498258340474e+02
8.600000000000000000e+02	2.600684624703453096e+02
8.610000000000000000e+02	2.476003075141560430e+02
8.620000000000000000e+02	2.356602459109913923e+02
8.630000000000000000e+02	2.242296972325506204e+02
8.640000000000000000e+02	2.132905389795728581e+02
8.650000000000000000e+02	2.028251052662593565e+02
8.660000000000000000e+02	1.928161849107111152e+02
8.670000000000000000e+02	1.832470189636625264e+02
8.680000000000000000e+02	1.741012977073374941e+02
8.690000000000000000e+02	1.653631571557593816e+02
8.700000000000000000e+02	1.570171750873038832e+02
8.710000000000000000e+02	1.490483666396891920e+02
8.720000000000000000e+02	1.414421794969751716e+02
8.730000000000000000e+02	1.341844886974718918e+02
8.740000000000000000e+02	1.272615910907632610e+02
8.750000000000000000e+02	1.206601994713214197e+02
8.760000000000000000e+02	1.143674364154328345e+02
8.770000000000000000e+02	1.083708278473832678e+02
8.780000000000000000e+02	1.026582963600454264e+02
8.790000000000000000e+02	9.721815431420944265e+01
8.800000000000000000e+02	9.203909674015946507e+01
8.810000000000000000e+02	8.711019406416920674e+01
8.820000000000000000e+02	8.242088468174030425e+01
8.830000000000000000e+02	7.796096739855755686e+01
8.840000000000000000e+02	7.372059375928101588e+01
8.850000000000000000e+02	6.969026028343967027e+01
8.860000000000000000e+02	6.586080062684052905e+01
8.870000000000000000e+02	6.222337768605535757e+01
8.880000000000000000e+02	5.876947566270729340e+01
8.890000000000000000e+02	5.549089210344089906e+01
8.900000000000000000e+02	5.237972993063643656e+01
8.910000000000000000e+02	4.942838947811048200e+01
8.920000000000000000e+02	4.662956054524596539e+01
8.930000000000000000e+02	4.397621448220359497e+01
8.940000000000000000e+02	4.146159631809397439e+01
8.950000000000000000e+02	3.907921694323340489e+01
8.960000000000000000e+02	3.682284535586439489e+01
8.970000000000000000e+02	3.468650098300276596e+01
8.980000000000000000e+02	3.266444608436874830e+01
8.990000000000000000e+02	3.075117824767787766e+01
9.000000000000000000e+02	2.894142298290467252e+01
9.010000000000000000e+02	2.723012642249156201e+01
9.020000000000000000e+02	2.561244813385391694e+01
9.030000000000000000e+02	2.408375404993574165e+01
9.040000000000000000e+02	2.263960952299348151e+01
9.050000000000000000e+02	2.127577250623070171e+01
9.060000000000000000e+02	1.998818686737661920e+01
9.070000000000000000e+02	1.877297583778977952e+01
9.080000000000000000e+02	1.762643560018307198e+01
9.090000000000000000e+02	1.654502901760047351e+01
9.100000000000000000e+02	1.552537950583345605e+01
9.110000000000000000e+02	1.456426505104435520e+01
9.120000000000000000e+02	1.365861237396464567e+01
9.130000000000000000e+02	1.280549124165842301e+01
9.140000000000000000e+02	1.200210892748450675e+01
9.150000000000000000e+02	1.124580481955462652e+01
9.160000000000000000e+02	1.053404517766885107e+01
9.170000000000000000e+02	9.864418038413807821e+00
9.180000000000000000e+02	9.234628267831778814e+00
9.190000000000000000e+02	8.642492760811149921e+00
9.200000000000000000e+02	8.085935786108704448e+00
9.210000000000000000e+02	7.562984475692248409e+00
9.220000000000000000e+02	7.071764456887111194e+00
9.230000000000000000e+02	6.610495625621811477e+00
9.240000000000000000e+02	6.177488058896024370e+00
9.250000000000000000e+02	5.771138064436945214e+00
9.260000000000000000e+02	5.389924365368284676e+00
9.270000000000000000e+02	5.032404417588431045e+00
9.280000000000000000e+02	4.697210857439938714e+00
9.290000000000000000e+02	4.383048077151632249e+00
9.300000000000000000e+02	4.088688925445828737e+00
9.310000000000000000e+02	3.812971530626394046e+00
9.320000000000000000e+02	3.554796243397614131e+00
9.330000000000000000e+02	3.313122696609216433e+00
9.340000000000000000e+02	3.086966979077725437e+00
9.350000000000000000e+02	2.875398920599221864e+00
9.360000000000000000e+02	2.677539485242209416e+00
9.370000000000000000e+02	2.492558269991349107e+00
9.380000000000000000e+02	2.319671105802874944e+00
9.390000000000000000e+02	2.158137758129828221e+00
9.400000000000000000e+02	2.007259723979625488e+00
9.410000000000000000e+02	1.866378122577104781e+00
9.420000000000000000e+02	1.734871676722775202e+00
9.430000000000000000e+02	1.612154781958228922e+00
9.440000000000000000e+02	1.497675660677642240e+00
9.450000000000000000e+02	1.390914598356163046e+00
9.460000000000000000e+02	1.291382259101915286e+00
9.470000000000000000e+02	1.198618077778118129e+00
9.480000000000000000e+02	1.112188725985069127e+00
9.490000000000000000e+02	1.031686649238072517e+00
9.500000000000000000e+02	9.567286727264467938e-01
9.510000000000000000e+02	8.869546730902737597e-01
9.520000000000000000e+02	8.220263137052059577e-01
9.530000000000000000e+02	7.616258410210534624e-01
9.540000000000000000e+02	7.054549395569579273e-01
9.550000000000000000e+02	6.532336432142256122e-01
9.560000000000000000e+02	6.046993006273244653e-01
9.570000000000000000e+02	5.596055923336886728e-01
9.580000000000000000e+02	5.177215976038166412e-01
9.590000000000000000e+02	4.788309088343776221e-01
9.600000000000000000e+02	4.427307914684415202e-01
9.610000000000000000e+02	4.092313874684724295e-01
9.620000000000000000e+02	3.781549604290891375e-01
9.630000000000000000e+02	3.493351804777027336e-01
9.640000000000000000e+02	3.226164471718802607e-01
9.650000000000000000e+02	2.978532486624518860e-01
9.660000000000000000e+02	2.749095554509687345e-01
9.670000000000000000e+02	2.536582471289053897e-01
9.680000000000000000e+02	2.339805705440002881e-01
9.690000000000000000e+02	2.157656278961982144e-01
9.700000000000000000e+02	1.989098933217012533e-01
9.710000000000000000e+02	1.833167565786840980e-01
9.720000000000000000e+02	1.688960925020790149e-01
9.730000000000000000e+02	1.555638549475865107e-01
9.740000000000000000e+02	1.432416939965675262e-01
9.750000000000000000e+02	1.318565952437199540e-01
9.760000000000000000e+02	1.213405400384390681e-01
9.770000000000000000e+02	1.116301855984236924e-01
9.780000000000000000e+02	1.026665639604456837e-01
9.790000000000000000e+02	9.439479877821925491e-02
9.800000000000000000e+02	8.676383902096954093e-02
9.810000000000000000e+02	7.972620866863870670e-02
9.820000000000000000e+02	7.323777154062464934e-02
9.830000000000000000e+02	6.725751043459184120e-02
9.840000000000000000e+02	6.174731979018359407e-02
9.850000000000000000e+02	5.667181112942699245e-02
9.860000000000000000e+02	5.199813056128722855e-02
9.870000000000000000e+02	4.769578767217408366e-02
9.880000000000000000e+02	4.373649515729324810e-02
9.890000000000000000e+02	4.009401857955138121e-02
9.900000000000000000e+02	3.674403567331079035e-02
9.910000000000000000e+02	3.366400463967084145e-02
9.920000000000000000e+02	3.083304090813641235e-02
9.930000000000000000e+02	2.823180186657077775e-02
9.940000000000000000e+02	2.584237908722968741e-02
9.950000000000000000e+02	2.364819760146951236e-02
9.960000000000000000e+02	2.163392179945244562e-02
9.970000000000000000e+02	1.978536755384984261e-02
9.980000000000000000e+02	1.808942018821906028e-02
9.990000000000000000e+02	1.653395793141518300e-02
1.000000000000000000e+03	1.510778051913753452e-02
