4.410000000000000000e+02	5.796910515160812238e+00
4.420000000000000000e+02	6.208997763348429899e+00
4.430000000000000000e+02	6.648541264325945832e+00
4.440000000000000000e+02	7.117233132695548470e+00
4.450000000000000000e+02	7.616860000903146855e+00
4.460000000000000000e+02	8.149307637926685999e+00
4.470000000000000000e+02	8.716565751100965542e+00
4.480000000000000000e+02	9.320732975695708689e+00
4.490000000000000000e+02	9.964022056811618455e+00
4.500000000000000000e+02	1.064876522809221804e+01
4.510000000000000000e+02	1.137741979166844786e+01
4.520000000000000000e+02	1.215257390365546719e+01
4.530000000000000000e+02	1.297695256940758846e+01
4.540000000000000000e+02	1.385342385260635290e+01
4.550000000000000000e+02	1.478500530210692965e+01
4.560000000000000000e+02	1.577487060030013666e+01
4.570000000000000000e+02	1.682635643655812174e+01
4.580000000000000000e+02	1.794296960912302552e+01
4.590000000000000000e+02	1.912839435856628612e+01
4.600000000000000000e+02	2.038649993569266528e+01
4.610000000000000000e+02	2.172134840648584486e+01
4.620000000000000000e+02	2.313720269639076221e+01
4.630000000000000000e+02	2.463853487590112579e+01
4.640000000000000000e+02	2.623003468906804869e+01
4.650000000000000000e+02	2.791661832616583183e+01
4.660000000000000000e+02	2.970343744134425634e+01
4.670000000000000000e+02	3.159588841566124628e+01
4.680000000000000000e+02	3.359962186542536955e+01
4.690000000000000000e+02	3.572055239528349091e+01
4.700000000000000000e+02	3.796486859496518917e+01
4.710000000000000000e+02	4.033904327803878687e+01
4.720000000000000000e+02	4.284984396044894339e+01
4.730000000000000000e+02	4.550434357598551571e+01
4.740000000000000000e+02	4.830993142518311600e+01
4.750000000000000000e+02	5.127432435346651118e+01
4.760000000000000000e+02	5.440557815364116578e+01
4.770000000000000000e+02	5.771209918707621256e+01
4.780000000000000000e+02	6.120265621714639082e+01
4.790000000000000000e+02	6.488639244767972514e+01
4.800000000000000000e+02	6.877283775831025991e+01
4.810000000000000000e+02	7.287192112774974362e+01
4.820000000000000000e+02	7.719398323507653004e+01
4.830000000000000000e+02	8.174978922819182969e+01
4.840000000000000000e+02	8.655054164760996116e+01
4.850000000000000000e+02	9.160789349274034521e+01
4.860000000000000000e+02	9.693396141677490618e+01
4.870000000000000000e+02	1.025413390352674412e+02
4.880000000000000000e+02	1.084431103328533936e+02
4.890000000000000000e+02	1.146528631560395013e+02
4.900000000000000000e+02	1.211847028193739249e+02
4.910000000000000000e+02	1.280532661686407607e+02
4.920000000000000000e+02	1.352737386529108221e+02
4.930000000000000000e+02	1.428618905757626862e+02
4.940000000000000000e+02	1.508342227981199528e+02
4.950000000000000000e+02	1.592086663026271367e+02
4.960000000000000000e+02	1.680077567229777458e+02
4.970000000000000000e+02	1.772715267569696778e+02
4.980000000000000000e+02	1.871036956974423333e+02
4.990000000000000000e+02	1.978164104136663184e+02
5.000000000000000000e+02	2.103229415290785482e+02
5.010000000000000000e+02	2.270458936016514997e+02
5.020000000000000000e+02	2.536594875981998314e+02
5.030000000000000000e+02	3.017064765043185162e+02
5.040000000000000000e+02	3.911848246187549876e+02
5.050000000000000000e+02	5.506077409428227156e+02
5.060000000000000000e+02	8.108564451904244379e+02
5.070000000000000000e+02	1.190515111769391751e+03
5.080000000000000000e+02	1.675866324345572366e+03
5.090000000000000000e+02	2.206332433417700031e+03
5.100000000000000000e+02	2.679339996566544869e+03
5.110000000000000000e+02	2.980900231556111066e+03
5.120000000000000000e+02	3.031276255487653088e+03
5.130000000000000000e+02	2.821138836400641594e+03
5.140000000000000000e+02	2.415983426222448088e+03
5.150000000000000000e+02	1.925982928202576204e+03
5.160000000000000000e+02	1.460103643048564663e+03
5.170000000000000000e+02	1.090311561950631585e+03
5.180000000000000000e+02	8.406572677676563217e+02
5.190000000000000000e+02	6.984229377440840381e+02
5.200000000000000000e+02	6.340639718585387072e+02
5.210000000000000000e+02	6.177069732945778924e+02
5.220000000000000000e+02	6.272372992520088246e+02
5.230000000000000000e+02	6.493658565272469332e+02
5.240000000000000000e+02	6.773506947388319759e+02
5.250000000000000000e+02	7.082536846273479796e+02
5.260000000000000000e+02	7.409729388502856864e+02
5.270000000000000000e+02	7.751637770685842952e+02
5.280000000000000000e+02	8.107526027062469893e+02
5.290000000000000000e+02	8.477511485541643879e+02
5.300000000000000000e+02	8.861952087148754345e+02
5.310000000000000000e+02	9.261269995109328192e+02
5.320000000000000000e+02	9.675906868596898676e+02
5.330000000000000000e+02	1.010631372960163276e+03
5.340000000000000000e+02	1.055294879405856136e+03
5.350000000000000000e+02	1.101627690862809686e+03
5.360000000000000000e+02	1.149676926129244748e+03
5.370000000000000000e+02	1.199490311952211414e+03
5.380000000000000000e+02	1.251116155542018305e+03
5.390000000000000000e+02	1.304603315161797127e+03
5.400000000000000000e+02	1.360001168679586954e+03
5.410000000000000000e+02	1.417359580039407774e+03
5.420000000000000000e+02	1.476728863618207242e+03
5.430000000000000000e+02	1.538159746439167975e+03
5.440000000000000000e+02	1.601703328214937301e+03
5.450000000000000000e+02	1.667411039197515493e+03
5.460000000000000000e+02	1.735334595814900922e+03
5.470000000000000000e+02	1.805525954078126915e+03
5.480000000000000000e+02	1.878037260746073343e+03
5.490000000000000000e+02	1.952920802239315435e+03
5.500000000000000000e+02	2.030228951298373431e+03
5.510000000000000000e+02	2.110014111386016793e+03
5.520000000000000000e+02	2.192328658837647254e+03
5.530000000000000000e+02	2.277224882768459793e+03
5.540000000000000000e+02	2.364754922750792048e+03
5.550000000000000000e+02	2.454970704280036443e+03
5.560000000000000000e+02	2.547923872052516344e+03
5.570000000000000000e+02	2.643665721083994868e+03
5.580000000000000000e+02	2.742247125702804624e+03
5.590000000000000000e+02	2.843718466457067734e+03
5.600000000000000000e+02	2.948129554981097044e+03
5.610000000000000000e+02	3.055529556871753357e+03
5.620000000000000000e+02	3.165966912631347441e+03
5.630000000000000000e+02	3.279489256739588200e+03
5.640000000000000000e+02	3.396143334923000566e+03
5.650000000000000000e+02	3.515974919696327106e+03
5.660000000000000000e+02	3.639028724256473197e+03
5.670000000000000000e+02	3.765348314815682897e+03
5.680000000000000000e+02	3.894976021466779912e+03
5.690000000000000000e+02	4.027952847679457136e+03
5.700000000000000000e+02	4.164318378532738279e+03
5.710000000000000000e+02	4.304110687794864134e+03
5.720000000000000000e+02	4.447366243967925584e+03
5.730000000000000000e+02	4.594119815420589475e+03
5.740000000000000000e+02	4.744404374738233855e+03
5.750000000000000000e+02	4.898251002425643492e+03
5.760000000000000000e+02	5.055688790103169595e+03
5.770000000000000000e+02	5.216744743342934271e+03
5.780000000000000000e+02	5.381443684297034451e+03
5.790000000000000000e+02	5.549808154275140623e+03
5.800000000000000000e+02	5.721858316433916116e+03
5.810000000000000000e+02	5.897611858745674908e+03
5.820000000000000000e+02	6.077083897418379820e+03
5.830000000000000000e+02	6.260286880943577671e+03
5.840000000000000000e+02	6.447230494953044399e+03
5.850000000000000000e+02	6.637921568068913075e+03
5.860000000000000000e+02	6.832363978935632986e+03
5.870000000000000000e+02	7.030558564625487634e+03
5.880000000000000000e+02	7.232503030612384464e+03
5.890000000000000000e+02	7.438191862511290310e+03
5.900000000000000000e+02	7.647616239782937555e+03
5.910000000000000000e+02	7.860763951605405964e+03
5.920000000000000000e+02	8.077619315115594873e+03
5.930000000000000000e+02	8.298163096224816400e+03
5.940000000000000000e+02	8.522372433213276963e+03
5.950000000000000000e+02	8.750220763308576352e+03
5.960000000000000000e+02	8.981677752453026187e+03
5.970000000000000000e+02	9.216709228463963882e+03
5.980000000000000000e+02	9.455277117790037664e+03
5.990000000000000000e+02	9.697339386064819337e+03
6.000000000000000000e+02	9.942849982656942302e+03
6.010000000000000000e+02	1.019175878941328483e+04
6.020000000000000000e+02	1.044401157378863536e+04
6.030000000000000000e+02	1.069954994655153132e+04
6.040000000000000000e+02	1.095831132425183387e+04
6.050000000000000000e+02	1.122022889663086062e+04
6.060000000000000000e+02	1.148523159914967800e+04
6.070000000000000000e+02	1.175324409080542318e+04
6.080000000000000000e+02	1.202418673739922815e+04
6.090000000000000000e+02	1.229797560041256111e+04
6.100000000000000000e+02	1.257452243164152969e+04
6.110000000000000000e+02	1.285373467373078165e+04
6.120000000000000000e+02	1.313551546674051133e+04
6.130000000000000000e+02	1.341976366087115457e+04
6.140000000000000000e+02	1.370637383546116689e+04
6.150000000000000000e+02	1.399523632436355547e+04
6.160000000000000000e+02	1.428623724779662916e+04
6.170000000000000000e+02	1.457925855075388063e+04
6.180000000000000000e+02	1.487417804804682419e+04
6.190000000000000000e+02	1.517086947604330453e+04
6.200000000000000000e+02	1.546920255115182954e+04
6.210000000000000000e+02	1.576904303509053352e+04
6.220000000000000000e+02	1.607025280696673144e+04
6.230000000000000000e+02	1.637268994218032640e+04
6.240000000000000000e+02	1.667620879815121225e+04
6.250000000000000000e+02	1.698066010685755464e+04
6.260000000000000000e+02	1.728589107415821127e+04
6.270000000000000000e+02	1.759174548585889715e+04
6.280000000000000000e+02	1.789806382046765793e+04
6.290000000000000000e+02	1.820468336857134273e+04
6.300000000000000000e+02	1.851143835875054720e+04
6.310000000000000000e+02	1.881816008993616560e+04
6.320000000000000000e+02	1.912467707009679725e+04
6.330000000000000000e+02	1.943081516113154794e+04
6.340000000000000000e+02	1.973639772982904469e+04
6.350000000000000000e+02	2.004124580473900278e+04
6.360000000000000000e+02	2.034517823878888157e+04
6.370000000000000000e+02	2.064801187746419964e+04
6.380000000000000000e+02	2.094956173235753886e+04
6.390000000000000000e+02	2.124964115987759578e+04
6.400000000000000000e+02	2.154806204489673473e+04
6.410000000000000000e+02	2.184463498910235285e+04
6.420000000000000000e+02	2.213916950380496564e+04
6.430000000000000000e+02	2.243147420694367975e+04
6.440000000000000000e+02	2.272135702401796516e+04
6.450000000000000000e+02	2.300862539266324529e+04
6.460000000000000000e+02	2.329308647057702547e+04
6.470000000000000000e+02	2.357454734649191232e+04
6.480000000000000000e+02	2.385281525388203227e+04
6.490000000000000000e+02	2.412769778708012382e+04
6.500000000000000000e+02	2.439900311947402952e+04
6.510000000000000000e+02	2.466654022344314217e+04
6.520000000000000000e+02	2.493011909168818602e+04
6.530000000000000000e+02	2.518955095960097606e+04
6.540000000000000000e+02	2.544464852831483586e+04
6.550000000000000000e+02	2.569522618807119943e+04
6.560000000000000000e+02	2.594110024153339691e+04
6.570000000000000000e+02	2.618208912667506593e+04
6.580000000000000000e+02	2.641801363886748368e+04
6.590000000000000000e+02	2.664869715178837578e+04
6.600000000000000000e+02	2.687396583677318267e+04
6.610000000000000000e+02	2.709364888022945161e+04
6.620000000000000000e+02	2.730757869873547315e+04
6.630000000000000000e+02	2.751559115144540192e+04
6.640000000000000000e+02	2.771752574942528736e+04
6.650000000000000000e+02	2.791322586154732926e+04
6.660000000000000000e+02	2.810253891657348504e+04
6.670000000000000000e+02	2.828531660106424169e+04
6.680000000000000000e+02	2.846141505275370946e+04
6.690000000000000000e+02	2.863069504903870620e+04
6.700000000000000000e+02	2.879302219023647194e+04
6.710000000000000000e+02	2.894826707727366374e+04
6.720000000000000000e+02	2.909630548347812510e+04
6.730000000000000000e+02	2.923701852015426630e+04
6.740000000000000000e+02	2.937029279563336604e+04
6.750000000000000000e+02	2.949602056750101838e+04
6.760000000000000000e+02	2.961409988771574353e+04
6.770000000000000000e+02	2.972443474034528117e+04
6.780000000000000000e+02	2.982693517165997400e+04
6.790000000000000000e+02	2.992151741233669964e+04
6.800000000000000000e+02	3.000810399154087645e+04
6.810000000000000000e+02	3.008662384266907975e+04
6.820000000000000000e+02	3.015701240055025846e+04
6.830000000000000000e+02	3.021921168991945160e+04
6.840000000000000000e+02	3.027317040499427821e+04
6.850000000000000000e+02	3.031884398000132569e+04
6.860000000000000000e+02	3.035619465051664884e+04
6.870000000000000000e+02	3.038519150550235281e+04
6.880000000000000000e+02	3.040581052993866615e+04
6.890000000000000000e+02	3.041803463796939832e+04
6.900000000000000000e+02	3.042185369649660061e+04
6.910000000000000000e+02	3.041726453917889739e+04
6.920000000000000000e+02	3.040427097080639578e+04
6.930000000000000000e+02	3.038288376204366432e+04
6.940000000000000000e+02	3.035312063455105454e+04
6.950000000000000000e+02	3.031500623651302158e+04
6.960000000000000000e+02	3.026857210862083593e+04
6.970000000000000000e+02	3.021385664057534814e+04
6.980000000000000000e+02	3.015090501819382189e+04
6.990000000000000000e+02	3.007976916122283001e+04
7.000000000000000000e+02	3.000050765197702640e+04
7.010000000000000000e+02	2.991318565494109862e+04
7.020000000000000000e+02	2.981787482748933689e+04
7.030000000000000000e+02	2.971465322189408835e+04
7.040000000000000000e+02	2.960360517881062697e+04
7.050000000000000000e+02	2.948482121244196969e+04
7.060000000000000000e+02	2.935839788760241936e+04
7.070000000000000000e+02	2.922443768891361833e+04
7.080000000000000000e+02	2.908304888238108106e+04
7.090000000000000000e+02	2.893434536961283811e+04
7.100000000000000000e+02	2.877844653495498642e+04
7.110000000000000000e+02	2.861547708583115309e+04
7.120000000000000000e+02	2.844556688658472194e+04
7.130000000000000000e+02	2.826885078613349106e+04
7.140000000000000000e+02	2.808546843975679076e+04
7.150000000000000000e+02	2.789556412534444462e+04
7.160000000000000000e+02	2.769928655444567266e+04
7.170000000000000000e+02	2.749678867846396315e+04
7.180000000000000000e+02	2.728822749035090601e+04
7.190000000000000000e+02	2.707376382215831472e+04
7.200000000000000000e+02	2.685356213881330405e+04
7.210000000000000000e+02	2.662779032848558927e+04
7.220000000000000000e+02	2.639661948992000180e+04
7.230000000000000000e+02	2.616022371710999505e+04
7.240000000000000000e+02	2.591877988169007222e+04
7.250000000000000000e+02	2.567246741342604946e+04
7.260000000000000000e+02	2.542146807918261402e+04
7.270000000000000000e+02	2.516596576074683981e+04
7.280000000000000000e+02	2.490614623188530823e+04
7.290000000000000000e+02	2.464219693500999347e+04
7.300000000000000000e+02	2.437430675782535036e+04
7.310000000000000000e+02	2.410266581032512840e+04
7.320000000000000000e+02	2.382746520250302638e+04
7.330000000000000000e+02	2.354889682313593948e+04
7.340000000000000000e+02	2.326715311999251571e+04
7.350000000000000000e+02	2.298242688181320045e+04
7.360000000000000000e+02	2.269491102240022155e+04
7.370000000000000000e+02	2.240479836714829435e+04
7.380000000000000000e+02	2.211228144233777493e+04
7.390000000000000000e+02	2.181755226750292059e+04
7.400000000000000000e+02	2.152080215117803891e+04
7.410000000000000000e+02	2.122222149031376466e+04
7.420000000000000000e+02	2.092199957364493093e+04
7.430000000000000000e+02	2.062032438928009287e+04
7.440000000000000000e+02	2.031738243677092032e+04
7.450000000000000000e+02	2.001335854390741952e+04
7.460000000000000000e+02	1.970843568847248389e+04
7.470000000000000000e+02	1.940279482517617362e+04
7.480000000000000000e+02	1.909661471797709601e+04
7.490000000000000000e+02	1.879007177798461998e+04
7.500000000000000000e+02	1.848333990712212108e+04
7.510000000000000000e+02	1.817659034771743973e+04
7.520000000000000000e+02	1.786999153817284969e+04
7.530000000000000000e+02	1.756370897485256137e+04
7.540000000000000000e+02	1.725790508031176796e+04
7.550000000000000000e+02	1.695273907797681022e+04
7.560000000000000000e+02	1.664836687337191688e+04
7.570000000000000000e+02	1.634494094197378945e+04
7.580000000000000000e+02	1.604261022376113033e+04
7.590000000000000000e+02	1.574152002451210137e+04
7.600000000000000000e+02	1.544181192388900854e+04
7.610000000000000000e+02	1.514362369033557479e+04
7.620000000000000000e+02	1.484708920279878839e+04
7.630000000000000000e+02	1.455233837927390960e+04
7.640000000000000000e+02	1.425949711215822754e+04
7.650000000000000000e+02	1.396868721038638978e+04
7.660000000000000000e+02	1.368002634830769057e+04
7.670000000000000000e+02	1.339362802125353119e+04
7.680000000000000000e+02	1.310960150773157147e+04
7.690000000000000000e+02	1.282805183817167926e+04
7.700000000000000000e+02	1.254907977013779418e+04
7.710000000000000000e+02	1.227278176990927932e+04
7.720000000000000000e+02	1.199925000032517892e+04
7.730000000000000000e+02	1.172857231477514688e+04
7.740000000000000000e+02	1.146083225721157942e+04
7.750000000000000000e+02	1.119610906804875958e+04
7.760000000000000000e+02	1.093447769580653039e+04
7.770000000000000000e+02	1.067600881434835901e+04
7.780000000000000000e+02	1.042076884555625475e+04
7.790000000000000000e+02	1.016881998727845348e+04
7.800000000000000000e+02	9.920220246379372838e+03
7.810000000000000000e+02	9.675023476715799916e+03
7.820000000000000000e+02	9.433279421857983834e+03
7.830000000000000000e+02	9.195033762369710530e+03
7.840000000000000000e+02	8.960328167457269956e+03
7.850000000000000000e+02	8.729200350793606049e+03
7.860000000000000000e+02	8.501684130320858458e+03
7.870000000000000000e+02	8.277809491831822015e+03
7.880000000000000000e+02	8.057602656128912713e+03
7.890000000000000000e+02	7.841086149557421777e+03
7.900000000000000000e+02	7.628278877708868094e+03
7.910000000000000000e+02	7.419196202089578946e+03
7.920000000000000000e+02	7.213850019549400713e+03
7.930000000000000000e+02	7.012248844265758635e+03
7.940000000000000000e+02	6.814397892078993209e+03
7.950000000000000000e+02	6.620299166976014021e+03
7.960000000000000000e+02	6.429951549520867957e+03
7.970000000000000000e+02	6.243350887032768696e+03
7.980000000000000000e+02	6.060490085314447242e+03
7.990000000000000000e+02	5.881359201736361683e+03
8.000000000000000000e+02	5.705945539485368499e+03
8.010000000000000000e+02	5.534233742789768257e+03
8.020000000000000000e+02	5.366205892936343844e+03
8.030000000000000000e+02	5.201841604898992955e+03
8.040000000000000000e+02	5.041118124402730245e+03
8.050000000000000000e+02	4.884010425251402012e+03
8.060000000000000000e+02	4.730491306752141099e+03
8.070000000000000000e+02	4.580531491074570113e+03
8.080000000000000000e+02	4.434099720387872367e+03
8.090000000000000000e+02	4.291162853624250602e+03
8.100000000000000000e+02	4.151685962722698605e+03
8.110000000000000000e+02	4.015632428212727973e+03
8.120000000000000000e+02	3.882964034003400684e+03
8.130000000000000000e+02	3.753641061248913047e+03
8.140000000000000000e+02	3.627622381167931508e+03
8.150000000000000000e+02	3.504865546699903007e+03
8.160000000000000000e+02	3.385326882887657121e+03
8.170000000000000000e+02	3.268961575881739009e+03
8.180000000000000000e+02	3.155723760468036744e+03
8.190000000000000000e+02	3.045566606026453883e+03
8.200000000000000000e+02	2.938442400834493583e+03
8.210000000000000000e+02	2.834302634635738286e+03
8.220000000000000000e+02	2.733098079399292601e+03
8.230000000000000000e+02	2.634778868202291960e+03
8.240000000000000000e+02	2.539294572173535926e+03
8.250000000000000000e+02	2.446594275442186245e+03
8.260000000000000000e+02	2.356626648041268254e+03
8.270000000000000000e+02	2.269340016721435859e+03
8.280000000000000000e+02	2.184682433636003680e+03
8.290000000000000000e+02	2.102601742863762411e+03
8.300000000000000000e+02	2.023045644741418073e+03
8.310000000000000000e+02	1.945961757982682229e+03
8.320000000000000000e+02	1.871297679566135457e+03
8.330000000000000000e+02	1.799001042378856710e+03
8.340000000000000000e+02	1.729019570607603100e+03
8.350000000000000000e+02	1.661301132873864390e+03
8.360000000000000000e+02	1.595793793113583206e+03
8.370000000000000000e+02	1.532445859206547766e+03
8.380000000000000000e+02	1.471205929364547501e+03
8.390000000000000000e+02	1.412022936291266660e+03
8.400000000000000000e+02	1.354846189130623543e+03
8.410000000000000000e+02	1.299625413223751593e+03
8.420000000000000000e+02	1.246310787698194645e+03
8.430000000000000000e+02	1.194852980916038632e+03
8.440000000000000000e+02	1.145203183810651353e+03
8.450000000000000000e+02	1.097313141144527435e+03
8.460000000000000000e+02	1.051135180723292478e+03
8.470000000000000000e+02	1.006622240603377236e+03
8.480000000000000000e+02	9.637278943330825314e+02
8.490000000000000000e+02	9.224063742688251750e+02
8.500000000000000000e+02	8.826125930102358552e+02
8.510000000000000000e+02	8.443021629994752857e+02
8.520000000000000000e+02	8.074314143316855734e+02
8.530000000000000000e+02	7.719574108248458515e+02
8.540000000000000000e+02	7.378379643985169878e+02
8.550000000000000000e+02	7.050316478120013244e+02
8.560000000000000000e+02	6.734978058133351624e+02
8.570000000000000000e+02	6.431965647512653277e+02
8.580000000000000000e+02	6.140888407029680138e+02
8.590000000000000000e+02	5.861363461707128408e+02
8.600000000000000000e+02	5.593015954009931647e+02
8.610000000000000000e+02	5.335479083798436477e+02
8.620000000000000000e+02	5.088394135581161208e+02
8.630000000000000000e+02	4.851410493604415706e+02
8.640000000000000000e+02	4.624185645314327076e+02
8.650000000000000000e+02	4.406385173724048059e+02
8.660000000000000000e+02	4.197682739215185279e+02
8.670000000000000000e+02	3.997760051297669861e+02
8.680000000000000000e+02	3.806306830846741036e+02
8.690000000000000000e+02	3.623020763329057559e+02
8.700000000000000000e+02	3.447607443522771291e+02
8.710000000000000000e+02	3.279780312228310777e+02
8.720000000000000000e+02	3.119260585457836896e+02
8.730000000000000000e+02	2.965777176582064953e+02
8.740000000000000000e+02	2.819066611903098192e+02
8.750000000000000000e+02	2.678872940111511411e+02
8.760000000000000000e+02	2.544947636074985837e+02
8.770000000000000000e+02	2.417049499394380803e+02
8.780000000000000000e+02	2.294944548151358106e+02
8.790000000000000000e+02	2.178405908259716171e+02
8.800000000000000000e+02	2.067213698820078491e+02
8.810000000000000000e+02	1.961154913865062781e+02
8.820000000000000000e+02	1.860023300869264347e+02
8.830000000000000000e+02	1.763619236385355009e+02
8.840000000000000000e+02	1.671749599154631198e+02
8.850000000000000000e+02	1.584227641027081575e+02
8.860000000000000000e+02	1.500872856012947523e+02
8.870000000000000000e+02	1.421510847774470108e+02
8.880000000000000000e+02	1.345973195853365496e+02
8.890000000000000000e+02	1.274097320916465037e+02
8.900000000000000000e+02	1.205726349288846677e+02
8.910000000000000000e+02	1.140708977030929532e+02
8.920000000000000000e+02	1.078899333803128826e+02
8.930000000000000000e+02	1.020156846749088828e+02
8.940000000000000000e+02	9.643461046160109618e+01
8.950000000000000000e+02	9.113367223183605859e+01
8.960000000000000000e+02	8.610032061391846980e+01
8.970000000000000000e+02	8.132248197514935839e+01
8.980000000000000000e+02	7.678854512305861135e+01
8.990000000000000000e+02	7.248734812169490738e+01
9.000000000000000000e+02	6.840816523783421133e+01
9.010000000000000000e+02	6.454069403089818024e+01
9.020000000000000000e+02	6.087504259933273687e+01
9.030000000000000000e+02	5.740171699518776904e+01
9.040000000000000000e+02	5.411160881765994191e+01
9.050000000000000000e+02	5.099598299541552393e+01
9.060000000000000000e+02	4.804646576659619228e+01
9.070000000000000000e+02	4.525503286452986629e+01
9.080000000000000000e+02	4.261399791632317147e+01
9.090000000000000000e+02	4.011600106069670346e+01
9.100000000000000000e+02	3.775399779064406403e+01
9.110000000000000000e+02	3.552124802575035289e+01
9.120000000000000000e+02	3.341130541828916733e+01
9.130000000000000000e+02	3.141800689653929624e+01
9.140000000000000000e+02	2.953546244811154509e+01
9.150000000000000000e+02	2.775804514546274859e+01
9.160000000000000000e+02	2.608038141518825626e+01
9.170000000000000000e+02	2.449734155213276665e+01
9.180000000000000000e+02	2.300403047883778740e+01
9.190000000000000000e+02	2.159577875035193628e+01
9.200000000000000000e+02	2.026813380396973585e+01
9.210000000000000000e+02	1.901685145303068580e+01
9.220000000000000000e+02	1.783788762350689083e+01
9.230000000000000000e+02	1.672739033172983625e+01
9.240000000000000000e+02	1.568169190125682810e+01
9.250000000000000000e+02	1.469730141655343125e+01
9.260000000000000000e+02	1.377089741086845898e+01
9.270000000000000000e+02	1.289932078540334714e+01
9.280000000000000000e+02	1.207956795662609295e+01
9.290000000000000000e+02	1.130878422835049335e+01
9.300000000000000000e+02	1.058425738499427915e+01
9.310000000000000000e+02	9.903411502242882136e+00
9.320000000000000000e+02	9.263800971178877575e+00
9.330000000000000000e+02	8.663104731789696089e+00
9.340000000000000000e+02	8.099120711636153658e+00
9.350000000000000000e+02	7.569760465353108536e+00
9.360000000000000000e+02	7.073044010557077321e+00
9.370000000000000000e+02	6.607094855656162835e+00
9.380000000000000000e+02	6.170135214992447992e+00
9.390000000000000000e+02	5.760481406695837414e+00
9.400000000000000000e+02	5.376539428590382030e+00
9.410000000000000000e+02	5.016800707468986431e+00
9.420000000000000000e+02	4.679838017038157716e+00
9.430000000000000000e+02	4.364301559832298949e+00
9.440000000000000000e+02	4.068915208403931061e+00
9.450000000000000000e+02	3.792472901113494554e+00
9.460000000000000000e+02	3.533835187868076488e+00
9.470000000000000000e+02	3.291925921192465854e+00
9.480000000000000000e+02	3.065729088057484564e+00
9.490000000000000000e+02	2.854285777938944335e+00
9.500000000000000000e+02	2.656691282635571749e+00
9.510000000000000000e+02	2.472092323434794903e+00
9.520000000000000000e+02	2.299684401281158586e+00
9.530000000000000000e+02	2.138709265672783300e+00
9.540000000000000000e+02	1.988452498086108688e+00
9.550000000000000000e+02	1.848241205807775733e+00
9.560000000000000000e+02	1.717441822134337048e+00
9.570000000000000000e+02	1.595458008985381815e+00
9.580000000000000000e+02	1.481728658062802628e+00
9.590000000000000000e+02	1.375725986778374654e+00
9.600000000000000000e+02	1.276953725262854888e+00
9.610000000000000000e+02	1.184945390862253367e+00
9.620000000000000000e+02	1.099262646620537742e+00
9.630000000000000000e+02	1.019493740342243937e+00
9.640000000000000000e+02	9.452520209233462589e-01
9.650000000000000000e+02	8.761745287336736299e-01
9.660000000000000000e+02	8.119206569292153342e-01
9.670000000000000000e+02	7.521708806673800263e-01
9.680000000000000000e+02	6.966255512925669802e-01
9.690000000000000000e+02	6.450037526530534304e-01
9.700000000000000000e+02	5.970422168030673493e-01
9.710000000000000000e+02	5.524942964356669428e-01
9.720000000000000000e+02	5.111289914828549552e-01
9.730000000000000000e+02	4.727300274087117282e-01
9.740000000000000000e+02	4.370949828094267686e-01
9.750000000000000000e+02	4.040344640206564031e-01
9.760000000000000000e+02	3.733713245176061846e-01
9.770000000000000000e+02	3.449399269765208165e-01
9.780000000000000000e+02	3.185854459478343892e-01
9.790000000000000000e+02	2.941632091709519559e-01
9.800000000000000000e+02	2.715380756385247785e-01
9.810000000000000000e+02	2.505838485940425353e-01
9.820000000000000000e+02	2.311827217205894847e-01
9.830000000000000000e+02	2.132247568506616398e-01
9.840000000000000000e+02	1.966073915970143193e-01
9.850000000000000000e+02	1.812349753725335799e-01
9.860000000000000000e+02	1.670183323331952130e-01
9.870000000000000000e+02	1.538743498421690503e-01
9.880000000000000000e+02	1.417255911151500958e-01
9.890000000000000000e+02	1.304999307670018094e-01
9.900000000000000000e+02	1.201302120378086313e-01
9.910000000000000000e+02	1.105539245324863584e-01
9.920000000000000000e+02	1.017129013621858175e-01
9.930000000000000000e+02	9.355303462790361124e-02
9.940000000000000000e+02	8.602400823697722854e-02
9.950000000000000000e+02	7.907904709155376410e-02
9.960000000000000000e+02	7.267468173469449066e-02
9.970000000000000000e+02	6.677052758455406800e-02
9.980000000000000000e+02	6.132907793008993136e-02
9.990000000000000000e+02	5.631550990305807941e-02
1.000000000000000000e+03	5.169750268066584248e-02
