440	-96.7773817278101
441	-64.6429158166994
442	35.4619377588266
443	-23.233680609178
444	36.4125132863798
445	-60.3584190755228
446	-16.0556486316631
447	30.2947300136189
448	-17.1133579956512
449	-26.2674561089817
450	80.5026169329695
451	-36.4069432891864
452	-57.9694667090935
453	-19.1368244285874
454	-8.87652952321475
455	52.2010031406286
456	41.8561066077255
457	31.5908475015447
458	57.1471176828899
459	24.6596149053683
460	16.8056860067411
461	-53.8706436443225
462	97.9858500225435
463	110.730185549998
464	47.0636903447921
465	-22.617326124368
466	71.5739870678542
467	-62.3075526674471
468	-34.1625369670139
469	-50.0904984361968
470	69.5070019892115
471	26.767924735991
472	-68.7412458605002
473	-86.5184137525847
474	-29.3396942037751
475	0.180225967530165
476	-53.286830475327
477	-82.410347036618
478	16.8593486404914
479	31.3682834831014
480	-10.1905084465391
481	-10.1628255325469
482	22.8635861650566
483	-9.08058660088036
484	70.9861141429865
485	29.8699152902876
486	22.651971886471
487	67.4567265219479
488	114.100027871991
489	75.2827002129137
490	67.017829635826
491	130.543075281152
492	151.44272146543
493	119.925933617724
494	72.4756721831041
495	90.3624445658329
496	135.247214192763
497	76.1714285714286
498	110.278012927688
499	227.782380032119
500	315.561386807332
501	249.703142167316
502	585.781788401556
503	754.424174440856
504	1017.73665764274
505	1314.41738802377
506	1928.88172430785
507	2393.02758429278
508	2889.43141704627
509	2759.97012331156
510	3005.31377016278
511	2793.64999420699
512	2606.3146649336
513	1688.24839820798
514	1301.43579135969
515	894.422263699649
516	793.166344211236
517	491.553663192306
518	484.791298485305
519	260.130425519012
520	314.850392243675
521	179.231670010557
522	177.706588476839
523	101.506854617609
524	90.1099712872721
525	130.30302873587
526	73.8752802134646
527	28.8767085605369
528	16.7555209011483
529	8.48571685714373
530	6.06273179032565
531	8.57014181569848
532	5.98341091274743
533	7.25832687185434
534	9.47169856932735
535	14.6394848586941
536	15.5439452361033
537	14.0201350750151
538	19.146592025669
539	22.8136450090902
540	19.2632527994885
541	19.4411909189699
542	21.2327453651524
543	25.7143859392118
544	31.9230673712822
545	38.5159559878251
546	41.0018993044465
547	43.6947815456296
548	50.5230066604733
549	54.4628186748367
550	59.8570983852053
551	68.3302625498375
552	68.1155259219481
553	70.8948215107187
554	80.3091604908376
555	86.0744704313432
556	92.611676533147
557	108.253161141423
558	117.237636040457
559	126.739305383934
560	134.871616610483
561	146.109793592966
562	156.014900553317
563	167.195006568941
564	182.489406212888
565	195.166813092101
566	220.187689579057
567	245.885565288997
568	275.379380346661
569	306.350237135688
570	337.853909110107
571	368.888511699024
572	401.157062214353
573	433.871283616205
574	467.015766922105
575	504.390439680256
576	542.93253930921
577	580.904578738658
578	622.065991992156
579	662.799826161988
580	702.490185951888
581	750.479371110547
582	796.994273592336
583	843.412336327654
584	890.212388954475
585	941.544183287306
586	985.25837024244
587	1034.09034726805
588	1084.99973611784
589	1139.02306336249
590	1192.00697382313
591	1251.2603683996
592	1309.37282099016
593	1368.58021297292
594	1428.51354210929
595	1477.43149602206
596	1527.44728614934
597	1578.55966146963
598	1630.76606668318
599	1684.06260254614
600	1738.44398746392
601	1793.90352047371
602	1850.43304574661
603	1908.02291873984
604	1966.66197412949
605	2026.33749565339
606	2087.0351879928
607	2148.73915081999
608	2211.43185513692
609	2275.0941220278
610	2339.70510394563
611	2405.24226864931
612	2471.68138590446
613	2538.99651705674
614	2607.16000758182
615	2676.14248271126
616	2745.91284622781
617	2816.43828251795
618	2887.68426196273
619	2959.61454974175
620	3032.19121811721
621	3105.37466225807
622	3179.12361965586
623	3253.39519317566
624	3328.14487777705
625	3403.32659093078
626	3478.89270674777
627	3554.79409382742
628	3630.9801568225
629	3707.39888170799
630	3783.99688473084
631	3860.71946500759
632	3937.51066072619
633	4014.31330889787
634	4091.06910859443
635	4167.71868759555
636	4244.20167236038
637	4320.45676122707
638	4396.42180073327
639	4472.03386494083
640	4547.22933763728
641	4621.94399727714
642	4696.11310451621
643	4769.67149218283
644	4842.55365752065
645	4914.6938565293
646	4986.02620022031
647	5056.48475259851
648	5126.00363017092
649	5194.51710277883
650	5261.95969554188
651	5328.26629169727
652	5393.37223611202
653	5457.21343924105
654	5519.72648130045
655	5580.84871642118
656	5640.51837654619
657	5698.67467483163
658	5755.25790831156
659	5810.20955958466
660	5863.47239728204
661	5914.9905750754
662	5964.70972898674
663	6012.5770727631
664	6058.54149108248
665	6102.55363036126
666	6144.56598693757
667	6184.53299241049
668	6222.41109592059
669	6258.15884316429
670	6291.73695194133
671	6323.10838404291
672	6352.23841329636
673	6379.09468959161
674	6403.64729872411
675	6425.8688178994
676	6445.73436675528
677	6463.22165376863
678	6478.31101792587
679	6490.98546554788
680	6501.23070217318
681	6509.03515941525
682	6514.39001672376
683	6517.28921799216
684	6517.72948296801
685	6515.71031343592
686	6511.23399415678
687	6504.30558856086
688	6494.93292920603
689	6483.12660302645
690	6468.89993141035
691	6452.26894515959
692	6433.25235439681
693	6411.87151349904
694	6388.15038115006
695	6362.11547561581
696	6333.7958253598
697	6303.22291512717
698	6270.43062763761
699	6235.45518103805
700	6198.33506227689
701	6159.11095657106
702	6117.82567314682
703	6074.52406744388
704	6029.2529599806
705	5982.06105208543
706	5932.99883870668
707	5882.11851851887
708	5829.47390154919
709	5775.12031455253
710	5719.11450436741
711	5661.51453948844
712	5602.37971009355
713	5541.77042676589
714	5479.74811815149
715	5416.37512779401
716	5351.71461038756
717	5285.83042768748
718	5218.78704431699
719	5150.64942370528
720	5081.48292438943
721	5011.3531969084
722	4940.32608151332
723	4868.46750691275
724	4795.84339026627
725	4722.51953863315
726	4648.5615520765
727	4574.0347286156
728	4499.00397121169
729	4423.53369696406
730	4347.68774868497
731	4271.52930901274
732	4195.12081721313
733	4118.52388880972
734	4041.79923817396
735	3965.00660419552
736	3888.20467914358
737	3811.45104081902
738	3734.80208808725
739	3658.31297987054
740	3582.03757766865
741	3506.02839166533
742	3430.33653046836
743	3355.01165451982
744	3280.10193320328
745	3205.65400566413
746	3131.71294534947
747	3058.32222826384
748	2985.5237049278
749	2913.35757601667
750	2841.86237164791
751	2771.07493427676
752	2701.03040515128
753	2631.76221426997
754	2563.30207377723
755	2495.67997472474
756	2428.92418711993
757	2363.06126317587
758	2298.11604367136
759	2234.11166732367
760	2171.06958307173
761	2109.00956516238
762	2047.94973092827
763	1987.90656114172
764	1928.89492282594
765	1870.92809440151
766	1814.01779304385
767	1758.17420412522
768	1703.40601261301
769	1649.72043629506
770	1597.12326070187
771	1545.61887559503
772	1495.21031289159
773	1445.89928589393
774	1397.68622969608
775	1350.57034263804
776	1304.54962868149
777	1259.62094058185
778	1215.78002373391
779	1173.02156057066
780	1131.33921539733
781	1090.72567954624
782	1051.17271674036
783	1012.67120855774
784	975.211199891919
785	938.781944307543
786	903.371949194292
787	868.969020626192
788	835.560307837745
789	803.132347232526
790	771.671105844313
791	741.162024175317
792	711.590058340558
793	682.939721452012
794	655.195124180727
795	628.340014439671
796	602.357816134644
797	577.231666935138
798	552.94445502148
799	529.47885476909
800	506.817361335002
801	484.942324116134
802	463.835979052965
803	443.480479756396
804	423.857927439561
805	404.95039964023
806	386.739977723188
807	369.208773155607
808	352.338952551889
809	336.112761487795
810	320.512547086872
811	305.520779385199
812	291.120071483373
813	277.293198497348
814	264.023115322322
815	251.292973226244
816	239.086135291754
817	227.386190727448
818	216.176968071258
819	205.442547310517
820	195.167270944833
821	185.33575401939
822	175.932893157533
823	166.943874622676
824	158.35418144054
825	150.149599613586
826	142.316223460245
827	134.840460112107
828	127.7090332027
829	120.908985781821
830	114.427682489609
831	108.252811024638
832	102.372382940325
833	96.7747338038252
834	91.4485227514252
835	86.3827314741145
836	81.5666626666867
837	76.9899379732497
838	72.6424954615185
839	68.5145866576711
840	64.5967731729098
841	60.8799229521619
842	57.3552061746086
843	54.014090834933
844	50.848338033344
845	47.8499970015642
846	45.0113998910714
847	42.3251563489594
848	39.7841479058422
849	37.3815221992631
850	35.1106870551013
851	32.9653044484873
852	30.9392843647556
853	29.0267785799776
854	27.2221743796362
855	25.5200882330257
856	23.9153594399942
857	22.4030437656866
858	20.9784070780038
859	19.6369190015659
860	18.3742466010567
861	17.1862481059377
862	16.0689666876496
863	15.0186242995755
864	14.0316155892163
865	13.1045018912344
866	12.2340053092512
867	11.4170028935412
868	10.650520921051
869	9.93172928348525
870	9.25793598854243
871	8.62658177875762
872	8.0352348718062
873	7.48158582555464
874	6.96344253060182
875	6.47872533254188
876	6.02546228569587
877	5.60178453960312
878	5.20592185913546
879	4.83619827869625
880	4.49102789059212
881	4.16891076731678
882	3.86842901716351
883	3.58824297228439
884	3.32708750803995
885	3.08376849223107
886	2.85715936257598
887	2.64619783058682
888	2.44988270981301
889	2.26727086625041
890	2.09747428856636
891	1.93965727565891
892	1.7930337389546
893	1.65686461675018
894	1.53045539782099
895	1.4131537514494
896	1.30434726097167
897	1.20346125789849
898	1.10995675363371
899	1.02332846579574
900	0.943102936136298
901	0.868836737051129
902	0.800114763685573
903	0.736548608654668
904	0.677775016421138
905	0.623454414405363
906	0.573269517938046
907	0.526924006208452
908	0.484141266408153
909	0.444663203321618
910	0.408249111670244
911	0.374674608575031
912	0.343730623564579
913	0.315222443619072
914	0.288968810806865
915	0.264801070137974
916	0.242562365327737
917	0.22210688023383
918	0.203299123800451
919	0.186013256414442
920	0.170132455649241
921	0.155548319443526
922	0.142160304832026
923	0.129875200416079
924	0.118606630830873
925	0.108274591534748
926	0.0988050123134011
927	0.0901293479580634
928	0.0821841946417186
929	0.0749109305810199
930	0.0682553796336904
931	0.0621674965417775
932	0.0566010725901145
933	0.0515134605066677
934	0.0468653174870822
935	0.0426203652796471
936	0.0387451663190653
937	0.0352089149478149
938	0.0319832428125322
939	0.0290420375697205
940	0.0263612740802098
941	0.0239188573151713
942	0.0216944762381447
943	0.0196694679674877
944	0.0178266915619339
945	0.0161504108085809
946	0.0146261854276491
947	0.013240770141802
948	0.0119820210897282
949	0.0108388090941023
950	0.00980093932300246
951	0.00885907691141454
952	0.00800467813563751
953	0.00722992675826976
954	0.00652767518504351
955	0.00589139009713381
956	0.00531510224374268
957	0.00479336009979496
958	0.00432118711252532
959	0.00389404227862967
960	0.00350778381054489
961	0.00315863566635
962	0.00284315673279391
963	0.00255821246509034
964	0.00230094880042125
965	0.00206876817459529
966	0.00185930748305625
967	0.00167041783846622
968	0.00150014598743473
969	0.00134671725866479
970	0.00120851992387251
971	0.00108409086134216
972	0.000972102419934419
973	0.000871350388802613
974	0.000780742985018709
975	0.000699290777795877
976	0.000626097474043947
977	0.00056035149563363
978	0.000501318283999207
979	0.000448333272600623
980	0.000400795472316666
981	0.000358161619072048
982	0.000319940836932661
983	0.000285689773553996
984	0.000255008168255484
985	0.000227534816135377
986	0.00020294389455275
987	0.000171680425300365
988	0.000145479781800658
989	0.000123514180602922
990	0.000105090266049401
991	8.96276539145775e-05
992	7.66408116762545e-05
993	6.57237743839503e-05
994	5.65372669736753e-05
995	4.87978660486088e-05
996	4.22688878115342e-05
997	3.67527350729086e-05
998	3.20844760226722e-05
999	2.81264615887581e-05
1000	2.47638174556668e-05
