  440.0000	              267
  441.0000	              338
  442.0000	              323
  443.0000	              345
  444.0000	              341
  445.0000	              340
  446.0000	              347
  447.0000	              344
  448.0000	              356
  449.0000	              394
  450.0000	              325
  451.0000	              327
  452.0000	              364
  453.0000	              308
  454.0000	              306
  455.0000	              280
  456.0000	              326
  457.0000	              352
  458.0000	              359
  459.0000	              352
  460.0000	              322
  461.0000	              328
  462.0000	              347
  463.0000	              315
  464.0000	              420
  465.0000	              293
  466.0000	              324
  467.0000	              286
  468.0000	              409
  469.0000	              264
  470.0000	              299
  471.0000	              324
  472.0000	              352
  473.0000	              294
  474.0000	              243
  475.0000	              283
  476.0000	              333
  477.0000	              285
  478.0000	              243
  479.0000	              296
  480.0000	              320
  481.0000	              377
  482.0000	              256
  483.0000	              312
  484.0000	              368
  485.0000	              300
  486.0000	              387
  487.0000	              347
  488.0000	              377
  489.0000	              428
  490.0000	              391
  491.0000	              480
  492.0000	              475
  493.0000	              404
  494.0000	              348
  495.0000	              356
  496.0000	              325
  497.0000	              403
  498.0000	              366
  499.0000	              417
  500.0000	              458
  501.0000	              366
  502.0000	              482
  503.0000	              540
  504.0000	              560
  505.0000	              679
  506.0000	              817
  507.0000	              871
  508.0000	             1070
  509.0000	             1194
  510.0000	             1309
  511.0000	             1622
  512.0000	             1971
  513.0000	             1844
  514.0000	             1683
  515.0000	             1321
  516.0000	             1061
  517.0000	              946
  518.0000	              663
  519.0000	              618
  520.0000	              544
  521.0000	              459
  522.0000	              407
  523.0000	              426
  524.0000	              359
  525.0000	              400
  526.0000	              357
  527.0000	              336
  528.0000	              363
  529.0000	              314
  530.0000	              314
  531.0000	              298
  532.0000	              320
  533.0000	              336
  534.0000	              397
  535.0000	              284
  536.0000	              311
  537.0000	              316
  538.0000	              380
  539.0000	              402
  540.0000	              282
  541.0000	              290
  542.0000	              366
  543.0000	              316
  544.0000	              359
  545.0000	              367
  546.0000	              326
  547.0000	              289
  548.0000	              319
  549.0000	              375
  550.0000	              340
  551.0000	              335
  552.0000	              315
  553.0000	              364
  554.0000	              370
  555.0000	              342
  556.0000	              350
  557.0000	              301
  558.0000	              351
  559.0000	              378
  560.0000	              354
  561.0000	              410
  562.0000	              380
  563.0000	              330
  564.0000	              448
  565.0000	              415
  566.0000	              364
  567.0000	              341
  568.0000	              389
  569.0000	              454
  570.0000	              426
  571.0000	              467
  572.0000	              552
  573.0000	              429
  574.0000	              504
  575.0000	              551
  576.0000	              464
  577.0000	              477
  578.0000	              547
  579.0000	              511
  580.0000	              503
  581.0000	              564
  582.0000	              535
  583.0000	              562
  584.0000	              621
  585.0000	              594
  586.0000	              638
  587.0000	              599
  588.0000	              657
  589.0000	              635
  590.0000	              634
  591.0000	              707
  592.0000	              714
  593.0000	              844
  594.0000	              825
  595.0000	              877
  596.0000	              869
  597.0000	              878
  598.0000	              940
  599.0000	              911
  600.0000	             1019
  601.0000	             1044
  602.0000	             1093
  603.0000	             1052
  604.0000	             1096
  605.0000	             1079
  606.0000	             1018
  607.0000	             1102
  608.0000	             1227
  609.0000	             1280
  610.0000	             1342
  611.0000	             1250
  612.0000	             1338
  613.0000	             1382
  614.0000	             1437
  615.0000	             1600
  616.0000	             1428
  617.0000	             1450
  618.0000	             1670
  619.0000	             1526
  620.0000	             1612
  621.0000	             1617
  622.0000	             1659
  623.0000	             1626
  624.0000	             1711
  625.0000	             1666
  626.0000	             1825
  627.0000	             1868
  628.0000	             1917
  629.0000	             1907
  630.0000	             2039
  631.0000	             1809
  632.0000	             1822
  633.0000	             1944
  634.0000	             2124
  635.0000	             1935
  636.0000	             1930
  637.0000	             2232
  638.0000	             2258
  639.0000	             2043
  640.0000	             1954
  641.0000	             2304
  642.0000	             2085
  643.0000	             2230
  644.0000	             2234
  645.0000	             2212
  646.0000	             2333
  647.0000	             2491
  648.0000	             2318
  649.0000	             2303
  650.0000	             2284
  651.0000	             2471
  652.0000	             2362
  653.0000	             2417
  654.0000	             2438
  655.0000	             2275
  656.0000	             2324
  657.0000	             2408
  658.0000	             2325
  659.0000	             2446
  660.0000	             2542
  661.0000	             2586
  662.0000	             2400
  663.0000	             2388
  664.0000	             2469
  665.0000	             2538
  666.0000	             2424
  667.0000	             2630
  668.0000	             2339
  669.0000	             2677
  670.0000	             2440
  671.0000	             2496
  672.0000	             2403
  673.0000	             2392
  674.0000	             2303
  675.0000	             2189
  676.0000	             2442
  677.0000	             2275
  678.0000	             2276
  679.0000	             2378
  680.0000	             2222
  681.0000	             2557
  682.0000	             2248
  683.0000	             2162
  684.0000	             2289
  685.0000	             2338
  686.0000	             2238
  687.0000	             2564
  688.0000	             2352
  689.0000	             2207
  690.0000	             2365
  691.0000	             2473
  692.0000	             2206
  693.0000	             2370
  694.0000	             2413
  695.0000	             2259
  696.0000	             2378
  697.0000	             2294
  698.0000	             2419
  699.0000	             2458
  700.0000	             2114
  701.0000	             2353
  702.0000	             2213
  703.0000	             2331
  704.0000	             2298
  705.0000	             2334
  706.0000	             2181
  707.0000	             2156
  708.0000	             2263
  709.0000	             2115
  710.0000	             2280
  711.0000	             2166
  712.0000	             1935
  713.0000	             2212
  714.0000	             2140
  715.0000	             1967
  716.0000	             2098
  717.0000	             1922
  718.0000	             2117
  719.0000	             1900
  720.0000	             1755
  721.0000	             1898
  722.0000	             1926
  723.0000	             1953
  724.0000	             1814
  725.0000	             1791
  726.0000	             1896
  727.0000	             1841
  728.0000	             1847
  729.0000	             1617
  730.0000	             1737
  731.0000	             1879
  732.0000	             1711
  733.0000	             1810
  734.0000	             1645
  735.0000	             1593
  736.0000	             1547
  737.0000	             1673
  738.0000	             1515
  739.0000	             1536
  740.0000	             1608
  741.0000	             1560
  742.0000	             1389
  743.0000	             1409
  744.0000	             1403
  745.0000	             1448
  746.0000	             1518
  747.0000	             1322
  748.0000	             1323
  749.0000	             1367
  750.0000	             1379
  751.0000	             1229
  752.0000	             1288
  753.0000	             1276
  754.0000	             1101
  755.0000	             1223
  756.0000	             1205
  757.0000	             1331
  758.0000	             1330
  759.0000	             1188
  760.0000	             1270
  761.0000	             1261
  762.0000	             1290
  763.0000	             1322
  764.0000	             1086
  765.0000	             1035
  766.0000	             1140
  767.0000	             1005
  768.0000	              951
  769.0000	             1100
  770.0000	             1145
  771.0000	             1026
  772.0000	             1131
  773.0000	             1011
  774.0000	             1049
  775.0000	             1076
  776.0000	             1112
  777.0000	             1008
  778.0000	             1035
  779.0000	              972
  780.0000	              945
  781.0000	              861
  782.0000	             1016
  783.0000	              963
  784.0000	              928
  785.0000	              952
  786.0000	              872
  787.0000	              907
  788.0000	              868
  789.0000	              820
  790.0000	              797
  791.0000	              959
  792.0000	              946
  793.0000	              953
  794.0000	              861
  795.0000	              837
  796.0000	              932
  797.0000	              725
  798.0000	              871
  799.0000	              884
  800.0000	              832
