440	-63.5270522514955
441	-12.6321487395843
442	-78.412523358769
443	-122.696598606106
444	-34.7103701355042
445	-152.22699408518
446	-89.0690425124287
447	-8.92966932715843
448	-150.854745337387
449	-35.3410704845498
450	-129.308967345507
451	-36.2762181786327
452	17.4332010620377
453	-28.1041649078576
454	91.0330217526769
455	52.330213544442
456	-23.3248864647202
457	-40.0492488609846
458	-5.26480983678216
459	34.7967504141472
460	3.63964951181775
461	149.255411150303
462	70.6402315125674
463	91.1546147636949
464	55.9095461078106
465	94.7817987790731
466	43.5748366863879
467	40.1735949757996
468	-78.0463703600092
469	25.9773786886927
470	8.83692703939996
471	34.3334335433256
472	-2.87810416780412
473	173.701424258856
474	45.6361773292806
475	341.978773388475
476	261.342099998442
477	340.065893806414
478	415.228480650971
479	530.527976333515
480	649.348677756212
481	720.999293958739
482	828.363047719802
483	1147.12199988791
484	1294.37505528382
485	1281.24675821562
486	1535.86791341066
487	1772.04975889262
488	2212.68609832757
489	2311.40509263108
490	2711.5309697863
491	3291.87420867679
492	3541.01089316858
493	4475.44262701196
494	4917.93055841051
495	5964.89482775665
496	7412.43926612585
497	9108.28571428571
498	11041.9578322914
499	13773.2278767503
500	16563.242088916
501	21380.43626622
502	26931.2464465083
503	35190.5946506133
504	45816.9344879336
505	60430.1664304519
506	79492.4856708577
507	104177.372092739
508	135824.903820393
509	169622.568458513
510	201807.764752028
511	217688.309636557
512	219693.437701244
513	197622.290320877
514	158786.938356636
515	122282.221279506
516	91441.8883971451
517	66422.6225366139
518	50372.6210848251
519	38145.5965619045
520	28672.1725780625
521	23355.2094235172
522	18359.7238423016
523	14833.0738575186
524	11827.7748802021
525	10122.6803495552
526	8580.85663027733
527	7404.28044860312
528	6518.53899591265
529	5883.27064594945
530	5442.75817806562
531	5126.99190856826
532	4886.01131540459
533	4773.28020094942
534	4670.34019409759
535	4666.24167685701
536	4651.92546888581
537	4646.01056952123
538	4657.0632737651
539	4660.11984673189
540	4478.27803990849
541	4362.01276053025
542	4290.02850101948
543	4263.37020728185
544	4267.25258526088
545	4295.06612626468
546	4345.22508954573
547	4420.3739611223
548	4501.70487375991
549	4605.2254376853
550	4715.12964610317
551	4819.01951399971
552	4950.02902405763
553	5085.19975818284
554	5230.88226658012
555	5361.95351046775
556	5502.76739504794
557	5660.78837302605
558	5816.18842000012
559	5946.34190009483
560	6102.49569391923
561	6274.02805494434
562	6426.86485180014
563	6597.11808598926
564	6763.4427921632
565	6940.714746702
566	7171.49556998168
567	7414.87735234092
568	7655.21739911384
569	7902.61230597028
570	8147.09426177731
571	8402.89788230221
572	8652.04465792898
573	8916.16457601003
574	9182.40332336921
575	9449.71981115912
576	9711.23377752381
577	9978.30250355467
578	10230.9153219928
579	10492.8851652128
580	10766.8695708456
581	11020.0775789435
582	11281.9898868265
583	11535.4329861185
584	11792.8044483786
585	12047.008885201
586	12298.3792731161
587	12555.274328808
588	12823.5450740829
589	13062.2115523263
590	13310.1702659389
591	13568.478529503
592	13824.9515678518
593	14085.7242490455
594	14335.7289795105
595	14544.6453540934
596	14753.4726860499
597	14962.1203824882
598	15170.4966752284
599	15378.5086826657
600	15586.0624736909
601	15793.0631336148
602	15999.414832041
603	16205.0208926243
604	16409.7838646521
605	16613.6055963795
606	16816.3873100475
607	17018.0296785091
608	17218.4329033846
609	17417.4967946662
610	17615.1208516847
611	17811.2043453532
612	18005.6464015956
613	18198.3460858669
614	18389.2024886699
615	18578.1148119679
616	18764.9824563948
617	18949.705109157
618	19132.1828325232
619	19312.316152794
620	19490.0061496426
621	19665.1545457157
622	19837.6637963816
623	20007.4371795142
624	20174.3788851955
625	20338.3941052234
626	20499.3891223079
627	20657.2713988382
628	20811.9496651059
629	20963.3340068643
630	21111.3359521092
631	21255.8685569634
632	21396.8464905482
633	21534.1861187275
634	21667.8055866084
635	21797.6248996863
636	21923.5660035197
637	22045.5528618267
638	22163.5115328918
639	22277.3702441766
640	22387.0594650288
641	22492.5119773868
642	22593.6629443794
643	22690.4499767218
644	22782.8131968142
645	22870.6953004493
646	22954.0416160413
647	23032.8001612892
648	23106.9216971933
649	23176.359779346
650	23241.0708064223
651	23301.014065798
652	23356.1517762313
653	23406.4491275419
654	23451.8743172326
655	23492.3985839968
656	23527.9962380635
657	23558.6446883362
658	23584.3244662827
659	23605.0192465437
660	23620.715864227
661	23631.4043288633
662	23637.0778350023
663	23637.7327694333
664	23633.3687150196
665	23623.9884511415
666	23609.5979507462
667	23590.2063740103
668	23565.8260586232
669	23536.4725067063
670	23502.1643683878
671	23462.9234220561
672	23418.774551323
673	23369.7457187296
674	23315.8679362331
675	23257.1752325204
676	23193.7046171943
677	23125.4960418863
678	23052.5923583534
679	22975.0392736195
680	22892.8853022279
681	22806.1817156741
682	22714.9824890935
683	22619.3442452808
684	22519.3261961226
685	22414.9900815279
686	22306.4001059453
687	22193.6228725569
688	22076.7273152447
689	21955.7846284257
690	21830.8681948562
691	21702.053511507
692	21569.418113615
693	21433.041497018
694	21293.0050388803
695	21149.3919169206
696	21002.2870272546
697	20851.7769009645
698	20697.9496195098
699	20540.8947290969
700	20380.7031541202
701	20217.4671097953
702	20051.2800140973
703	19882.2363991246
704	19710.4318220033
705	19535.9627754496
706	19358.9265981068
707	19179.4213847717
708	18997.5458966259
709	18813.3994715857
710	18627.0819348828
711	18438.6935099872
712	18248.3347299821
713	18056.1063494975
714	17862.1092573106
715	17666.4443897141
716	17469.212644757
717	17270.5147974542
718	17070.4514160643
719	16869.1227795281
720	16666.6287961594
721	16463.0689236771
722	16258.5420906637
723	16053.1466195323
724	15846.9801510817
725	15640.1395707147
726	15432.7209363925
727	15224.8194083941
728	15016.5291809457
729	14807.9434157821
730	14599.1541776975
731	14390.2523721413
732	14181.327684908
733	13972.4685239689
734	13763.7619634881
735	13555.2936900624
736	13347.1479512192
737	13139.4075062053
738	12932.1535790932
739	12725.4658142279
740	12519.4222340366
741	12314.0991992142
742	12109.5713712992
743	11905.911677648
744	11703.1912788118
745	11501.4795383188
746	11300.8439948578
747	11101.3503368591
748	10903.0623794624
749	10706.0420438594
750	10510.3493389957
751	10316.0423456121
752	10123.1772026044
753	9931.80809567568
754	9741.98724825286
755	9553.76491463781
756	9367.1893753582
757	9182.30693468267
758	8999.16192026142
759	8817.79668485125
760	8638.2516100817
761	8460.56511221699
762	8284.77364986612
763	8110.91173359189
764	7939.01193736771
765	7769.10491182931
766	7601.219399267
767	7435.38225030289
768	7271.61844219575
769	7109.95109871559
770	6950.40151152846
771	6792.98916303141
772	6637.73175057669
773	6484.64521202335
774	6333.74375255417
775	6185.03987269525
776	6038.54439747513
777	5894.26650666049
778	5752.21376600478
779	5612.39215944675
780	5474.80612219564
781	5339.45857463985
782	5206.35095701668
783	5075.48326478072
784	4946.85408460917
785	4820.46063098301
786	4696.29878328343
787	4574.36312334394
788	4454.64697339917
789	4337.14243437265
790	4221.84042444636
791	4108.73071785648
792	3997.80198386047
793	3889.04182582188
794	3782.43682036086
795	3677.97255651919
796	3575.63367489032
797	3475.40390666626
798	3377.26611255445
799	3281.20232151951
800	3187.19376930596
801	3095.22093669988
802	3005.26358748869
803	2917.30080608031
804	2831.311034744
805	2747.27211043735
806	2665.16130118527
807	2584.95534197833
808	2506.63047016001
809	2430.16246027338
810	2355.52665833996
811	2282.69801554496
812	2211.65112130456
813	2142.36023569298
814	2074.79932120827
815	2008.9420738576
816	1944.76195354447
817	1882.23221374164
818	1821.32593043527
819	1762.01603032731
820	1704.27531828459
821	1648.07650402452
822	1593.39222802899
823	1540.19508667903
824	1488.45765660457
825	1438.1525182449
826	1389.25227861646
827	1341.72959328615
828	1295.55718754958
829	1250.70787681461
830	1207.15458619185
831	1164.87036929496
832	1123.82842625451
833	1084.00212095013
834	1045.36499746694
835	1007.89079578279
836	971.553466694065
837	936.327185988396
838	902.186367873631
839	869.105677672982
840	837.060043797103
841	806.024669004467
842	775.975040962038
843	746.886942118823
844	718.736458905414
845	691.49999027314
846	665.154255586885
847	639.676301886068
848	615.043510528625
849	591.23360323319
850	568.224647534966
851	545.995061671029
852	524.523618911036
853	503.789451349501
854	483.772053175956
855	464.451283439421
856	445.807368323724
857	427.820902950244
858	410.472852724692
859	393.744554244531
860	377.617715783642
861	362.074417370733
862	347.097110477956
863	332.668617336082
864	318.772129892429
865	305.391208427629
866	292.509779847131
867	280.112135663134
868	268.182929682478
869	256.70717541575
870	245.67024322265
871	235.05785720841
872	224.856091885769
873	215.051368616744
874	205.630451848139
875	196.580445154422
876	187.888787101313
877	179.543246943061
878	171.531920166111
879	163.843223891478
880	156.465892147846
881	149.388971027029
882	142.601813733105
883	136.094075536166
884	129.855708641289
885	123.876956982956
886	118.148350954802
887	112.660702084225
888	107.405097661011
889	102.372895328788
890	97.5557176477685
891	92.9454466368746
892	88.5342183030123
893	84.3144171648958
894	80.2786707784952
895	76.4198442708381
896	72.731034888564
897	69.205566567306
898	65.8369845276496
899	62.6190499031065
900	59.5457344052283
901	56.6112150306865
902	53.8098688148453
903	51.1362676360672
904	48.5851730747091
905	46.1515313304906
906	43.830468201651
907	41.6172841290511
908	39.5074493081241
909	37.496598871336
910	35.5805281435796
911	33.7551879726996
912	32.0166801371216
913	30.3612528323528
914	28.7852962379083
915	27.2853381660306
916	25.8580397933716
917	24.5001914766328
918	23.2087086529831
919	21.9806278259066
920	20.8131026369798
921	19.7034000239209
922	18.6488964651169
923	17.6470743106933
924	16.6955182000658
925	15.7919115657899
926	14.9340332234104
927	14.1197540469022
928	13.3470337291968
929	12.6139176271863
930	11.9185336905153
931	11.2590894733812
932	10.63386922849
933	10.0412310822411
934	9.4796042901496
935	8.94748657145178
936	8.44344152178543
937	7.96609610278481
938	7.51413820738393
939	7.08631429958041
940	6.68142712737506
941	6.29833350756911
942	5.93594218107236
943	5.5932117373503
944	5.269148606617
945	4.96280511836269
946	4.6732776247904
947	4.3997046877249
948	4.14126532754882
949	3.8971773327153
950	3.66669562838416
951	3.44911070272797
952	3.24374708945716
953	3.04996190511738
954	2.86714343971925
955	2.69470979926923
956	2.53210759878053
957	2.37881070435565
958	2.23431902294533
959	2.09815733840451
960	1.96987419248197
961	1.84904080939864
962	1.73525006268802
963	1.62811548299278
964	1.52727030553188
965	1.43236655597476
966	1.3430741734816
967	1.25908016969157
968	1.18008782246494
969	1.10581590320912
970	1.0359979366433
971	0.970381491881271
972	0.908727503737407
973	0.850809623186204
974	0.796413595931363
975	0.745336668066176
976	0.697387017832727
977	0.652383212513146
978	0.610153689511912
979	0.570536260713737
980	0.533377639227065
981	0.4985329876485
982	0.465865487008504
983	0.435245925583595
984	0.406552306784742
985	0.379669475355968
986	0.354488761141027
987	0.324272121889977
988	0.296871435576012
989	0.272021907937433
990	0.249483050492714
991	0.229036556527198
992	0.210484348813909
993	0.193646786786354
994	0.178361021584785
995	0.164479488079418
996	0.151868523633159
997	0.140407104001151
998	0.12998568737409
999	0.120505158156007
1000	0.111875862624863
