4.410000000000000000e+02	4.905449296659394349e+02
4.420000000000000000e+02	5.040474312321122170e+02
4.430000000000000000e+02	5.178578253211437641e+02
4.440000000000000000e+02	5.319811003894481019e+02
4.450000000000000000e+02	5.464222641075996307e+02
4.460000000000000000e+02	5.611863413845811692e+02
4.470000000000000000e+02	5.762783723275276770e+02
4.480000000000000000e+02	5.917034101367257790e+02
4.490000000000000000e+02	6.074665189357120880e+02
4.500000000000000000e+02	6.235727715363379957e+02
4.510000000000000000e+02	6.400272471387390851e+02
4.520000000000000000e+02	6.568350289661946135e+02
4.530000000000000000e+02	6.740012018349219716e+02
4.540000000000000000e+02	6.915308496589061633e+02
4.550000000000000000e+02	7.094290528899305173e+02
4.560000000000000000e+02	7.277008858930224733e+02
4.570000000000000000e+02	7.463514142576105996e+02
4.580000000000000000e+02	7.653856920447265111e+02
4.590000000000000000e+02	7.848087589706797189e+02
4.600000000000000000e+02	8.046256375276690278e+02
4.610000000000000000e+02	8.248413300418920926e+02
4.620000000000000000e+02	8.454608156697491950e+02
4.630000000000000000e+02	8.664890473328453027e+02
4.640000000000000000e+02	8.879309485925297167e+02
4.650000000000000000e+02	9.097914104648076545e+02
4.660000000000000000e+02	9.320752881765173470e+02
4.670000000000000000e+02	9.547873978637526307e+02
4.680000000000000000e+02	9.779325132135684271e+02
4.690000000000000000e+02	1.001515362050103590e+03
4.700000000000000000e+02	1.025540622866300055e+03
4.710000000000000000e+02	1.050012921302519771e+03
4.720000000000000000e+02	1.074936826573381268e+03
4.730000000000000000e+02	1.100316847844271706e+03
4.740000000000000000e+02	1.126157430559019986e+03
4.750000000000000000e+02	1.152462952720337853e+03
4.760000000000000000e+02	1.179237721124670088e+03
4.770000000000000000e+02	1.206485967553222963e+03
4.780000000000000000e+02	1.234211844920968815e+03
4.790000000000000000e+02	1.262419423385550772e+03
4.800000000000000000e+02	1.291112686418048497e+03
4.810000000000000000e+02	1.320295526837707030e+03
4.820000000000000000e+02	1.349971742812904722e+03
4.830000000000000000e+02	1.380145033832139461e+03
4.840000000000000000e+02	1.410818996660095081e+03
4.850000000000000000e+02	1.441997121379078862e+03
4.860000000000000000e+02	1.473682788205776887e+03
4.870000000000000000e+02	1.505879269507456229e+03
4.880000000000000000e+02	1.538589763036948398e+03
4.890000000000000000e+02	1.571817596236985764e+03
4.900000000000000000e+02	1.605567287147166326e+03
4.910000000000000000e+02	1.639849519836787749e+03
4.920000000000000000e+02	1.674702413102456831e+03
4.930000000000000000e+02	1.710274399763537986e+03
4.940000000000000000e+02	1.747118060652856229e+03
4.950000000000000000e+02	1.787135157278946053e+03
4.960000000000000000e+02	1.836323113224491635e+03
4.970000000000000000e+02	1.911948874794045878e+03
4.980000000000000000e+02	2.059260640863257322e+03
4.990000000000000000e+02	2.385800547454135994e+03
5.000000000000000000e+02	3.122282644250290105e+03
5.010000000000000000e+02	4.712427396726036022e+03
5.020000000000000000e+02	7.913263308951667568e+03
5.030000000000000000e+02	1.385044129449123284e+04
5.040000000000000000e+02	2.393400033711553624e+04
5.050000000000000000e+02	3.953454923932202655e+04
5.060000000000000000e+02	6.139203307652094372e+04
5.070000000000000000e+02	8.889137349010462640e+04
5.080000000000000000e+02	1.195272803074450640e+05
5.090000000000000000e+02	1.489560557748786814e+05
5.100000000000000000e+02	1.718670021677108016e+05
5.110000000000000000e+02	1.835103717345907644e+05
5.120000000000000000e+02	1.812983930874734360e+05
5.130000000000000000e+02	1.657435871663641592e+05
5.140000000000000000e+02	1.402697355797610071e+05
5.150000000000000000e+02	1.099906848712167703e+05
5.160000000000000000e+02	8.005187633187891333e+04
5.170000000000000000e+02	5.426558241295904736e+04
5.180000000000000000e+02	3.450500412297008734e+04
5.190000000000000000e+02	2.087820139180244223e+04
5.200000000000000000e+02	1.236710950835769108e+04
5.210000000000000000e+02	7.536261268096988715e+03
5.220000000000000000e+02	5.044150860647752779e+03
5.230000000000000000e+02	3.882303465153745037e+03
5.240000000000000000e+02	3.403261935122639443e+03
5.250000000000000000e+02	3.242281719428462566e+03
5.260000000000000000e+02	3.216370716298893058e+03
5.270000000000000000e+02	3.243020051216000411e+03
5.280000000000000000e+02	3.288590991281752849e+03
5.290000000000000000e+02	3.340628263437449732e+03
5.300000000000000000e+02	3.394928600429976541e+03
5.310000000000000000e+02	3.450194005201528398e+03
5.320000000000000000e+02	3.506054613381830222e+03
5.330000000000000000e+02	3.562410330156947566e+03
5.340000000000000000e+02	3.619232456250591895e+03
5.350000000000000000e+02	3.676509405359023276e+03
5.360000000000000000e+02	3.734233177165059715e+03
5.370000000000000000e+02	3.792396280552041389e+03
5.380000000000000000e+02	3.850991093409905716e+03
5.390000000000000000e+02	3.910009740363576384e+03
5.400000000000000000e+02	3.969444071143725978e+03
5.410000000000000000e+02	4.029285656958904838e+03
5.420000000000000000e+02	4.089525789936345063e+03
5.430000000000000000e+02	4.150155483167051898e+03
5.440000000000000000e+02	4.211165470984744388e+03
5.450000000000000000e+02	4.272546209429364353e+03
5.460000000000000000e+02	4.334287876890894040e+03
5.470000000000000000e+02	4.396380374934851716e+03
5.480000000000000000e+02	4.458813329311426969e+03
5.490000000000000000e+02	4.521576091150156572e+03
5.500000000000000000e+02	4.584657738341890763e+03
5.510000000000000000e+02	4.648047077109698876e+03
5.520000000000000000e+02	4.711732643770198592e+03
5.530000000000000000e+02	4.775702706686651254e+03
5.540000000000000000e+02	4.839945268415026476e+03
5.550000000000000000e+02	4.904448068044088359e+03
5.560000000000000000e+02	4.969198583730378232e+03
5.570000000000000000e+02	5.034184035428864263e+03
5.580000000000000000e+02	5.099391387819783631e+03
5.590000000000000000e+02	5.164807353432156560e+03
5.600000000000000000e+02	5.230418395964155934e+03
5.610000000000000000e+02	5.296210733800460730e+03
5.620000000000000000e+02	5.362170343726489591e+03
5.630000000000000000e+02	5.428282964839237138e+03
5.640000000000000000e+02	5.494534102654311937e+03
5.650000000000000000e+02	5.560909033408541291e+03
5.660000000000000000e+02	5.627392808557363423e+03
5.670000000000000000e+02	5.693970259466047537e+03
5.680000000000000000e+02	5.760626002293584861e+03
5.690000000000000000e+02	5.827344443067935572e+03
5.700000000000000000e+02	5.894109782951117268e+03
5.710000000000000000e+02	5.960906023692454255e+03
5.720000000000000000e+02	6.027716973268100446e+03
5.730000000000000000e+02	6.094526251704788592e+03
5.740000000000000000e+02	6.161317297085575774e+03
5.750000000000000000e+02	6.228073371735139517e+03
5.760000000000000000e+02	6.294777568582054300e+03
5.770000000000000000e+02	6.361412817695219019e+03
5.780000000000000000e+02	6.427961892991517743e+03
5.790000000000000000e+02	6.494407419111511444e+03
5.800000000000000000e+02	6.560731878459891050e+03
5.810000000000000000e+02	6.626917618407130249e+03
5.820000000000000000e+02	6.692946858648705529e+03
5.830000000000000000e+02	6.758801698717995350e+03
5.840000000000000000e+02	6.824464125648843947e+03
5.850000000000000000e+02	6.889916021783596079e+03
5.860000000000000000e+02	6.955139172722231706e+03
5.870000000000000000e+02	7.020115275408063098e+03
5.880000000000000000e+02	7.084825946345324155e+03
5.890000000000000000e+02	7.149252729943778832e+03
5.900000000000000000e+02	7.213377106985350110e+03
5.910000000000000000e+02	7.277180503207629044e+03
5.920000000000000000e+02	7.340644297998911497e+03
5.930000000000000000e+02	7.403749833199367458e+03
5.940000000000000000e+02	7.466478422002711341e+03
5.950000000000000000e+02	7.528811357952652543e+03
5.960000000000000000e+02	7.590729924028283676e+03
5.970000000000000000e+02	7.652215401812401069e+03
5.980000000000000000e+02	7.713249080736653923e+03
5.990000000000000000e+02	7.773812267397305732e+03
6.000000000000000000e+02	7.833886294935257865e+03
6.010000000000000000e+02	7.893452532473894280e+03
6.020000000000000000e+02	7.952492394608208997e+03
6.030000000000000000e+02	8.010987350938566124e+03
6.040000000000000000e+02	8.068918935642374890e+03
6.050000000000000000e+02	8.126268757076843940e+03
6.060000000000000000e+02	8.183018507405950004e+03
6.070000000000000000e+02	8.239149972244646051e+03
6.080000000000000000e+02	8.294645040313274876e+03
6.090000000000000000e+02	8.349485713095114988e+03
6.100000000000000000e+02	8.403654114489920175e+03
6.110000000000000000e+02	8.457132500456258640e+03
6.120000000000000000e+02	8.509903268635447603e+03
6.130000000000000000e+02	8.561948967949821963e+03
6.140000000000000000e+02	8.613252308168053787e+03
6.150000000000000000e+02	8.663796169430257578e+03
6.160000000000000000e+02	8.713563611725534429e+03
6.170000000000000000e+02	8.762537884314688199e+03
6.180000000000000000e+02	8.810702435090781364e+03
6.190000000000000000e+02	8.858040919870270955e+03
6.200000000000000000e+02	8.904537211607399513e+03
6.210000000000000000e+02	8.950175409524666975e+03
6.220000000000000000e+02	8.994939848152089326e+03
6.230000000000000000e+02	9.038815106268139061e+03
6.240000000000000000e+02	9.081786015735198816e+03
6.250000000000000000e+02	9.123837670222475936e+03
6.260000000000000000e+02	9.164955433809356691e+03
6.270000000000000000e+02	9.205124949462289806e+03
6.280000000000000000e+02	9.244332147378294394e+03
6.290000000000000000e+02	9.282563253188343879e+03
6.300000000000000000e+02	9.319804796013941086e+03
6.310000000000000000e+02	9.356043616370272503e+03
6.320000000000000000e+02	9.391266873909476999e+03
6.330000000000000000e+02	9.425462054997638916e+03
6.340000000000000000e+02	9.458616980119282744e+03
6.350000000000000000e+02	9.490719811103186657e+03
6.360000000000000000e+02	9.521759058163572263e+03
6.370000000000000000e+02	9.551723586750780669e+03
6.380000000000000000e+02	9.580602624205719621e+03
6.390000000000000000e+02	9.608385766212521048e+03
6.400000000000000000e+02	9.635062983044006614e+03
6.410000000000000000e+02	9.660624625594704412e+03
6.420000000000000000e+02	9.685061431196338162e+03
6.430000000000000000e+02	9.708364529210890396e+03
6.440000000000000000e+02	9.730525446396504776e+03
6.450000000000000000e+02	9.751536112041685556e+03
6.460000000000000000e+02	9.771388862863448594e+03
6.470000000000000000e+02	9.790076447665245723e+03
6.480000000000000000e+02	9.807592031750709793e+03
6.490000000000000000e+02	9.823929201089469643e+03
6.500000000000000000e+02	9.839081966231453407e+03
6.510000000000000000e+02	9.853044765966358682e+03
6.520000000000000000e+02	9.865812470725160892e+03
6.530000000000000000e+02	9.877380385720718550e+03
6.540000000000000000e+02	9.887744253824826956e+03
6.550000000000000000e+02	9.896900258179211960e+03
6.560000000000000000e+02	9.904845024538250073e+03
6.570000000000000000e+02	9.911575623341384926e+03
6.580000000000000000e+02	9.917089571513466581e+03
6.590000000000000000e+02	9.921384833991462074e+03
6.600000000000000000e+02	9.924459824976218442e+03
6.610000000000000000e+02	9.926313408908225028e+03
6.620000000000000000e+02	9.926944901166481941e+03
6.630000000000000000e+02	9.926354068489932615e+03
6.640000000000000000e+02	9.924541129121069389e+03
6.650000000000000000e+02	9.921506752671564755e+03
6.660000000000000000e+02	9.917252059710095637e+03
6.670000000000000000e+02	9.911778621072679016e+03
6.680000000000000000e+02	9.905088456896111893e+03
6.690000000000000000e+02	9.897184035375386884e+03
6.700000000000000000e+02	9.888068271246083896e+03
6.710000000000000000e+02	9.877744523993129405e+03
6.720000000000000000e+02	9.866216595787396727e+03
6.730000000000000000e+02	9.853488729151944426e+03
6.740000000000000000e+02	9.839565604359911958e+03
6.750000000000000000e+02	9.824452336566286249e+03
6.760000000000000000e+02	9.808154472676007572e+03
6.770000000000000000e+02	9.790677987951106843e+03
6.780000000000000000e+02	9.772029282359762874e+03
6.790000000000000000e+02	9.752215176670419169e+03
6.800000000000000000e+02	9.731242908294287190e+03
6.810000000000000000e+02	9.709120126879786767e+03
6.820000000000000000e+02	9.685854889662678033e+03
6.830000000000000000e+02	9.661455656575841203e+03
6.840000000000000000e+02	9.635931285122853296e+03
6.850000000000000000e+02	9.609291025019732842e+03
6.860000000000000000e+02	9.581544512609349113e+03
6.870000000000000000e+02	9.552701765053248891e+03
6.880000000000000000e+02	9.522773174305813882e+03
6.890000000000000000e+02	9.491769500875756421e+03
6.900000000000000000e+02	9.459701867380292242e+03
6.910000000000000000e+02	9.426581751897294453e+03
6.920000000000000000e+02	9.392420981121058503e+03
6.930000000000000000e+02	9.357231723327380678e+03
6.940000000000000000e+02	9.321026481153752684e+03
6.950000000000000000e+02	9.283818084200742305e+03
6.960000000000000000e+02	9.245619681460620995e+03
6.970000000000000000e+02	9.206444733579539388e+03
6.980000000000000000e+02	9.166307004959573533e+03
6.990000000000000000e+02	9.125220555707155654e+03
7.000000000000000000e+02	9.083199733434472364e+03
7.010000000000000000e+02	9.040259164920489638e+03
7.020000000000000000e+02	8.996413747638422137e+03
7.030000000000000000e+02	8.951678641156455342e+03
7.040000000000000000e+02	8.906069258418705431e+03
7.050000000000000000e+02	8.859601256913389079e+03
7.060000000000000000e+02	8.812290529735289965e+03
7.070000000000000000e+02	8.764153196549636050e+03
7.080000000000000000e+02	8.715205594464569003e+03
7.090000000000000000e+02	8.665464268819408971e+03
7.100000000000000000e+02	8.614945963895965178e+03
7.110000000000000000e+02	8.563667613560166501e+03
7.120000000000000000e+02	8.511646331841307983e+03
7.130000000000000000e+02	8.458899403456194705e+03
7.140000000000000000e+02	8.405444274285513529e+03
7.150000000000000000e+02	8.351298541809732342e+03
7.160000000000000000e+02	8.296479945511806363e+03
7.170000000000000000e+02	8.241006357253985698e+03
7.180000000000000000e+02	8.184895771635967321e+03
7.190000000000000000e+02	8.128166296341613815e+03
7.200000000000000000e+02	8.070836142481432034e+03
7.210000000000000000e+02	8.012923614937927596e+03
7.220000000000000000e+02	7.954447102720956536e+03
7.230000000000000000e+02	7.895425069340067239e+03
7.240000000000000000e+02	7.835876043200825734e+03
7.250000000000000000e+02	7.775818608031999247e+03
7.260000000000000000e+02	7.715271393350426479e+03
7.270000000000000000e+02	7.654253064970303058e+03
7.280000000000000000e+02	7.592782315563512384e+03
7.290000000000000000e+02	7.530877855277585695e+03
7.300000000000000000e+02	7.468558402417698744e+03
7.310000000000000000e+02	7.405842674199068824e+03
7.320000000000000000e+02	7.342749377575980361e+03
7.330000000000000000e+02	7.279297200153548147e+03
7.340000000000000000e+02	7.215504801188202691e+03
7.350000000000000000e+02	7.151390802682779395e+03
7.360000000000000000e+02	7.086973780581920437e+03
7.370000000000000000e+02	7.022272256073407334e+03
7.380000000000000000e+02	6.957304687000864760e+03
7.390000000000000000e+02	6.892089459393159814e+03
7.400000000000000000e+02	6.826644879115647200e+03
7.410000000000000000e+02	6.760989163648281647e+03
7.420000000000000000e+02	6.695140433995452440e+03
7.430000000000000000e+02	6.629116706732237617e+03
7.440000000000000000e+02	6.562935886191598911e+03
7.450000000000000000e+02	6.496615756796911228e+03
7.460000000000000000e+02	6.430173975544024870e+03
7.470000000000000000e+02	6.363628064636863201e+03
7.480000000000000000e+02	6.296995404280470211e+03
7.490000000000000000e+02	6.230293225635144154e+03
7.500000000000000000e+02	6.163538603935196079e+03
7.510000000000000000e+02	6.096748451775667490e+03
7.520000000000000000e+02	6.029939512570137595e+03
7.530000000000000000e+02	5.963128354182626936e+03
7.540000000000000000e+02	5.896331362736351366e+03
7.550000000000000000e+02	5.829564736601983896e+03
7.560000000000000000e+02	5.762844480567800929e+03
7.570000000000000000e+02	5.696186400194001180e+03
7.580000000000000000e+02	5.629606096353225439e+03
7.590000000000000000e+02	5.563118959959188032e+03
7.600000000000000000e+02	5.496740166885085273e+03
7.610000000000000000e+02	5.430484673073312479e+03
7.620000000000000000e+02	5.364367209837822884e+03
7.630000000000000000e+02	5.298402279360267130e+03
7.640000000000000000e+02	5.232604150380894680e+03
7.650000000000000000e+02	5.166986854085002051e+03
7.660000000000000000e+02	5.101564180185560872e+03
7.670000000000000000e+02	5.036349673202433223e+03
7.680000000000000000e+02	4.971356628938483482e+03
7.690000000000000000e+02	4.906598091152630332e+03
7.700000000000000000e+02	4.842086848429815291e+03
7.710000000000000000e+02	4.777835431247603083e+03
7.720000000000000000e+02	4.713856109239024590e+03
7.730000000000000000e+02	4.650160888651091227e+03
7.740000000000000000e+02	4.586761509998243127e+03
7.750000000000000000e+02	4.523669445909842580e+03
7.760000000000000000e+02	4.460895899170680423e+03
7.770000000000000000e+02	4.398451800953288512e+03
7.780000000000000000e+02	4.336347809240721290e+03
7.790000000000000000e+02	4.274594307438329452e+03
7.800000000000000000e+02	4.213201403172885875e+03
7.810000000000000000e+02	4.152178927277300318e+03
7.820000000000000000e+02	4.091536432959042486e+03
7.830000000000000000e+02	4.031283195150218035e+03
7.840000000000000000e+02	3.971428210037164263e+03
7.850000000000000000e+02	3.911980194767281318e+03
7.860000000000000000e+02	3.852947587330700571e+03
7.870000000000000000e+02	3.794338546614288589e+03
7.880000000000000000e+02	3.736160952625361915e+03
7.890000000000000000e+02	3.678422406882390533e+03
7.900000000000000000e+02	3.621130232969859662e+03
7.910000000000000000e+02	3.564291477254374513e+03
7.920000000000000000e+02	3.507912909758987098e+03
7.930000000000000000e+02	3.452001025192627822e+03
7.940000000000000000e+02	3.396562044131478160e+03
7.950000000000000000e+02	3.341601914348996161e+03
7.960000000000000000e+02	3.287126312291253726e+03
7.970000000000000000e+02	3.233140644694180082e+03
7.980000000000000000e+02	3.179650050339216250e+03
7.990000000000000000e+02	3.126659401943852117e+03
8.000000000000000000e+02	3.074173308183438166e+03
8.010000000000000000e+02	3.022196115840617495e+03
8.020000000000000000e+02	2.970731912078681944e+03
8.030000000000000000e+02	2.919784526835106135e+03
8.040000000000000000e+02	2.869357535331470444e+03
8.050000000000000000e+02	2.819454260695953508e+03
8.060000000000000000e+02	2.770077776694552085e+03
8.070000000000000000e+02	2.721230910567137471e+03
8.080000000000000000e+02	2.672916245964454902e+03
8.090000000000000000e+02	2.625136125982150133e+03
8.100000000000000000e+02	2.577892656287885529e+03
8.110000000000000000e+02	2.531187708337608001e+03
8.120000000000000000e+02	2.485022922677016140e+03
8.130000000000000000e+02	2.439399712324282063e+03
8.140000000000000000e+02	2.394319266230074845e+03
8.150000000000000000e+02	2.349782552810941525e+03
8.160000000000000000e+02	2.305790323552127575e+03
8.170000000000000000e+02	2.262343116675890997e+03
8.180000000000000000e+02	2.219441260871432860e+03
8.190000000000000000e+02	2.177084879082545285e+03
8.200000000000000000e+02	2.135273892349126072e+03
8.210000000000000000e+02	2.094008023698719171e+03
8.220000000000000000e+02	2.053286802084292958e+03
8.230000000000000000e+02	2.013109566364469401e+03
8.240000000000000000e+02	1.973475469322491335e+03
8.250000000000000000e+02	1.934383481720215514e+03
8.260000000000000000e+02	1.895832396383498917e+03
8.270000000000000000e+02	1.857820832315357620e+03
8.280000000000000000e+02	1.820347238833347774e+03
8.290000000000000000e+02	1.783409899727658285e+03
8.300000000000000000e+02	1.747006937436458657e+03
8.310000000000000000e+02	1.711136317235101615e+03
8.320000000000000000e+02	1.675795851435834720e+03
8.330000000000000000e+02	1.640983203594739507e+03
8.340000000000000000e+02	1.606695892722667168e+03
8.350000000000000000e+02	1.572931297497018022e+03
8.360000000000000000e+02	1.539686660471264076e+03
8.370000000000000000e+02	1.506959092279182187e+03
8.380000000000000000e+02	1.474745575830841290e+03
8.390000000000000000e+02	1.443042970497449915e+03
8.400000000000000000e+02	1.411848016282238405e+03
8.410000000000000000e+02	1.381157337974631446e+03
8.420000000000000000e+02	1.350967449285029716e+03
8.430000000000000000e+02	1.321274756957604041e+03
8.440000000000000000e+02	1.292075564858569578e+03
8.450000000000000000e+02	1.263366078037492571e+03
8.460000000000000000e+02	1.235142406759252026e+03
8.470000000000000000e+02	1.207400570504364396e+03
8.480000000000000000e+02	1.180136501935444358e+03
8.490000000000000000e+02	1.153346050827673253e+03
8.500000000000000000e+02	1.127024987961193574e+03
8.510000000000000000e+02	1.101169008973470227e+03
8.520000000000000000e+02	1.075773738169691796e+03
8.530000000000000000e+02	1.050834732289403519e+03
8.540000000000000000e+02	1.026347484227610721e+03
8.550000000000000000e+02	1.002307426708705293e+03
8.560000000000000000e+02	9.787099359115997004e+02
8.570000000000000000e+02	9.555503350445885644e+02
8.580000000000000000e+02	9.328238978684794347e+02
8.590000000000000000e+02	9.105258521666564775e+02
8.600000000000000000e+02	8.886513831607896918e+02
8.610000000000000000e+02	8.671956368709963954e+02
8.620000000000000000e+02	8.461537234193233417e+02
8.630000000000000000e+02	8.255207202755053686e+02
8.640000000000000000e+02	8.052916754440230989e+02
8.650000000000000000e+02	7.854616105915604294e+02
8.660000000000000000e+02	7.660255241140274620e+02
8.670000000000000000e+02	7.469783941424024079e+02
8.680000000000000000e+02	7.283151814866927225e+02
8.690000000000000000e+02	7.100308325174099764e+02
8.700000000000000000e+02	6.921202819840043503e+02
8.710000000000000000e+02	6.745784557697797936e+02
8.720000000000000000e+02	6.574002735828723871e+02
8.730000000000000000e+02	6.405806515829467571e+02
8.740000000000000000e+02	6.241145049433182521e+02
8.750000000000000000e+02	6.079967503482828306e+02
8.760000000000000000e+02	5.922223084254832202e+02
8.770000000000000000e+02	5.767861061132180112e+02
8.780000000000000000e+02	5.616830789626354772e+02
8.790000000000000000e+02	5.469081733748345187e+02
8.800000000000000000e+02	5.324563487729296867e+02
8.810000000000000000e+02	5.183225797092044331e+02
8.820000000000000000e+02	5.045018579075210141e+02
8.830000000000000000e+02	4.909891942412126582e+02
8.840000000000000000e+02	4.777796206467248794e+02
8.850000000000000000e+02	4.648681919733270433e+02
8.860000000000000000e+02	4.522499877692563928e+02
8.870000000000000000e+02	4.399201140047064200e+02
8.880000000000000000e+02	4.278737047321043860e+02
8.890000000000000000e+02	4.161059236841791176e+02
8.900000000000000000e+02	4.046119658103411894e+02
8.910000000000000000e+02	3.933870587519537025e+02
8.920000000000000000e+02	3.824264642570923911e+02
8.930000000000000000e+02	3.717254795354420480e+02
8.940000000000000000e+02	3.612794385539978066e+02
8.950000000000000000e+02	3.510837132742801714e+02
8.960000000000000000e+02	3.411337148317974766e+02
8.970000000000000000e+02	3.314248946585205999e+02
8.980000000000000000e+02	3.219527455491586920e+02
8.990000000000000000e+02	3.127128026720559433e+02
9.000000000000000000e+02	3.037006445255444191e+02
9.010000000000000000e+02	2.949118938406194843e+02
9.020000000000000000e+02	2.863422184308189458e+02
9.030000000000000000e+02	2.779873319902091566e+02
9.040000000000000000e+02	2.698429948403984895e+02
9.050000000000000000e+02	2.619050146275167208e+02
9.060000000000000000e+02	2.541692469701104642e+02
9.070000000000000000e+02	2.466315960589244298e+02
9.080000000000000000e+02	2.392880152095425785e+02
9.090000000000000000e+02	2.321345073688852096e+02
9.100000000000000000e+02	2.251671255765557191e+02
9.110000000000000000e+02	2.183819733820503757e+02
9.120000000000000000e+02	2.117752052188435243e+02
9.130000000000000000e+02	2.053430267363735595e+02
9.140000000000000000e+02	1.990816950909527066e+02
9.150000000000000000e+02	1.929875191966361285e+02
9.160000000000000000e+02	1.870568599370796505e+02
9.170000000000000000e+02	1.812861303394248864e+02
9.180000000000000000e+02	1.756717957112445845e+02
9.190000000000000000e+02	1.702103737415878300e+02
9.200000000000000000e+02	1.648984345671530605e+02
9.210000000000000000e+02	1.597326008046272250e+02
9.220000000000000000e+02	1.547095475502148645e+02
9.230000000000000000e+02	1.498260023473820297e+02
9.240000000000000000e+02	1.450787451238376207e+02
9.250000000000000000e+02	1.404646080987586743e+02
9.260000000000000000e+02	1.359804756612737435e+02
9.270000000000000000e+02	1.316232842211972525e+02
9.280000000000000000e+02	1.273900220330098136e+02
9.290000000000000000e+02	1.232777289940642902e+02
9.300000000000000000e+02	1.192834964179910600e+02
9.310000000000000000e+02	1.154044667842637750e+02
9.320000000000000000e+02	1.116378334648793356e+02
9.330000000000000000e+02	1.079808404290889996e+02
9.340000000000000000e+02	1.044307819271119229e+02
9.350000000000000000e+02	1.009850021537441762e+02
9.360000000000000000e+02	9.764089489276916822e+01
9.370000000000000000e+02	9.439590314305600316e+01
9.380000000000000000e+02	9.124751872722339385e+01
9.390000000000000000e+02	8.819328188373012267e+01
9.400000000000000000e+02	8.523078084323945802e+01
9.410000000000000000e+02	8.235765139008934455e+01
9.420000000000000000e+02	7.957157640968513590e+01
9.430000000000000000e+02	7.687028542261724340e+01
9.440000000000000000e+02	7.425155410628897812e+01
9.450000000000000000e+02	7.171320380482411849e+01
9.460000000000000000e+02	6.925310102800878553e+01
9.470000000000000000e+02	6.686915694000383326e+01
9.480000000000000000e+02	6.455932683855024834e+01
9.490000000000000000e+02	6.232160962536969606e+01
9.500000000000000000e+02	6.015404726844994343e+01
9.510000000000000000e+02	5.805472425688335392e+01
9.520000000000000000e+02	5.602176704891503078e+01
9.530000000000000000e+02	5.405334351383483238e+01
9.540000000000000000e+02	5.214766236833484214e+01
9.550000000000000000e+02	5.030297260793388858e+01
9.560000000000000000e+02	4.851756293405635745e+01
9.570000000000000000e+02	4.678976117733309081e+01
9.580000000000000000e+02	4.511793371767695504e+01
9.590000000000000000e+02	4.350048490166793869e+01
9.600000000000000000e+02	4.193585645776720838e+01
9.610000000000000000e+02	4.042252690986042296e+01
9.620000000000000000e+02	3.895901098961706310e+01
9.630000000000000000e+02	3.754385904813354102e+01
9.640000000000000000e+02	3.617565646731338802e+01
9.650000000000000000e+02	3.485302307142054445e+01
9.660000000000000000e+02	3.357461253922624422e+01
9.670000000000000000e+02	3.233911181715434680e+01
9.680000000000000000e+02	3.114524053381414603e+01
9.690000000000000000e+02	2.999175041629396432e+01
9.700000000000000000e+02	2.887742470857429211e+01
9.710000000000000000e+02	2.780107759240375742e+01
9.720000000000000000e+02	2.676155361096667562e+01
9.730000000000000000e+02	2.575772709565586993e+01
9.740000000000000000e+02	2.478850159625107352e+01
9.750000000000000000e+02	2.385280931478813926e+01
9.760000000000000000e+02	2.294961054339124829e+01
9.770000000000000000e+02	2.207789310632630730e+01
9.780000000000000000e+02	2.123667180652044451e+01
9.790000000000000000e+02	2.042498787677973127e+01
9.800000000000000000e+02	1.964190843592436764e+01
9.810000000000000000e+02	1.888652595004779400e+01
9.820000000000000000e+02	1.815795769909449575e+01
9.830000000000000000e+02	1.745534524893874817e+01
9.840000000000000000e+02	1.677785392913557416e+01
9.850000000000000000e+02	1.612467231650312627e+01
9.860000000000000000e+02	1.549501172468495369e+01
9.870000000000000000e+02	1.488810569982983623e+01
9.880000000000000000e+02	1.430320952251641664e+01
9.890000000000000000e+02	1.373959971603921559e+01
9.900000000000000000e+02	1.319657356116312741e+01
9.910000000000000000e+02	1.267344861744364692e+01
9.920000000000000000e+02	1.216956225120075530e+01
9.930000000000000000e+02	1.168427117022515382e+01
9.940000000000000000e+02	1.121695096528693192e+01
9.950000000000000000e+02	1.076699565850810636e+01
9.960000000000000000e+02	1.033381725865237577e+01
9.970000000000000000e+02	9.916845323377097898e+00
9.980000000000000000e+02	9.515526528485361624e+00
9.990000000000000000e+02	9.129324244208039119e+00
1.000000000000000000e+03	8.757718118539077778e+00
