440	-34.2640590335194
441	-8.21931811322287
442	-52.8570928337055
443	-53.8659828532673
444	3.53778772534944
445	-6.95419492104978
446	-11.5773168852282
447	-12.6999741541809
448	27.730894170217
449	-34.4863097100398
450	-33.2368296294915
451	-15.9811447651815
452	0.0325854225458444
453	-38.6310428617834
454	-40.7866812763773
455	-4.49006153251696
456	-24.7404657811998
457	56.1009878044673
458	43.5862438608753
459	74.5508460927757
460	6.67796562603083
461	81.6728131553187
462	-23.044413302322
463	-27.3307489891833
464	-16.3212268303581
465	-14.0854129773156
466	0.0309041394938728
467	42.0514411777335
468	1.1039958086288
469	4.3091887001243
470	64.0220127923425
471	-26.5552397494395
472	5.3320666687739
473	12.7179651500831
474	39.0392645668301
475	92.5460343267362
476	29.3841375471028
477	103.528185150025
478	65.7097581288408
479	87.3618576929936
480	138.964171868357
481	164.436880564406
482	181.523910261487
483	220.138104295129
484	256.587973922047
485	327.691401730177
486	268.729449983057
487	371.099375050146
488	555.416615553139
489	507.520237452312
490	855.837361532466
491	802.460209055189
492	983.282784004809
493	1043.59426674393
494	1121.73748205488
495	1237.64481267512
496	1562.90434308445
497	1937.02857142857
498	2358.30789004929
499	2888.77676681157
500	3659.14607004872
501	4656.5927551697
502	6444.75159570191
503	8421.9944089926
504	11591.7534960575
505	15824.6577525658
506	21979.1759720431
507	28023.7677170026
508	35501.4150874903
509	42402.2813116707
510	48068.9524067332
511	47276.8901437323
512	42750.3660257508
513	34466.1986490298
514	25962.0483361431
515	19240.3015709009
516	13283.8764545818
517	9795.10883685999
518	7473.74597249453
519	5710.5108358272
520	4296.6398487711
521	3724.05935394676
522	2906.32732147277
523	2565.12788780903
524	1831.74668720624
525	1564.68098123153
526	1332.04199191912
527	1171.07374135743
528	1052.4209802177
529	976.644025086098
530	934.935727460718
531	896.531659639022
532	872.557639513511
533	852.635125909283
534	852.12324829893
535	845.876982503789
536	846.372231564011
537	854.371228381884
538	862.705171830193
539	888.661171111733
540	874.510242689947
541	873.03050272816
542	878.052040986771
543	890.806939268802
544	909.806429304303
545	937.571311931074
546	964.778018539767
547	992.382160011609
548	1023.18209264419
549	1054.7920711517
550	1083.90987794093
551	1118.95306468674
552	1155.68109941742
553	1204.05609194756
554	1249.85677459926
555	1296.66171460725
556	1346.46759397302
557	1391.57469673173
558	1439.61705852574
559	1501.49242370642
560	1551.49166066985
561	1616.25705698649
562	1674.24827890362
563	1740.33136755487
564	1812.73919500211
565	1888.64424299253
566	1985.41626124735
567	2075.88818868134
568	2171.59807259063
569	2272.35315921295
570	2374.02424980602
571	2475.76818804618
572	2579.87996266087
573	2683.87084659676
574	2787.78634537909
575	2894.21530427245
576	3004.90413230146
577	3117.9467151356
578	3231.49444797736
579	3350.91933867507
580	3474.18932260282
581	3591.41648868712
582	3705.61908252681
583	3821.88326695225
584	3945.19807352615
585	4065.61426390043
586	4190.82316592462
587	4317.81269336854
588	4438.02381892047
589	4570.67203979264
590	4692.94682391972
591	4823.49303709072
592	4948.01266760274
593	5069.51447112075
594	5192.04295509947
595	5295.52521231081
596	5399.83607851139
597	5504.94375368362
598	5610.81526409716
599	5717.41646988622
600	5824.71207411752
601	5932.66563336512
602	6041.2395698061
603	6150.39518484878
604	6260.09267430315
605	6370.29114510066
606	6480.94863356824
607	6592.02212525905
608	6703.46757633985
609	6815.23993653254
610	6927.29317360471
611	7039.58029940164
612	7152.05339740934
613	7264.66365183583
614	7377.36137819506
615	7490.09605537518
616	7602.81635917031
617	7715.47019725217
618	7828.00474555523
619	7940.3664860466
620	8052.50124584879
621	8164.35423768125
622	8275.87010158381
623	8386.99294788243
624	8497.6664013553
625	8607.83364655489
626	8717.43747423869
627	8826.42032885947
628	8934.72435706323
629	9042.29145714072
630	9149.06332937649
631	9254.98152723685
632	9359.98750933638
633	9464.0226921207
634	9567.02850320096
635	9668.94643527415
636	9769.71810056142
637	9869.28528569501
638	9967.59000698308
639	10064.5745659801
640	10160.1816052899
641	10254.3541645256
642	10347.0357363532
643	10438.1703225398
644	10527.7024899314
645	10615.5774262817
646	10701.7409958541
647	10786.1397947177
648	10868.7212056605
649	10949.4334526389
650	11028.2256546863
651	11105.0478792031
652	11179.8511945481
653	11252.5877218562
654	11323.2106860051
655	11391.6744656539
656	11457.9346422813
657	11521.9480481473
658	11583.6728131074
659	11643.0684102084
660	11700.0956999954
661	11754.7169734629
662	11806.8959935843
663	11856.5980353548
664	11903.7899242874
665	11948.4400733005
666	11990.5185179411
667	12029.9969498877
668	12066.8487486813
669	12101.0490116341
670	12132.5745818685
671	12161.404074444
672	12187.5179005282
673	12210.898289576
674	12231.5293094801
675	12249.396884662
676	12264.4888120741
677	12276.7947750875
678	12286.3063552438
679	12293.0170418517
680	12296.9222394131
681	12298.0192728673
682	12296.3073906444
683	12291.7877655233
684	12284.463493293
685	12274.3395892187
686	12261.4229823197
687	12245.7225074665
688	12227.2488953114
689	12206.0147600672
690	12182.0345851546
691	12155.3247067404
692	12125.9032951933
693	12093.7903344865
694	12059.0075995791
695	12021.5786318139
696	11981.528712368
697	11938.8848338009
698	11893.6756697425
699	11845.9315427703
700	11795.6843905248
701	11742.9677301176
702	11687.8166208864
703	11630.2676255556
704	11570.3587698623
705	11508.1295007102
706	11443.6206429157
707	11376.8743546134
708	11307.9340813872
709	11236.8445091991
710	11163.6515161853
711	11088.402123393
712	11011.1444445319
713	10931.9276348146
714	10850.8018389639
715	10767.8181384603
716	10683.0284981112
717	10596.4857120168
718	10508.243349012
719	10418.3556976633
720	10326.8777108987
721	10233.8649503493
722	10139.3735304815
723	10043.4600625971
724	9946.18159877911
725	9847.59557586083
726	9747.75975949297
727	9646.73218838567
728	9544.57111879864
729	9441.33496935293
730	9337.08226623622
731	9231.87158887201
732	9125.76151612181
733	9018.81057308769
734	8911.07717858096
735	8802.61959332074
736	8693.49586892453
737	8583.76379775079
738	8473.48086365137
739	8362.70419368961
740	8251.49051087771
741	8139.89608798449
742	8027.97670246247
743	7915.78759254084
744	7803.3834145281
745	7690.818201366
746	7578.14532247359
747	7465.41744491777
748	7352.68649594393
749	7240.00362689783
750	7127.41917856702
751	7014.9826479675
752	6902.74265659866
753	6790.74692018689
754	6679.04221993535
755	6567.67437529511
756	6456.68821826976
757	6346.12756926338
758	6236.03521447891
759	6126.45288487134
760	6017.42123665788
761	5908.97983338442
762	5801.16712954539
763	5694.02045575168
764	5587.57600543873
765	5481.8688231049
766	5376.93279406775
767	5272.80063572385
768	5169.50389029545
769	5067.07291904553
770	4965.53689794064
771	4864.92381473891
772	4765.26046747924
773	4666.57246434547
774	4568.88422487785
775	4472.21898250273
776	4376.59878834973
777	4282.04451632412
778	4188.57586940121
779	4096.21138710804
780	4004.96845415648
781	3914.86331019118
782	3825.9110606143
783	3738.12568844865
784	3651.52006719965
785	3566.10597467609
786	3481.89410772904
787	3398.89409786752
788	3317.1145277095
789	3236.56294822614
790	3157.24589673702
791	3079.16891561402
792	3002.33657165126
793	2926.75247605865
794	2852.41930503657
795	2779.3388208893
796	2707.51189363516
797	2636.9385230715
798	2567.61786125306
799	2499.54823534257
800	2432.72717079311
801	2367.15141482204
802	2302.81696013722
803	2239.71906887648
804	2177.85229672245
805	2117.2105171553
806	2057.78694580684
807	1999.57416488031
808	1942.56414760105
809	1886.74828266409
810	1832.11739864582
811	1778.66178834774
812	1726.37123304136
813	1675.23502658442
814	1625.24199937959
815	1576.38054214795
816	1528.6386294906
817	1482.00384321307
818	1436.4633953879
819	1392.00415113256
820	1348.61265108028
821	1306.27513352327
822	1264.97755620826
823	1224.70561776602
824	1185.44477875742
825	1147.18028231963
826	1109.89717439752
827	1073.58032354607
828	1038.21444029123
829	1003.78409603712
830	970.273741509227
831	937.667724723811
832	905.950308475167
833	875.10568733314
834	845.118004144522
835	815.971366032849
836	787.649859892107
837	760.137567370835
838	733.418579343988
839	707.47700987086
840	682.297009638211
841	657.862778888577
842	634.158579834573
843	611.168748560753
844	588.877706415358
845	567.269970894981
846	546.330166025892
847	526.043032246389
848	506.393435795184
849	487.366377611424
850	468.947001752487
851	451.120603336258
852	433.872636015029
853	417.188718988702
854	401.05464356533
855	385.456379277513
856	370.38007956346
857	355.81208702193
858	341.738938250552
859	328.147368277289
860	315.024314595114
861	302.35692081013
862	290.132539913625
863	278.338737188685
864	266.963292762134
865	255.994203812738
866	245.419686446628
867	235.228177251061
868	225.408334537599
869	215.949039285889
870	206.839395799186
871	198.068732082768
872	189.626599956361
873	181.502774911621
874	173.687255725691
875	166.170263841717
876	158.942242527141
877	151.993855820467
878	145.315987277041
879	138.899738524293
880	132.736427636664
881	126.817587340346
882	121.13496305773
883	115.680510801292
884	110.44639492646
885	105.424985752765
886	100.60885706241
887	95.9907834851397
888	91.5637377780787
889	87.3208880089748
890	83.2555946510534
891	79.3614075974425
892	75.6320631028894
893	72.0614806602453
894	68.6437598189469
895	65.3731769524764
896	62.2441819815308
897	59.2513950593851
898	56.3896032256819
899	53.6537570346347
900	51.0389671633822
901	48.5405010059885
902	46.1537792583386
903	43.8743724989381
904	41.6979977703898
905	39.6205151660813
906	37.6379244263903
907	35.7463615484839
908	33.9420954135643
909	32.2215244351967
910	30.5811732321368
911	29.0176893288669
912	27.5278398868445
913	26.1085084692664
914	24.756691841955
915	23.4694968127867
916	22.2441371118957
917	21.0779303147069
918	19.9682948096821
919	18.912746812491
920	17.9088974281615
921	16.9544497626046
922	16.0471960847582
923	15.185015040454
924	14.3658689189657
925	13.58780097307
926	12.8489327933201
927	12.1474617371108
928	11.4816584129975
929	10.8498642206213
930	10.2504889464854
931	9.68200841572747
932	9.14296219994096
933	8.631951381003
934	8.14763637078667
935	7.68873478655225
936	7.25401938173856
937	6.84231603180407
938	6.45250177470244
939	6.0835029055148
940	5.73429312470484
941	5.40389173940911
942	5.09136191712657
943	4.79580899112612
944	4.51637881684994
945	4.25225617855277
946	4.00266324538325
947	3.76685807608302
948	3.54413317145167
949	3.33381407370146
950	3.13525801180445
951	2.94785259191627
952	2.7710145319449
953	2.60418843931977
954	2.44684563100588
955	2.2984829947991
956	2.15862189093275
957	2.02680709302156
958	1.90260576736698
959	1.78560648964737
960	1.67541829801866
961	1.57166978165337
962	1.47400820375156
963	1.38209865806237
964	1.29562325796309
965	1.21428035715076
966	1.1377838010114
967	1.06586220774269
968	0.998258278317782
969	0.934728134390411
970	0.875040683255281
971	0.818977008991488
972	0.766329788931845
973	0.716902734616267
974	0.670510056403271
975	0.626975950930039
976	0.586134110628187
977	0.547827254519447
978	0.511906679532809
979	0.478231831602178
980	0.446669895821332
981	0.417095404950807
982	0.389389865589212
983	0.36344140133945
984	0.339144412318269
985	0.316399250375453
986	0.295111909406839
987	0.269523321221385
988	0.24635043786879
989	0.225363945880636
990	0.206355691173676
991	0.189136831483884
992	0.173536136570678
993	0.159398425948021
994	0.146583134435018
995	0.134962996345857
996	0.12442283965506
997	0.114858481977112
998	0.106175720687823
999	0.0982894099870417
1000	0.0911226181573974
