4.410000000000000000e+02	4.192472072039599595e+00
4.420000000000000000e+02	4.475991339632923172e+00
4.430000000000000000e+02	4.777422886016134740e+00
4.440000000000000000e+02	5.097808565047171392e+00
4.450000000000000000e+02	5.438244739343133460e+00
4.460000000000000000e+02	5.799884739963175662e+00
4.470000000000000000e+02	6.183941413039259594e+00
4.480000000000000000e+02	6.591689754996106210e+00
4.490000000000000000e+02	7.024469637942084788e+00
4.500000000000000000e+02	7.483688626745585104e+00
4.510000000000000000e+02	7.970824889236860500e+00
4.520000000000000000e+02	8.487430200892184473e+00
4.530000000000000000e+02	9.035133045266318774e+00
4.540000000000000000e+02	9.615641811338878853e+00
4.550000000000000000e+02	1.023074808883147035e+01
4.560000000000000000e+02	1.088233006243414458e+01
4.570000000000000000e+02	1.157235600575122092e+01
4.580000000000000000e+02	1.230288787563903163e+01
4.590000000000000000e+02	1.307608500745958047e+01
4.600000000000000000e+02	1.389420791161481183e+01
4.610000000000000000e+02	1.475962217155715983e+01
4.620000000000000000e+02	1.567480244329031436e+01
4.630000000000000000e+02	1.664233655618231111e+01
4.640000000000000000e+02	1.766492971470895057e+01
4.650000000000000000e+02	1.874540880052940039e+01
4.660000000000000000e+02	1.988672677406850653e+01
4.670000000000000000e+02	2.109196717453938419e+01
4.680000000000000000e+02	2.236434871708783945e+01
4.690000000000000000e+02	2.370722998547458005e+01
4.700000000000000000e+02	2.512411421843328085e+01
4.710000000000000000e+02	2.661865418755214208e+01
4.720000000000000000e+02	2.819465716422226009e+01
4.730000000000000000e+02	2.985608997288080602e+01
4.740000000000000000e+02	3.160708412744623175e+01
4.750000000000000000e+02	3.345194104750197539e+01
4.760000000000000000e+02	3.539513735042884690e+01
4.770000000000000000e+02	3.744133021531965255e+01
4.780000000000000000e+02	3.959536281412852077e+01
4.790000000000000000e+02	4.186226980511608531e+01
4.800000000000000000e+02	4.424728288324580205e+01
4.810000000000000000e+02	4.675583638177143087e+01
4.820000000000000000e+02	4.939357291882745216e+01
4.830000000000000000e+02	5.216634908239528556e+01
4.840000000000000000e+02	5.508024114656944903e+01
4.850000000000000000e+02	5.814155081158816074e+01
4.860000000000000000e+02	6.135681095963779086e+01
4.870000000000000000e+02	6.473279141811097759e+01
4.880000000000000000e+02	6.827650472302673279e+01
4.890000000000000000e+02	7.199521188862341603e+01
4.900000000000000000e+02	7.589642830060350320e+01
4.910000000000000000e+02	7.998793065832305160e+01
4.920000000000000000e+02	8.427777106780683880e+01
4.930000000000000000e+02	8.877433370527039358e+01
4.940000000000000000e+02	9.348661563206401581e+01
4.950000000000000000e+02	9.842555102282905466e+01
4.960000000000000000e+02	1.036096126388013516e+02
4.970000000000000000e+02	1.090857615327416710e+02
4.980000000000000000e+02	1.149981863443264274e+02
4.990000000000000000e+02	1.217844347401681233e+02
5.000000000000000000e+02	1.306557464288657116e+02
5.010000000000000000e+02	1.445849063598201383e+02
5.020000000000000000e+02	1.699408565948463092e+02
5.030000000000000000e+02	2.184391920551244084e+02
5.040000000000000000e+02	3.080953501212648007e+02
5.050000000000000000e+02	4.607999626496600172e+02
5.060000000000000000e+02	6.942563001464914123e+02
5.070000000000000000e+02	1.008778732649313724e+03
5.080000000000000000e+02	1.374582085076655403e+03
5.090000000000000000e+02	1.729178131475242253e+03
5.100000000000000000e+02	1.992222369293359407e+03
5.110000000000000000e+02	2.095123800059353016e+03
5.120000000000000000e+02	2.010992707851369687e+03
5.130000000000000000e+02	1.767205125333167189e+03
5.140000000000000000e+02	1.432628397325245260e+03
5.150000000000000000e+02	1.087594182851881669e+03
5.160000000000000000e+02	7.943694950004285147e+02
5.170000000000000000e+02	5.824704806144693521e+02
5.180000000000000000e+02	4.513963787490529285e+02
5.190000000000000000e+02	3.833837536916471436e+02
5.200000000000000000e+02	3.565791891011740518e+02
5.210000000000000000e+02	3.530481526392013620e+02
5.220000000000000000e+02	3.611583129744049074e+02
5.230000000000000000e+02	3.746083901882287250e+02
5.240000000000000000e+02	3.904764645419220415e+02
5.250000000000000000e+02	4.075906828789749738e+02
5.260000000000000000e+02	4.255468039101358499e+02
5.270000000000000000e+02	4.442312890119866893e+02
5.280000000000000000e+02	4.636268437924431964e+02
5.290000000000000000e+02	4.837443501950785958e+02
5.300000000000000000e+02	5.046021435380692992e+02
5.310000000000000000e+02	5.262204748079030878e+02
5.320000000000000000e+02	5.486201991813456971e+02
5.330000000000000000e+02	5.718224937866481241e+02
5.340000000000000000e+02	5.958487957326432252e+02
5.350000000000000000e+02	6.207207812895017014e+02
5.360000000000000000e+02	6.464603512996997097e+02
5.370000000000000000e+02	6.730896167892691437e+02
5.380000000000000000e+02	7.006308838463728534e+02
5.390000000000000000e+02	7.291066376301707805e+02
5.400000000000000000e+02	7.585395254840991583e+02
5.410000000000000000e+02	7.889523391424803549e+02
5.420000000000000000e+02	8.203679960221817282e+02
5.430000000000000000e+02	8.528095195925903909e+02
5.440000000000000000e+02	8.863000188186463220e+02
5.450000000000000000e+02	9.208626666732129706e+02
5.460000000000000000e+02	9.565206777166629308e+02
5.470000000000000000e+02	9.932972847432481558e+02
5.480000000000000000e+02	1.031215714495540169e+03
5.490000000000000000e+02	1.070299162450041649e+03
5.500000000000000000e+02	1.110570766678948075e+03
5.510000000000000000e+02	1.152053580794945901e+03
5.520000000000000000e+02	1.194770545987938476e+03
5.530000000000000000e+02	1.238744462164626839e+03
5.540000000000000000e+02	1.283997958203972075e+03
5.550000000000000000e+02	1.330553461343717345e+03
5.560000000000000000e+02	1.378433165715328414e+03
5.570000000000000000e+02	1.427659000046973915e+03
5.580000000000000000e+02	1.478252594556412305e+03
5.590000000000000000e+02	1.530235247058002642e+03
5.600000000000000000e+02	1.583627888310363915e+03
5.610000000000000000e+02	1.638451046633605301e+03
5.620000000000000000e+02	1.694724811827435587e+03
5.630000000000000000e+02	1.752468798423858743e+03
5.640000000000000000e+02	1.811702108310604899e+03
5.650000000000000000e+02	1.872443292763850422e+03
5.660000000000000000e+02	1.934710313931238943e+03
5.670000000000000000e+02	1.998520505808601229e+03
5.680000000000000000e+02	2.063890534756213128e+03
5.690000000000000000e+02	2.130836359602823904e+03
5.700000000000000000e+02	2.199373191388031046e+03
5.710000000000000000e+02	2.269515452795957117e+03
5.720000000000000000e+02	2.341276737335447706e+03
5.730000000000000000e+02	2.414669768324305096e+03
5.740000000000000000e+02	2.489706357737255985e+03
5.750000000000000000e+02	2.566397364979512531e+03
5.760000000000000000e+02	2.644752655649867847e+03
5.770000000000000000e+02	2.724781060359303865e+03
5.780000000000000000e+02	2.806490333672981706e+03
5.790000000000000000e+02	2.889887113245380078e+03
5.800000000000000000e+02	2.974976879220084356e+03
5.810000000000000000e+02	3.061763913967381086e+03
5.820000000000000000e+02	3.150251262234383830e+03
5.830000000000000000e+02	3.240440691783817783e+03
5.840000000000000000e+02	3.332332654598953013e+03
5.850000000000000000e+02	3.425926248733329885e+03
5.860000000000000000e+02	3.521219180884975685e+03
5.870000000000000000e+02	3.618207729775754615e+03
5.880000000000000000e+02	3.716886710417209997e+03
5.890000000000000000e+02	3.817249439344949678e+03
5.900000000000000000e+02	3.919287700903976656e+03
5.910000000000000000e+02	4.022991714667769429e+03
5.920000000000000000e+02	4.128350104073950206e+03
5.930000000000000000e+02	4.235349866359398220e+03
5.940000000000000000e+02	4.343976343877371619e+03
5.950000000000000000e+02	4.454213196878856252e+03
5.960000000000000000e+02	4.566042377839694382e+03
5.970000000000000000e+02	4.679444107414329665e+03
5.980000000000000000e+02	4.794396852095945178e+03
5.990000000000000000e+02	4.910877303661672158e+03
6.000000000000000000e+02	5.028860360480108284e+03
6.010000000000000000e+02	5.148319110756865484e+03
6.020000000000000000e+02	5.269224817792042813e+03
6.030000000000000000e+02	5.391546907321582694e+03
6.040000000000000000e+02	5.515252957012290608e+03
6.050000000000000000e+02	5.640308688177891781e+03
6.060000000000000000e+02	5.766677959780955462e+03
6.070000000000000000e+02	5.894322764782729791e+03
6.080000000000000000e+02	6.023203228899964415e+03
6.090000000000000000e+02	6.153277611824616542e+03
6.100000000000000000e+02	6.284502310959020178e+03
6.110000000000000000e+02	6.416831867715508452e+03
6.120000000000000000e+02	6.550218976425811888e+03
6.130000000000000000e+02	6.684614495901599184e+03
6.140000000000000000e+02	6.819967463683511596e+03
6.150000000000000000e+02	6.956225113011754729e+03
6.160000000000000000e+02	7.093332892546971379e+03
6.170000000000000000e+02	7.231234488865508865e+03
6.180000000000000000e+02	7.369871851748574045e+03
6.190000000000000000e+02	7.509185222279895243e+03
6.200000000000000000e+02	7.649113163761569012e+03
6.210000000000000000e+02	7.789592595452725618e+03
6.220000000000000000e+02	7.930558829130442973e+03
6.230000000000000000e+02	8.071945608467084639e+03
6.240000000000000000e+02	8.213685151212885103e+03
6.250000000000000000e+02	8.355708194167145848e+03
6.260000000000000000e+02	8.497944040915950609e+03
6.270000000000000000e+02	8.640320612308734781e+03
6.280000000000000000e+02	8.782764499640466966e+03
6.290000000000000000e+02	8.925201020500602681e+03
6.300000000000000000e+02	9.067554277244333207e+03
6.310000000000000000e+02	9.209747218036027334e+03
6.320000000000000000e+02	9.351701700409184923e+03
6.330000000000000000e+02	9.493338557281605972e+03
6.340000000000000000e+02	9.634577665358960076e+03
6.350000000000000000e+02	9.775338015854447804e+03
6.360000000000000000e+02	9.915537787446850416e+03
6.370000000000000000e+02	1.005509442139390376e+04
6.380000000000000000e+02	1.019392469871271351e+04
6.390000000000000000e+02	1.033194481933381576e+04
6.400000000000000000e+02	1.046907048313048836e+04
6.410000000000000000e+02	1.060521697272001256e+04
6.420000000000000000e+02	1.074029923792897171e+04
6.430000000000000000e+02	1.087423198181002590e+04
6.440000000000000000e+02	1.100692974809334191e+04
6.450000000000000000e+02	1.113830700995159168e+04
6.460000000000000000e+02	1.126827825995353669e+04
6.470000000000000000e+02	1.139675810107745201e+04
6.480000000000000000e+02	1.152366133865207485e+04
6.490000000000000000e+02	1.164890307308954470e+04
6.500000000000000000e+02	1.177239879327173003e+04
6.510000000000000000e+02	1.189406447044854394e+04
6.520000000000000000e+02	1.201381665250440710e+04
6.530000000000000000e+02	1.213157255844672000e+04
6.540000000000000000e+02	1.224725017296832084e+04
6.550000000000000000e+02	1.236076834093419893e+04
6.560000000000000000e+02	1.247204686164146369e+04
6.570000000000000000e+02	1.258100658270044551e+04
6.580000000000000000e+02	1.268756949338416234e+04
6.590000000000000000e+02	1.279165881729289322e+04
6.600000000000000000e+02	1.289319910418057771e+04
6.610000000000000000e+02	1.299211632078996081e+04
6.620000000000000000e+02	1.308833794054398641e+04
6.630000000000000000e+02	1.318179303194179738e+04
6.640000000000000000e+02	1.327241234550897389e+04
6.650000000000000000e+02	1.336012839915311633e+04
6.660000000000000000e+02	1.344487556177783881e+04
6.670000000000000000e+02	1.352659013501035588e+04
6.680000000000000000e+02	1.360521043290039779e+04
6.690000000000000000e+02	1.368067685945105222e+04
6.700000000000000000e+02	1.375293198384523930e+04
6.710000000000000000e+02	1.382192061323500639e+04
6.720000000000000000e+02	1.388758986296457260e+04
6.730000000000000000e+02	1.394988922410215309e+04
6.740000000000000000e+02	1.400877062815983118e+04
6.750000000000000000e+02	1.406418850888551242e+04
6.760000000000000000e+02	1.411609986101572576e+04
6.770000000000000000e+02	1.416446429588327192e+04
6.780000000000000000e+02	1.420924409377908523e+04
6.790000000000000000e+02	1.425040425297329057e+04
6.800000000000000000e+02	1.428791253530625181e+04
6.810000000000000000e+02	1.432173950826653527e+04
6.820000000000000000e+02	1.435185858347886460e+04
6.830000000000000000e+02	1.437824605153163247e+04
6.840000000000000000e+02	1.440088111308011867e+04
6.850000000000000000e+02	1.441974590616827300e+04
6.860000000000000000e+02	1.443482552971884434e+04
6.870000000000000000e+02	1.444610806314858746e+04
6.880000000000000000e+02	1.445358458207244075e+04
6.890000000000000000e+02	1.445724917006765281e+04
6.900000000000000000e+02	1.445709892647622655e+04
6.910000000000000000e+02	1.445313397023120342e+04
6.920000000000000000e+02	1.444535743969976465e+04
6.930000000000000000e+02	1.443377548854342785e+04
6.940000000000000000e+02	1.441839727760298774e+04
6.950000000000000000e+02	1.439923496282317865e+04
6.960000000000000000e+02	1.437630367923932499e+04
6.970000000000000000e+02	1.434962152105554924e+04
6.980000000000000000e+02	1.431920951785119541e+04
6.990000000000000000e+02	1.428509160695932587e+04
7.000000000000000000e+02	1.424729460206801014e+04
7.010000000000000000e+02	1.420584815810212058e+04
7.020000000000000000e+02	1.416078473244998895e+04
7.030000000000000000e+02	1.411213954260588616e+04
7.040000000000000000e+02	1.405995052030573970e+04
7.050000000000000000e+02	1.400425826223962940e+04
7.060000000000000000e+02	1.394510597743079234e+04
7.070000000000000000e+02	1.388253943137652277e+04
7.080000000000000000e+02	1.381660688705210123e+04
7.090000000000000000e+02	1.374735904288415259e+04
7.100000000000000000e+02	1.367484896780502277e+04
7.110000000000000000e+02	1.359913203350456388e+04
7.120000000000000000e+02	1.352026584400038882e+04
7.130000000000000000e+02	1.343831016265188737e+04
7.140000000000000000e+02	1.335332683674740838e+04
7.150000000000000000e+02	1.326537971979766371e+04
7.160000000000000000e+02	1.317453459167194524e+04
7.170000000000000000e+02	1.308085907671676614e+04
7.180000000000000000e+02	1.298442255999942608e+04
7.190000000000000000e+02	1.288529610182147007e+04
7.200000000000000000e+02	1.278355235064917179e+04
7.210000000000000000e+02	1.267926545461001297e+04
7.220000000000000000e+02	1.257251097170571848e+04
7.230000000000000000e+02	1.246336577889349246e+04
7.240000000000000000e+02	1.235190798018803798e+04
7.250000000000000000e+02	1.223821681393748804e+04
7.260000000000000000e+02	1.212237255942651427e+04
7.270000000000000000e+02	1.200445644295984312e+04
7.280000000000000000e+02	1.188455054357893459e+04
7.290000000000000000e+02	1.176273769856382569e+04
7.300000000000000000e+02	1.163910140887109628e+04
7.310000000000000000e+02	1.151372574465753314e+04
7.320000000000000000e+02	1.138669525103739579e+04
7.330000000000000000e+02	1.125809485421921818e+04
7.340000000000000000e+02	1.112800976816586990e+04
7.350000000000000000e+02	1.099652540191898515e+04
7.360000000000000000e+02	1.086372726772619171e+04
7.370000000000000000e+02	1.072970089010641277e+04
7.380000000000000000e+02	1.059453171598527115e+04
7.390000000000000000e+02	1.045830502602903834e+04
7.400000000000000000e+02	1.032110584730188748e+04
7.410000000000000000e+02	1.018301886736711458e+04
7.420000000000000000e+02	1.004412834994887635e+04
7.430000000000000000e+02	9.904518052266619634e+03
7.440000000000000000e+02	9.764271144149797692e+03
7.450000000000000000e+02	9.623470129035731588e+03
7.460000000000000000e+02	9.482196766948671211e+03
7.470000000000000000e+02	9.340531999553044443e+03
7.480000000000000000e+02	9.198555877368753499e+03
7.490000000000000000e+02	9.056347489231176951e+03
7.500000000000000000e+02	8.913984894073157193e+03
7.510000000000000000e+02	8.771545055100841637e+03
7.520000000000000000e+02	8.629103776429794380e+03
7.530000000000000000e+02	8.486735642242165341e+03
7.540000000000000000e+02	8.344513958520252345e+03
7.550000000000000000e+02	8.202510697406018153e+03
7.560000000000000000e+02	8.060796444230677480e+03
7.570000000000000000e+02	7.919440347252699212e+03
7.580000000000000000e+02	7.778510070137051116e+03
7.590000000000000000e+02	7.638071747202890947e+03
7.600000000000000000e+02	7.498189941461405397e+03
7.610000000000000000e+02	7.358927605459944061e+03
7.620000000000000000e+02	7.220346044943239576e+03
7.630000000000000000e+02	7.082504885337119958e+03
7.640000000000000000e+02	6.945462041054845940e+03
7.650000000000000000e+02	6.809273687621065619e+03
7.660000000000000000e+02	6.673994236603296486e+03
7.670000000000000000e+02	6.539676313335930899e+03
7.680000000000000000e+02	6.406370737416916199e+03
7.690000000000000000e+02	6.274126505952602201e+03
7.700000000000000000e+02	6.142990779521710465e+03
7.710000000000000000e+02	6.013008870824998667e+03
7.720000000000000000e+02	5.884224235982967002e+03
7.730000000000000000e+02	5.756678468439890821e+03
7.740000000000000000e+02	5.630411295428605627e+03
7.750000000000000000e+02	5.505460576946712536e+03
7.760000000000000000e+02	5.381862307191413493e+03
7.770000000000000000e+02	5.259650618396763093e+03
7.780000000000000000e+02	5.138857787014078895e+03
7.790000000000000000e+02	5.019514242173183447e+03
7.800000000000000000e+02	4.901648576359497383e+03
7.810000000000000000e+02	4.785287558239356258e+03
7.820000000000000000e+02	4.670456147563634659e+03
7.830000000000000000e+02	4.557177512077551910e+03
7.840000000000000000e+02	4.445473046362574678e+03
7.850000000000000000e+02	4.335362392534639184e+03
7.860000000000000000e+02	4.226863462721268661e+03
7.870000000000000000e+02	4.119992463238852906e+03
7.880000000000000000e+02	4.014763920390195381e+03
7.890000000000000000e+02	3.911190707801468761e+03
7.900000000000000000e+02	3.809284075216915426e+03
7.910000000000000000e+02	3.709053678669086821e+03
7.920000000000000000e+02	3.610507611941985942e+03
7.930000000000000000e+02	3.513652439244304333e+03
7.940000000000000000e+02	3.418493229009841343e+03
7.950000000000000000e+02	3.325033588742405300e+03
7.960000000000000000e+02	3.233275700822744966e+03
7.970000000000000000e+02	3.143220359195563560e+03
7.980000000000000000e+02	3.054867006855269210e+03
7.990000000000000000e+02	2.968213774049915628e+03
8.000000000000000000e+02	2.883257517123697653e+03
8.010000000000000000e+02	2.799993857919442235e+03
8.020000000000000000e+02	2.718417223663722325e+03
8.030000000000000000e+02	2.638520887258555831e+03
8.040000000000000000e+02	2.560297007905091505e+03
8.050000000000000000e+02	2.483736671986263445e+03
8.060000000000000000e+02	2.408829934137011605e+03
8.070000000000000000e+02	2.335565858432494224e+03
8.080000000000000000e+02	2.263932559626532566e+03
8.090000000000000000e+02	2.193917244374481470e+03
8.100000000000000000e+02	2.125506252376746488e+03
8.110000000000000000e+02	2.058685097381255218e+03
8.120000000000000000e+02	1.993438507985349361e+03
8.130000000000000000e+02	1.929750468179773407e+03
8.140000000000000000e+02	1.867604257579701425e+03
8.150000000000000000e+02	1.806982491290054213e+03
8.160000000000000000e+02	1.747867159354683736e+03
8.170000000000000000e+02	1.690239665741417866e+03
8.180000000000000000e+02	1.634080866817285369e+03
8.190000000000000000e+02	1.579371109270727857e+03
8.200000000000000000e+02	1.526090267439976060e+03
8.210000000000000000e+02	1.474217780009226999e+03
8.220000000000000000e+02	1.423732686036662471e+03
8.230000000000000000e+02	1.374613660280797603e+03
8.240000000000000000e+02	1.326839047794031558e+03
8.250000000000000000e+02	1.280386897754677193e+03
8.260000000000000000e+02	1.235234996511114787e+03
8.270000000000000000e+02	1.191360899814056438e+03
8.280000000000000000e+02	1.148741964215213784e+03
8.290000000000000000e+02	1.107355377612942448e+03
8.300000000000000000e+02	1.067178188927669225e+03
8.310000000000000000e+02	1.028187336892098074e+03
8.320000000000000000e+02	9.903596779433337360e+02
8.330000000000000000e+02	9.536720132061609547e+02
8.340000000000000000e+02	9.181011145587491455e+02
8.350000000000000000e+02	8.836237497740380604e+02
8.360000000000000000e+02	8.502167067319904845e+02
8.370000000000000000e+02	8.178568166997488333e+02
8.380000000000000000e+02	7.865209766785413876e+02
8.390000000000000000e+02	7.561861708179188781e+02
8.400000000000000000e+02	7.268294908995612786e+02
8.410000000000000000e+02	6.984281558945004917e+02
8.420000000000000000e+02	6.709595305991347232e+02
8.430000000000000000e+02	6.444011433568715574e+02
8.440000000000000000e+02	6.187307028736171333e+02
8.450000000000000000e+02	5.939261141366619086e+02
8.460000000000000000e+02	5.699654934477430288e+02
8.470000000000000000e+02	5.468271825822570236e+02
8.480000000000000000e+02	5.244897620876780593e+02
8.490000000000000000e+02	5.029320637352901713e+02
8.500000000000000000e+02	4.821331821402869764e+02
8.510000000000000000e+02	4.620724855661936772e+02
8.520000000000000000e+02	4.427296259303831789e+02
8.530000000000000000e+02	4.240845480282110884e+02
8.540000000000000000e+02	4.061174979939830223e+02
8.550000000000000000e+02	3.888090310175874151e+02
8.560000000000000000e+02	3.721400183361770360e+02
8.570000000000000000e+02	3.560916535207801417e+02
8.580000000000000000e+02	3.406454580781492609e+02
8.590000000000000000e+02	3.257832863885230381e+02
8.600000000000000000e+02	3.114873300002910241e+02
8.610000000000000000e+02	2.977401213028030043e+02
8.620000000000000000e+02	2.845245365987649393e+02
8.630000000000000000e+02	2.718237985978084339e+02
8.640000000000000000e+02	2.596214783529174497e+02
8.650000000000000000e+02	2.479014966614424509e+02
8.660000000000000000e+02	2.366481249524296686e+02
8.670000000000000000e+02	2.258459856819510492e+02
8.680000000000000000e+02	2.154800522580277686e+02
8.690000000000000000e+02	2.055356485166182097e+02
8.700000000000000000e+02	1.959984477699674699e+02
8.710000000000000000e+02	1.868544714484170868e+02
8.720000000000000000e+02	1.780900873565336724e+02
8.730000000000000000e+02	1.696920075641452286e+02
8.740000000000000000e+02	1.616472859525778460e+02
8.750000000000000000e+02	1.539433154360551157e+02
8.760000000000000000e+02	1.465678248778692705e+02
8.770000000000000000e+02	1.395088757205580237e+02
8.780000000000000000e+02	1.327548583489219425e+02
8.790000000000000000e+02	1.262944882042988297e+02
8.800000000000000000e+02	1.201168016680739754e+02
8.810000000000000000e+02	1.142111517319552831e+02
8.820000000000000000e+02	1.085672034720737997e+02
8.830000000000000000e+02	1.031749293434917263e+02
8.840000000000000000e+02	9.802460431121070883e+01
8.850000000000000000e+02	9.310680083327530099e+01
8.860000000000000000e+02	8.841238371105815474e+01
8.870000000000000000e+02	8.393250482130284240e+01
8.880000000000000000e+02	7.965859774398491311e+01
8.890000000000000000e+02	7.558237229952992209e+01
8.900000000000000000e+02	7.169580900840688287e+01
8.910000000000000000e+02	6.799115348559588767e+01
8.920000000000000000e+02	6.446091078190453061e+01
8.930000000000000000e+02	6.109783968359227657e+01
8.940000000000000000e+02	5.789494698124506300e+01
8.950000000000000000e+02	5.484548171832999941e+01
8.960000000000000000e+02	5.194292942935656043e+01
8.970000000000000000e+02	4.918100637706708511e+01
8.980000000000000000e+02	4.655365379758850963e+01
8.990000000000000000e+02	4.405503216199031868e+01
9.000000000000000000e+02	4.167951546221638637e+01
9.010000000000000000e+02	3.942168552889044264e+01
9.020000000000000000e+02	3.727632638803532217e+01
9.030000000000000000e+02	3.523841866329845374e+01
9.040000000000000000e+02	3.330313402983740900e+01
9.050000000000000000e+02	3.146582972559274438e+01
9.060000000000000000e+02	2.972204312525972014e+01
9.070000000000000000e+02	2.806748638186749645e+01
9.080000000000000000e+02	2.649804114048199466e+01
9.090000000000000000e+02	2.500975332817003505e+01
9.100000000000000000e+02	2.359882802399572554e+01
9.110000000000000000e+02	2.226162441246576407e+01
9.120000000000000000e+02	2.099465082349932743e+01
9.130000000000000000e+02	1.979455986166993497e+01
9.140000000000000000e+02	1.865814362715078900e+01
9.150000000000000000e+02	1.758232903049330886e+01
9.160000000000000000e+02	1.656417320307797070e+01
9.170000000000000000e+02	1.560085900480023646e+01
9.180000000000000000e+02	1.468969063028990618e+01
9.190000000000000000e+02	1.382808931471064007e+01
9.200000000000000000e+02	1.301358913994685551e+01
9.210000000000000000e+02	1.224383294175885872e+01
9.220000000000000000e+02	1.151656831827133232e+01
9.230000000000000000e+02	1.082964373995805651e+01
9.240000000000000000e+02	1.018100476109360741e+01
9.250000000000000000e+02	9.568690332463212656e+00
9.260000000000000000e+02	8.990829214952782422e+00
9.270000000000000000e+02	8.445636493483052121e+00
9.280000000000000000e+02	7.931410190604298194e+00
9.290000000000000000e+02	7.446527978930954639e+00
9.300000000000000000e+02	6.989443991467826578e+00
9.310000000000000000e+02	6.558685728762405631e+00
9.320000000000000000e+02	6.152851061709102787e+00
9.330000000000000000e+02	5.770605328732310468e+00
9.340000000000000000e+02	5.410678525984298659e+00
9.350000000000000000e+02	5.071862589111971076e+00
9.360000000000000000e+02	4.753008765072341824e+00
9.370000000000000000e+02	4.453025072409921847e+00
9.380000000000000000e+02	4.170873848350478141e+00
9.390000000000000000e+02	3.905569381013349162e+00
9.400000000000000000e+02	3.656175624999393747e+00
9.410000000000000000e+02	3.421803998572773953e+00
9.420000000000000000e+02	3.201611260621924249e+00
9.430000000000000000e+02	2.994797465558370231e+00
9.440000000000000000e+02	2.800603994290208565e+00
9.450000000000000000e+02	2.618311659391166835e+00
9.460000000000000000e+02	2.447238882574411800e+00
9.470000000000000000e+02	2.286739942573708717e+00
9.480000000000000000e+02	2.136203291531885373e+00
9.490000000000000000e+02	1.995049937998244705e+00
9.500000000000000000e+02	1.862731894641666663e+00
9.510000000000000000e+02	1.738730688795248058e+00
9.520000000000000000e+02	1.622555933960194485e+00
9.530000000000000000e+02	1.513743960411931155e+00
9.540000000000000000e+02	1.411856503069201629e+00
9.550000000000000000e+02	1.316479444807509891e+00
9.560000000000000000e+02	1.227221613420899082e+00
9.570000000000000000e+02	1.143713630461168362e+00
9.580000000000000000e+02	1.065606810210343980e+00
9.590000000000000000e+02	9.925721070709356830e-01
9.600000000000000000e+02	9.242991096886077340e-01
9.610000000000000000e+02	8.604950801535059535e-01
9.620000000000000000e+02	8.008840366591408744e-01
9.630000000000000000e+02	7.452058780316672681e-01
9.640000000000000000e+02	6.932155485770569170e-01
9.650000000000000000e+02	6.446822417291333540e-01
9.660000000000000000e+02	5.993886410176454405e-01
9.670000000000000000e+02	5.571301969120846520e-01
9.680000000000000000e+02	5.177144381340530455e-01
9.690000000000000000e+02	4.809603160681969469e-01
9.700000000000000000e+02	4.466975809392481622e-01
9.710000000000000000e+02	4.147661884601823168e-01
9.720000000000000000e+02	3.850157356940550613e-01
9.730000000000000000e+02	3.573049249094524260e-01
9.740000000000000000e+02	3.315010542467418109e-01
9.750000000000000000e+02	3.074795340492360585e-01
9.760000000000000000e+02	2.851234277500800385e-01
9.770000000000000000e+02	2.643230162418943596e-01
9.780000000000000000e+02	2.449753846920591782e-01
9.790000000000000000e+02	2.269840308018592212e-01
9.800000000000000000e+02	2.102584935425112767e-01
9.810000000000000000e+02	1.947140014353473947e-01
9.820000000000000000e+02	1.802711394770285247e-01
9.830000000000000000e+02	1.668555338436712443e-01
9.840000000000000000e+02	1.543975535400603227e-01
9.850000000000000000e+02	1.428320281917540291e-01
9.860000000000000000e+02	1.320979812087826888e-01
9.870000000000000000e+02	1.221383775798143279e-01
9.880000000000000000e+02	1.128998855850813360e-01
9.890000000000000000e+02	1.043326517450293561e-01
9.900000000000000000e+02	9.639008834953874394e-02
9.910000000000000000e+02	8.902867293970613549e-02
9.920000000000000000e+02	8.220775914050224009e-02
9.930000000000000000e+02	7.588939826820929879e-02
9.940000000000000000e+02	7.003817116131930143e-02
9.950000000000000000e+02	6.462102970759914244e-02
9.960000000000000000e+02	5.960714756327436387e-02
9.970000000000000000e+02	5.496777958276251319e-02
9.980000000000000000e+02	5.067612949912024545e-02
9.990000000000000000e+02	4.670722541633832992e-02
1.000000000000000000e+03	4.303780269486997406e-02
