4.410000000000000000e+02	4.177887771678221007e+00
4.420000000000000000e+02	4.444671239829597553e+00
4.430000000000000000e+02	4.727259459958959908e+00
4.440000000000000000e+02	5.026505471652514601e+00
4.450000000000000000e+02	5.343303010322184576e+00
4.460000000000000000e+02	5.678588123338998095e+00
4.470000000000000000e+02	6.033340831444624186e+00
4.480000000000000000e+02	6.408586835618488742e+00
4.490000000000000000e+02	6.805399269503958237e+00
4.500000000000000000e+02	7.224900497417917400e+00
4.510000000000000000e+02	7.668263957883733717e+00
4.520000000000000000e+02	8.136716052538870869e+00
4.530000000000000000e+02	8.631538080173395855e+00
4.540000000000000000e+02	9.154068215556547372e+00
4.550000000000000000e+02	9.705703532602900196e+00
4.560000000000000000e+02	1.028790207131963186e+01
4.570000000000000000e+02	1.090218494785975878e+01
4.580000000000000000e+02	1.155013850688530397e+01
4.590000000000000000e+02	1.223341651531623242e+01
4.600000000000000000e+02	1.295374239640893066e+01
4.610000000000000000e+02	1.371291150296873340e+01
4.620000000000000000e+02	1.451279342835717223e+01
4.630000000000000000e+02	1.535533435380470912e+01
4.640000000000000000e+02	1.624255943038361139e+01
4.650000000000000000e+02	1.717657519383544695e+01
4.660000000000000000e+02	1.815957201027996604e+01
4.670000000000000000e+02	1.919382655066089072e+01
4.680000000000000000e+02	2.028170429160610055e+01
4.690000000000000000e+02	2.142566204019721354e+01
4.700000000000000000e+02	2.262825047995594474e+01
4.710000000000000000e+02	2.389211673516130219e+01
4.720000000000000000e+02	2.522000695041530349e+01
4.730000000000000000e+02	2.661476888217138281e+01
4.740000000000000000e+02	2.807935449873530942e+01
4.750000000000000000e+02	2.961682258503577003e+01
4.760000000000000000e+02	3.123034134824989749e+01
4.770000000000000000e+02	3.292319102014997156e+01
4.780000000000000000e+02	3.469876645181700070e+01
4.790000000000000000e+02	3.656057969614459324e+01
4.800000000000000000e+02	3.851226257333112102e+01
4.810000000000000000e+02	4.055756921434711870e+01
4.820000000000000000e+02	4.270037857727295716e+01
4.830000000000000000e+02	4.494469693223347662e+01
4.840000000000000000e+02	4.729466031802568438e+01
4.850000000000000000e+02	4.975453702326126404e+01
4.860000000000000000e+02	5.232873044626571613e+01
4.870000000000000000e+02	5.502178435846185778e+01
4.880000000000000000e+02	5.783840106928935398e+01
4.890000000000000000e+02	6.078352226438617834e+01
4.900000000000000000e+02	6.386268821471863788e+01
4.910000000000000000e+02	6.708352799107154851e+01
4.920000000000000000e+02	7.046144548927496487e+01
4.930000000000000000e+02	7.403947812487858471e+01
4.940000000000000000e+02	7.795157835379714584e+01
4.950000000000000000e+02	8.260594606662111516e+01
4.960000000000000000e+02	8.916566958931896636e+01
4.970000000000000000e+02	1.006816786979731404e+02
4.980000000000000000e+02	1.244709710891536361e+02
4.990000000000000000e+02	1.764946846992677933e+02
5.000000000000000000e+02	2.882338735498342430e+02
5.010000000000000000e+02	5.153661082179189634e+02
5.020000000000000000e+02	9.450452469028394944e+02
5.030000000000000000e+02	1.695265695415601385e+03
5.040000000000000000e+02	2.897693387198238725e+03
5.050000000000000000e+02	4.657826183983518604e+03
5.060000000000000000e+02	6.995981877170694133e+03
5.070000000000000000e+02	9.787723031576160793e+03
5.080000000000000000e+02	1.273490518236748903e+04
5.090000000000000000e+02	1.539716035710991491e+04
5.100000000000000000e+02	1.729187282068958666e+04
5.110000000000000000e+02	1.803548623395110553e+04
5.120000000000000000e+02	1.747027860830624195e+04
5.130000000000000000e+02	1.571933431497218953e+04
5.140000000000000000e+02	1.314352055185181962e+04
5.150000000000000000e+02	1.022102831934306050e+04
5.160000000000000000e+02	7.404451163493769855e+03
5.170000000000000000e+02	5.013279290381162355e+03
5.180000000000000000e+02	3.193481635852763247e+03
5.190000000000000000e+02	1.940170974151653127e+03
5.200000000000000000e+02	1.155167489459808849e+03
5.210000000000000000e+02	7.074491639867592312e+02
5.220000000000000000e+02	4.759075390779385089e+02
5.230000000000000000e+02	3.691871082694166262e+02
5.240000000000000000e+02	3.279382549572395646e+02
5.250000000000000000e+02	3.181146998541365747e+02
5.260000000000000000e+02	3.222308350834654789e+02
5.270000000000000000e+02	3.321791230231416989e+02
5.280000000000000000e+02	3.445483872934846090e+02
5.290000000000000000e+02	3.580336689534779566e+02
5.300000000000000000e+02	3.721828084338952181e+02
5.310000000000000000e+02	3.868571251579053296e+02
5.320000000000000000e+02	4.020229803590277129e+02
5.330000000000000000e+02	4.176789255728784269e+02
5.340000000000000000e+02	4.338325613725710923e+02
5.350000000000000000e+02	4.504938288867801361e+02
5.360000000000000000e+02	4.676732256152716900e+02
5.370000000000000000e+02	4.853813640680791082e+02
5.380000000000000000e+02	5.036288644586070404e+02
5.390000000000000000e+02	5.224263231946066526e+02
5.400000000000000000e+02	5.417842968794103626e+02
5.410000000000000000e+02	5.617132889603775538e+02
5.420000000000000000e+02	5.822237365140391603e+02
5.430000000000000000e+02	6.033259967226504159e+02
5.440000000000000000e+02	6.250303329746984673e+02
5.450000000000000000e+02	6.473469005859735717e+02
5.460000000000000000e+02	6.702857321485162174e+02
5.470000000000000000e+02	6.938567225171401560e+02
5.480000000000000000e+02	7.180696134444253858e+02
5.490000000000000000e+02	7.429339778761427624e+02
5.500000000000000000e+02	7.684592039201342004e+02
5.510000000000000000e+02	7.946544785027135731e+02
5.520000000000000000e+02	8.215287707277459504e+02
5.530000000000000000e+02	8.490908149546154391e+02
5.540000000000000000e+02	8.773490936123807842e+02
5.550000000000000000e+02	9.063118197684922279e+02
5.560000000000000000e+02	9.359869194715062122e+02
5.570000000000000000e+02	9.663820138883191930e+02
5.580000000000000000e+02	9.975044012574890075e+02
5.590000000000000000e+02	1.029361038681264063e+03
5.600000000000000000e+02	1.061958523779986535e+03
5.610000000000000000e+02	1.095303076233540651e+03
5.620000000000000000e+02	1.129400519235532329e+03
5.630000000000000000e+02	1.164256260886849077e+03
5.640000000000000000e+02	1.199875275556216593e+03
5.650000000000000000e+02	1.236262085236285429e+03
5.660000000000000000e+02	1.273420740924670099e+03
5.670000000000000000e+02	1.311354804060228616e+03
5.680000000000000000e+02	1.350067328045685827e+03
5.690000000000000000e+02	1.389560839888483770e+03
5.700000000000000000e+02	1.429837321992484021e+03
5.710000000000000000e+02	1.470898194133814968e+03
5.720000000000000000e+02	1.512744295654828875e+03
5.730000000000000000e+02	1.555375867910682246e+03
5.740000000000000000e+02	1.598792537003613688e+03
5.750000000000000000e+02	1.642993296840437324e+03
5.760000000000000000e+02	1.687976492549201566e+03
5.770000000000000000e+02	1.733739804291285282e+03
5.780000000000000000e+02	1.780280231505507345e+03
5.790000000000000000e+02	1.827594077621000224e+03
5.800000000000000000e+02	1.875676935275767391e+03
5.810000000000000000e+02	1.924523672077883248e+03
5.820000000000000000e+02	1.974128416946288098e+03
5.830000000000000000e+02	2.024484547068035226e+03
5.840000000000000000e+02	2.075584675508682267e+03
5.850000000000000000e+02	2.127420639512251910e+03
5.860000000000000000e+02	2.179983489526853191e+03
5.870000000000000000e+02	2.233263478991632837e+03
5.880000000000000000e+02	2.287250054920223192e+03
5.890000000000000000e+02	2.341931849315243198e+03
5.900000000000000000e+02	2.397296671447730660e+03
5.910000000000000000e+02	2.453331501034628218e+03
5.920000000000000000e+02	2.510022482346553261e+03
5.930000000000000000e+02	2.567354919277169756e+03
5.940000000000000000e+02	2.625313271404415900e+03
5.950000000000000000e+02	2.683881151072724606e+03
5.960000000000000000e+02	2.743041321524173782e+03
5.970000000000000000e+02	2.802775696105185943e+03
5.980000000000000000e+02	2.863065338574017460e+03
5.990000000000000000e+02	2.923890464532829355e+03
6.000000000000000000e+02	2.985230444006547259e+03
6.010000000000000000e+02	3.047063805189114646e+03
6.020000000000000000e+02	3.109368239376022757e+03
6.030000000000000000e+02	3.172120607100214784e+03
6.040000000000000000e+02	3.235296945486607456e+03
6.050000000000000000e+02	3.298872476838540024e+03
6.060000000000000000e+02	3.362821618467462486e+03
6.070000000000000000e+02	3.427117993775122159e+03
6.080000000000000000e+02	3.491734444595372679e+03
6.090000000000000000e+02	3.556643044800564894e+03
6.100000000000000000e+02	3.621815115175240408e+03
6.110000000000000000e+02	3.687221239557574336e+03
6.120000000000000000e+02	3.752831282246678256e+03
6.130000000000000000e+02	3.818614406671531469e+03
6.140000000000000000e+02	3.884539095314903534e+03
6.150000000000000000e+02	3.950573170883191324e+03
6.160000000000000000e+02	4.016683818710666856e+03
6.170000000000000000e+02	4.082837610384151503e+03
6.180000000000000000e+02	4.149000528571647919e+03
6.190000000000000000e+02	4.215137993035969885e+03
6.200000000000000000e+02	4.281214887811939661e+03
6.210000000000000000e+02	4.347195589523198578e+03
6.220000000000000000e+02	4.413043996812231853e+03
6.230000000000000000e+02	4.478723560854731659e+03
6.240000000000000000e+02	4.544197316926973144e+03
6.250000000000000000e+02	4.609427916992510291e+03
6.260000000000000000e+02	4.674377663272040991e+03
6.270000000000000000e+02	4.739008542758048861e+03
6.280000000000000000e+02	4.803282262633458231e+03
6.290000000000000000e+02	4.867160286551362333e+03
6.300000000000000000e+02	4.930603871730641004e+03
6.310000000000000000e+02	4.993574106820249654e+03
6.320000000000000000e+02	5.056031950482837601e+03
6.330000000000000000e+02	5.117938270646428464e+03
6.340000000000000000e+02	5.179253884371023560e+03
6.350000000000000000e+02	5.239939598275127537e+03
6.360000000000000000e+02	5.299956249465566543e+03
6.370000000000000000e+02	5.359264746912300325e+03
6.380000000000000000e+02	5.417826113208448078e+03
6.390000000000000000e+02	5.475601526654358167e+03
6.400000000000000000e+02	5.532552363603243066e+03
6.410000000000000000e+02	5.588640241004749441e+03
6.420000000000000000e+02	5.643827059081769221e+03
6.430000000000000000e+02	5.698075044074894322e+03
6.440000000000000000e+02	5.751346790988089197e+03
6.450000000000000000e+02	5.803605306268515051e+03
6.460000000000000000e+02	5.854814050352893901e+03
6.470000000000000000e+02	5.904936980012412278e+03
6.480000000000000000e+02	5.953938590427889721e+03
6.490000000000000000e+02	6.001783956926847168e+03
6.500000000000000000e+02	6.048438776314097595e+03
6.510000000000000000e+02	6.093869407727695943e+03
6.520000000000000000e+02	6.138042912952349980e+03
6.530000000000000000e+02	6.180927096122877629e+03
6.540000000000000000e+02	6.222490542750891109e+03
6.550000000000000000e+02	6.262702658008631261e+03
6.560000000000000000e+02	6.301533704204763126e+03
6.570000000000000000e+02	6.338954837387968837e+03
6.580000000000000000e+02	6.374938143015364403e+03
6.590000000000000000e+02	6.409456670624048456e+03
6.600000000000000000e+02	6.442484467445565315e+03
6.610000000000000000e+02	6.473996610904636327e+03
6.620000000000000000e+02	6.503969239945214213e+03
6.630000000000000000e+02	6.532379585128781400e+03
6.640000000000000000e+02	6.559205997451761505e+03
6.650000000000000000e+02	6.584427975831001277e+03
6.660000000000000000e+02	6.608026193208487712e+03
6.670000000000000000e+02	6.629982521228787846e+03
6.680000000000000000e+02	6.650280053445084377e+03
6.690000000000000000e+02	6.668903127012255027e+03
6.700000000000000000e+02	6.685837342828013789e+03
6.710000000000000000e+02	6.701069584085870702e+03
6.720000000000000000e+02	6.714588033206439832e+03
6.730000000000000000e+02	6.726382187116506429e+03
6.740000000000000000e+02	6.736442870848196435e+03
6.750000000000000000e+02	6.744762249433602847e+03
6.760000000000000000e+02	6.751333838073284824e+03
6.770000000000000000e+02	6.756152510560148585e+03
6.780000000000000000e+02	6.759214505943425138e+03
6.790000000000000000e+02	6.760517433420574889e+03
6.800000000000000000e+02	6.760060275448250650e+03
6.810000000000000000e+02	6.757843389066626514e+03
6.820000000000000000e+02	6.753868505434690633e+03
6.830000000000000000e+02	6.748138727577350437e+03
6.840000000000000000e+02	6.740658526348441228e+03
6.850000000000000000e+02	6.731433734617014125e+03
6.860000000000000000e+02	6.720471539687458062e+03
6.870000000000000000e+02	6.707780473967268335e+03
6.880000000000000000e+02	6.693370403899409212e+03
6.890000000000000000e+02	6.677252517179380447e+03
6.900000000000000000e+02	6.659439308280150726e+03
6.910000000000000000e+02	6.639944562311208756e+03
6.920000000000000000e+02	6.618783337240882247e+03
6.930000000000000000e+02	6.595971944514044480e+03
6.940000000000000000e+02	6.571527928100129429e+03
6.950000000000000000e+02	6.545470042009111239e+03
6.960000000000000000e+02	6.517818226315804168e+03
6.970000000000000000e+02	6.488593581735363841e+03
6.980000000000000000e+02	6.457818342795377248e+03
6.990000000000000000e+02	6.425515849652279030e+03
7.000000000000000000e+02	6.391710518602077173e+03
7.010000000000000000e+02	6.356427811337539424e+03
7.020000000000000000e+02	6.319694203006002681e+03
7.030000000000000000e+02	6.281537149123857489e+03
7.040000000000000000e+02	6.241985051405556987e+03
7.050000000000000000e+02	6.201067222566641249e+03
7.060000000000000000e+02	6.158813850161755909e+03
7.070000000000000000e+02	6.115255959520057331e+03
7.080000000000000000e+02	6.070425375841608002e+03
7.090000000000000000e+02	6.024354685519473605e+03
7.100000000000000000e+02	5.977077196753192766e+03
7.110000000000000000e+02	5.928626899520094412e+03
7.120000000000000000e+02	5.879038424971628956e+03
7.130000000000000000e+02	5.828347004322361499e+03
7.140000000000000000e+02	5.776588427299719115e+03
7.150000000000000000e+02	5.723799000222757059e+03
7.160000000000000000e+02	5.670015503778347011e+03
7.170000000000000000e+02	5.615275150563118586e+03
7.180000000000000000e+02	5.559615542459304379e+03
7.190000000000000000e+02	5.503074627912299547e+03
7.200000000000000000e+02	5.445690659177294947e+03
7.210000000000000000e+02	5.387502149601712517e+03
7.220000000000000000e+02	5.328547831009477704e+03
7.230000000000000000e+02	5.268866611252252369e+03
7.240000000000000000e+02	5.208497531991799406e+03
7.250000000000000000e+02	5.147479726776522511e+03
7.260000000000000000e+02	5.085852379473983092e+03
7.270000000000000000e+02	5.023654683119872971e+03
7.280000000000000000e+02	4.960925799242459107e+03
7.290000000000000000e+02	4.897704817719937637e+03
7.300000000000000000e+02	4.834030717226507477e+03
7.310000000000000000e+02	4.769942326321192013e+03
7.320000000000000000e+02	4.705478285231599330e+03
7.330000000000000000e+02	4.640677008382893291e+03
7.340000000000000000e+02	4.575576647720219626e+03
7.350000000000000000e+02	4.510215056870761146e+03
7.360000000000000000e+02	4.444629756189455293e+03
7.370000000000000000e+02	4.378857898730165289e+03
7.380000000000000000e+02	4.312936237181876095e+03
7.390000000000000000e+02	4.246901091807126249e+03
7.400000000000000000e+02	4.180788319417555613e+03
7.410000000000000000e+02	4.114633283419051622e+03
7.420000000000000000e+02	4.048470824956527849e+03
7.430000000000000000e+02	3.982335235185947113e+03
7.440000000000000000e+02	3.916260228698703941e+03
7.450000000000000000e+02	3.850278918121026891e+03
7.460000000000000000e+02	3.784423789908521485e+03
7.470000000000000000e+02	3.718726681353559343e+03
7.480000000000000000e+02	3.653218758820645235e+03
7.490000000000000000e+02	3.587930497222489066e+03
7.500000000000000000e+02	3.522891660747010064e+03
7.510000000000000000e+02	3.458131284843081175e+03
7.520000000000000000e+02	3.393677659470391063e+03
7.530000000000000000e+02	3.329558313616450960e+03
7.540000000000000000e+02	3.265800001081395749e+03
7.550000000000000000e+02	3.202428687528964019e+03
7.560000000000000000e+02	3.139469538799749444e+03
7.570000000000000000e+02	3.076946910480653514e+03
7.580000000000000000e+02	3.014884338722280972e+03
7.590000000000000000e+02	2.953304532293951070e+03
7.600000000000000000e+02	2.892229365863972816e+03
7.610000000000000000e+02	2.831679874490853763e+03
7.620000000000000000e+02	2.771676249309224204e+03
7.630000000000000000e+02	2.712237834392455170e+03
7.640000000000000000e+02	2.653383124772170504e+03
7.650000000000000000e+02	2.595129765593212142e+03
7.660000000000000000e+02	2.537494552381015183e+03
7.670000000000000000e+02	2.480493432396844128e+03
7.680000000000000000e+02	2.424141507054911926e+03
7.690000000000000000e+02	2.368453035374077444e+03
7.700000000000000000e+02	2.313441438435547752e+03
7.710000000000000000e+02	2.259119304816850672e+03
7.720000000000000000e+02	2.205498396971271177e+03
7.730000000000000000e+02	2.152589658520936609e+03
7.740000000000000000e+02	2.100403222430856658e+03
7.750000000000000000e+02	2.048948420030385478e+03
7.760000000000000000e+02	1.998233790847865748e+03
7.770000000000000000e+02	1.948267093223569873e+03
7.780000000000000000e+02	1.899055315665507123e+03
7.790000000000000000e+02	1.850604688912180791e+03
7.800000000000000000e+02	1.802920698666042654e+03
7.810000000000000000e+02	1.756008098961047608e+03
7.820000000000000000e+02	1.709870926127538496e+03
7.830000000000000000e+02	1.664512513317537014e+03
7.840000000000000000e+02	1.619935505553471103e+03
7.850000000000000000e+02	1.576141875263403335e+03
7.860000000000000000e+02	1.533132938265905068e+03
7.870000000000000000e+02	1.490909370167918269e+03
7.880000000000000000e+02	1.449471223139170661e+03
7.890000000000000000e+02	1.408817943027039973e+03
7.900000000000000000e+02	1.368948386776125290e+03
7.910000000000000000e+02	1.329860840117235512e+03
7.920000000000000000e+02	1.291553035491002674e+03
7.930000000000000000e+02	1.254022170171885364e+03
7.940000000000000000e+02	1.217264924558943676e+03
7.950000000000000000e+02	1.181277480600424497e+03
7.960000000000000000e+02	1.146055540319922557e+03
7.970000000000000000e+02	1.111594344412624650e+03
7.980000000000000000e+02	1.077888690880961349e+03
7.990000000000000000e+02	1.044932953679813409e+03
8.000000000000000000e+02	1.012721101342315364e+03
8.010000000000000000e+02	9.812467155581936140e+02
8.020000000000000000e+02	9.505030096775219590e+02
8.030000000000000000e+02	9.204828471137394672e+02
8.040000000000000000e+02	8.911787596207759634e+02
8.050000000000000000e+02	8.625829654201251060e+02
8.060000000000000000e+02	8.346873871547504677e+02
8.070000000000000000e+02	8.074836696477373152e+02
8.080000000000000000e+02	7.809631974446770073e+02
8.090000000000000000e+02	7.551171121198161700e+02
8.100000000000000000e+02	7.299363293270870372e+02
8.110000000000000000e+02	7.054115555782099136e+02
8.120000000000000000e+02	6.815333047311254404e+02
8.130000000000000000e+02	6.582919141730993715e+02
8.140000000000000000e+02	6.356775606839114516e+02
8.150000000000000000e+02	6.136802759655962518e+02
8.160000000000000000e+02	5.922899618262774766e+02
8.170000000000000000e+02	5.714964050066643040e+02
8.180000000000000000e+02	5.512892916388244657e+02
8.190000000000000000e+02	5.316582213278670679e+02
8.200000000000000000e+02	5.125927208481626849e+02
8.210000000000000000e+02	4.940822574467210870e+02
8.220000000000000000e+02	4.761162517473107982e+02
8.230000000000000000e+02	4.586840902498402102e+02
8.240000000000000000e+02	4.417751374204571562e+02
8.250000000000000000e+02	4.253787473687004308e+02
8.260000000000000000e+02	4.094842751089264539e+02
8.270000000000000000e+02	3.940810874040717522e+02
8.280000000000000000e+02	3.791585731906284309e+02
8.290000000000000000e+02	3.647061535845076605e+02
8.300000000000000000e+02	3.507132914682206319e+02
8.310000000000000000e+02	3.371695006605411322e+02
8.320000000000000000e+02	3.240643546705187532e+02
8.330000000000000000e+02	3.113874950383773808e+02
8.340000000000000000e+02	2.991286392664782738e+02
8.350000000000000000e+02	2.872775883441354381e+02
8.360000000000000000e+02	2.758242338706484702e+02
8.370000000000000000e+02	2.647585647814621552e+02
8.380000000000000000e+02	2.540706736828834096e+02
8.390000000000000000e+02	2.437507628012589294e+02
8.400000000000000000e+02	2.337891495529827637e+02
8.410000000000000000e+02	2.241762717421082414e+02
8.420000000000000000e+02	2.149026923927430062e+02
8.430000000000000000e+02	2.059591042237559577e+02
8.440000000000000000e+02	1.973363337736581400e+02
8.450000000000000000e+02	1.890253451838202068e+02
8.460000000000000000e+02	1.810172436484579066e+02
8.470000000000000000e+02	1.733032785400609157e+02
8.480000000000000000e+02	1.658748462191544490e+02
8.490000000000000000e+02	1.587234925374712020e+02
8.500000000000000000e+02	1.518409150437701669e+02
8.510000000000000000e+02	1.452189649016779356e+02
8.520000000000000000e+02	1.388496485290345106e+02
8.530000000000000000e+02	1.327251289683140101e+02
8.540000000000000000e+02	1.268377269977555244e+02
8.550000000000000000e+02	1.211799219928747533e+02
8.560000000000000000e+02	1.157443525480534419e+02
8.570000000000000000e+02	1.105238168678961728e+02
8.580000000000000000e+02	1.055112729380266785e+02
8.590000000000000000e+02	1.006998384849546255e+02
8.600000000000000000e+02	9.608279073458749053e+01
8.610000000000000000e+02	9.165356597888487045e+01
8.620000000000000000e+02	8.740575896006731682e+01
8.630000000000000000e+02	8.333312208168037216e+01
8.640000000000000000e+02	7.942956445569933521e+01
8.650000000000000000e+02	7.568915079472635909e+01
8.660000000000000000e+02	7.210610015818505758e+01
8.670000000000000000e+02	6.867478456126421804e+01
8.680000000000000000e+02	6.538972745519365048e+01
8.690000000000000000e+02	6.224560208725854693e+01
8.700000000000000000e+02	5.923722974877524194e+01
8.710000000000000000e+02	5.635957791905688197e+01
8.720000000000000000e+02	5.360775831319826068e+01
8.730000000000000000e+02	5.097702484130152101e+01
8.740000000000000000e+02	4.846277148655489242e+01
8.750000000000000000e+02	4.606053010935692527e+01
8.760000000000000000e+02	4.376596818446044779e+01
8.770000000000000000e+02	4.157488647788546388e+01
8.780000000000000000e+02	3.948321667012328362e+01
8.790000000000000000e+02	3.748701893192653500e+01
8.800000000000000000e+02	3.558247945874828133e+01
8.810000000000000000e+02	3.376590796966392105e+01
8.820000000000000000e+02	3.203373517637722756e+01
8.830000000000000000e+02	3.038251022768243459e+01
8.840000000000000000e+02	2.880889813452333570e+01
8.850000000000000000e+02	2.730967718056195181e+01
8.860000000000000000e+02	2.588173632294272153e+01
8.870000000000000000e+02	2.452207258771333898e+01
8.880000000000000000e+02	2.322778846414120935e+01
8.890000000000000000e+02	2.199608930194528966e+01
8.900000000000000000e+02	2.082428071524774538e+01
8.910000000000000000e+02	1.970976599683682906e+01
8.920000000000000000e+02	1.865004354612487347e+01
8.930000000000000000e+02	1.764270431398082550e+01
8.940000000000000000e+02	1.668542926741703525e+01
8.950000000000000000e+02	1.577598687691532220e+01
8.960000000000000000e+02	1.491223062898670548e+01
8.970000000000000000e+02	1.409209656637443153e+01
8.980000000000000000e+02	1.331360085812970695e+01
8.990000000000000000e+02	1.257483740161488051e+01
9.000000000000000000e+02	1.187397545831967172e+01
9.010000000000000000e+02	1.120925732521193829e+01
9.020000000000000000e+02	1.057899604318651043e+01
9.030000000000000000e+02	9.981573144022883426e+00
9.040000000000000000e+02	9.415436437115557666e+00
9.050000000000000000e+02	8.879097837099523716e+00
9.060000000000000000e+02	8.371131233357852253e+00
9.070000000000000000e+02	7.890170402268165795e+00
9.080000000000000000e+02	7.434906962920641682e+00
9.090000000000000000e+02	7.004088376921373538e+00
9.100000000000000000e+02	6.596515992781681881e+00
9.110000000000000000e+02	6.211043135286435479e+00
9.120000000000000000e+02	5.846573240131883509e+00
9.130000000000000000e+02	5.502058034026937605e+00
9.140000000000000000e+02	5.176495760359779652e+00
9.150000000000000000e+02	4.868929450445376617e+00
9.160000000000000000e+02	4.578445240287941864e+00
9.170000000000000000e+02	4.304170732715720149e+00
9.180000000000000000e+02	4.045273404673861428e+00
9.190000000000000000e+02	3.800959059394038331e+00
9.200000000000000000e+02	3.570470323096990306e+00
9.210000000000000000e+02	3.353085185826099046e+00
9.220000000000000000e+02	3.148115585956509310e+00
9.230000000000000000e+02	2.954906037874463376e+00
9.240000000000000000e+02	2.772832302276248218e+00
9.250000000000000000e+02	2.601300098494312429e+00
9.260000000000000000e+02	2.439743858220233097e+00
9.270000000000000000e+02	2.287625519959919806e+00
9.280000000000000000e+02	2.144433363525520608e+00
9.290000000000000000e+02	2.009680883840961219e+00
9.300000000000000000e+02	1.882905703313676904e+00
9.310000000000000000e+02	1.763668522003694283e+00
9.320000000000000000e+02	1.651552104802808785e+00
9.330000000000000000e+02	1.546160304820793474e+00
9.340000000000000000e+02	1.447117122162554059e+00
9.350000000000000000e+02	1.354065797269415228e+00
9.360000000000000000e+02	1.266667937989509829e+00
9.370000000000000000e+02	1.184602679536088221e+00
9.380000000000000000e+02	1.107565876488588508e+00
9.390000000000000000e+02	1.035269325989310651e+00
9.400000000000000000e+02	9.674400212882533490e-01
9.410000000000000000e+02	9.038194347902430703e-01
9.420000000000000000e+02	8.441628297616228238e-01
9.430000000000000000e+02	7.882385998582925879e-01
9.440000000000000000e+02	7.358276356430496490e-01
9.450000000000000000e+02	6.867227172672596414e-01
9.460000000000000000e+02	6.407279325005327264e-01
9.470000000000000000e+02	5.976581193015155780e-01
9.480000000000000000e+02	5.573383321334481888e-01
9.490000000000000000e+02	5.196033312396345361e-01
9.500000000000000000e+02	4.842970941061192081e-01
9.510000000000000000e+02	4.512723483519404111e-01
9.520000000000000000e+02	4.203901253008826000e-01
9.530000000000000000e+02	3.915193335028797073e-01
9.540000000000000000e+02	3.645363514879755851e-01
9.550000000000000000e+02	3.393246390508133370e-01
9.560000000000000000e+02	3.157743663792373923e-01
9.570000000000000000e+02	2.937820603563798261e-01
9.580000000000000000e+02	2.732502673817025496e-01
9.590000000000000000e+02	2.540872320727943778e-01
9.600000000000000000e+02	2.362065912261261669e-01
9.610000000000000000e+02	2.195270824315637970e-01
9.620000000000000000e+02	2.039722667520167398e-01
9.630000000000000000e+02	1.894702648962447444e-01
9.640000000000000000e+02	1.759535063294555834e-01
9.650000000000000000e+02	1.633584907828571908e-01
9.660000000000000000e+02	1.516255616398179129e-01
9.670000000000000000e+02	1.406986906925912495e-01
9.680000000000000000e+02	1.305252737797781559e-01
9.690000000000000000e+02	1.210559368306951544e-01
9.700000000000000000e+02	1.122443518586354744e-01
9.710000000000000000e+02	1.040470624606060074e-01
9.720000000000000000e+02	9.642331839646914315e-02
9.730000000000000000e+02	8.933491883551852863e-02
9.740000000000000000e+02	8.274606387334251800e-02
9.750000000000000000e+02	7.662321393636151168e-02
9.760000000000000000e+02	7.093495670567055711e-02
9.770000000000000000e+02	6.565188120574499964e-02
9.780000000000000000e+02	6.074645871718480777e-02
9.790000000000000000e+02	5.619293018596300399e-02
9.800000000000000000e+02	5.196719981460018456e-02
9.810000000000000000e+02	4.804673453331986116e-02
9.820000000000000000e+02	4.441046906151745882e-02
9.830000000000000000e+02	4.103871628183076298e-02
9.840000000000000000e+02	3.791308266069783744e-02
9.850000000000000000e+02	3.501638846055366017e-02
9.860000000000000000e+02	3.233259249973657184e-02
9.870000000000000000e+02	2.984672122675416719e-02
9.880000000000000000e+02	2.754480188580056554e-02
9.890000000000000000e+02	2.541379956032219917e-02
9.900000000000000000e+02	2.344155789100055981e-02
9.910000000000000000e+02	2.161674327376844965e-02
9.920000000000000000e+02	1.992879235239251520e-02
9.930000000000000000e+02	1.836786262876071579e-02
9.940000000000000000e+02	1.692478602229822993e-02
9.950000000000000000e+02	1.559102521791701397e-02
9.960000000000000000e+02	1.435863264958230426e-02
9.970000000000000000e+02	1.322021197396138457e-02
9.980000000000000000e+02	1.216888189571446038e-02
9.990000000000000000e+02	1.119824221279870288e-02
1.000000000000000000e+03	1.030234195669234645e-02
