4.410000000000000000e+02	3.187929303257087454e+00
4.420000000000000000e+02	3.430081246390829453e+00
4.430000000000000000e+02	3.689538242435563831e+00
4.440000000000000000e+02	3.967450429209883112e+00
4.450000000000000000e+02	4.265037815013718259e+00
4.460000000000000000e+02	4.583594048214329142e+00
4.470000000000000000e+02	4.924490357519715644e+00
4.480000000000000000e+02	5.289179668509955690e+00
4.490000000000000000e+02	5.679200902036510179e+00
4.500000000000000000e+02	6.096183460128488996e+00
4.510000000000000000e+02	6.541851905062000760e+00
4.520000000000000000e+02	7.018030837253184551e+00
4.530000000000000000e+02	7.526649977626910903e+00
4.540000000000000000e+02	8.069749460089463255e+00
4.550000000000000000e+02	8.649485339694930275e+00
4.560000000000000000e+02	9.268135322039679380e+00
4.570000000000000000e+02	9.928104719346345419e+00
4.580000000000000000e+02	1.063193263860735449e+01
4.590000000000000000e+02	1.138229840704710760e+01
4.600000000000000000e+02	1.218202824002966445e+01
4.610000000000000000e+02	1.303410215638535163e+01
4.620000000000000000e+02	1.394166114595237360e+01
4.630000000000000000e+02	1.490801459392889328e+01
4.640000000000000000e+02	1.593664796640463344e+01
4.650000000000000000e+02	1.703123076118754753e+01
4.660000000000000000e+02	1.819562472776143736e+01
4.670000000000000000e+02	1.943389235990053621e+01
4.680000000000000000e+02	2.075030566412767286e+01
4.690000000000000000e+02	2.214935520683293291e+01
4.700000000000000000e+02	2.363575944246627358e+01
4.710000000000000000e+02	2.521447432478255024e+01
4.720000000000000000e+02	2.689070320264701408e+01
4.730000000000000000e+02	2.866990700140344117e+01
4.740000000000000000e+02	3.055781469026561936e+01
4.750000000000000000e+02	3.256043403561383798e+01
4.760000000000000000e+02	3.468406263945990986e+01
4.770000000000000000e+02	3.693529926168890398e+01
4.780000000000000000e+02	3.932105542398832654e+01
4.790000000000000000e+02	4.184856729263945851e+01
4.800000000000000000e+02	4.452540783656756673e+01
4.810000000000000000e+02	4.735949925622786338e+01
4.820000000000000000e+02	5.035912567804121664e+01
4.830000000000000000e+02	5.353294610819237676e+01
4.840000000000000000e+02	5.689000763865172416e+01
4.850000000000000000e+02	6.043975889729591700e+01
4.860000000000000000e+02	6.419206373296789536e+01
4.870000000000000000e+02	6.815721512525172443e+01
4.880000000000000000e+02	7.234594930776393085e+01
4.890000000000000000e+02	7.676946009429418893e+01
4.900000000000000000e+02	8.143941341367501252e+01
4.910000000000000000e+02	8.636796222126437783e+01
4.920000000000000000e+02	9.156776326990613768e+01
4.930000000000000000e+02	9.705200649407072433e+01
4.940000000000000000e+02	1.028345245892474793e+02
4.950000000000000000e+02	1.089303517654955016e+02
4.960000000000000000e+02	1.153584733341860442e+02
4.970000000000000000e+02	1.221538170552433797e+02
4.980000000000000000e+02	1.294126743283489986e+02
4.990000000000000000e+02	1.374405002012725845e+02
5.000000000000000000e+02	1.471596422185250503e+02
5.010000000000000000e+02	1.610428185996519517e+02
5.020000000000000000e+02	1.848160375601635224e+02
5.030000000000000000e+02	2.296970332391256306e+02
5.040000000000000000e+02	3.137262367751179113e+02
5.050000000000000000e+02	4.592518358570094961e+02
5.060000000000000000e+02	6.836215269643284955e+02
5.070000000000000000e+02	9.838287453122343322e+02
5.080000000000000000e+02	1.322850997085612107e+03
5.090000000000000000e+02	1.630161237375701148e+03
5.100000000000000000e+02	1.823918063784065907e+03
5.110000000000000000e+02	1.847206237376153240e+03
5.120000000000000000e+02	1.696851967830059948e+03
5.130000000000000000e+02	1.425108762150610573e+03
5.140000000000000000e+02	1.113014614054978438e+03
5.150000000000000000e+02	8.337848742160335860e+02
5.160000000000000000e+02	6.284490832754382836e+02
5.170000000000000000e+02	5.031834061264748357e+02
5.180000000000000000e+02	4.420700016716938308e+02
5.190000000000000000e+02	4.227693198096457081e+02
5.200000000000000000e+02	4.266141730378986381e+02
5.210000000000000000e+02	4.417367680778065733e+02
5.220000000000000000e+02	4.619867088006211020e+02
5.230000000000000000e+02	4.846929166508054436e+02
5.240000000000000000e+02	5.088776548074486072e+02
5.250000000000000000e+02	5.342494271692233951e+02
5.260000000000000000e+02	5.607534278164317811e+02
5.270000000000000000e+02	5.884055207258561495e+02
5.280000000000000000e+02	6.172403584107835286e+02
5.290000000000000000e+02	6.472974761124808083e+02
5.300000000000000000e+02	6.786180637004085838e+02
5.310000000000000000e+02	7.112443081562465750e+02
5.320000000000000000e+02	7.452192697143631221e+02
5.330000000000000000e+02	7.805868531297893469e+02
5.340000000000000000e+02	8.173917924536459623e+02
5.350000000000000000e+02	8.556796360666227201e+02
5.360000000000000000e+02	8.954967300471232647e+02
5.370000000000000000e+02	9.368901995832419516e+02
5.380000000000000000e+02	9.799079283442904398e+02
5.390000000000000000e+02	1.024598535751771124e+03
5.400000000000000000e+02	1.071011352093640198e+03
5.410000000000000000e+02	1.119196391427876733e+03
5.420000000000000000e+02	1.169204322223572944e+03
5.430000000000000000e+02	1.221086435690196140e+03
5.440000000000000000e+02	1.274894611748310808e+03
5.450000000000000000e+02	1.330681282597944801e+03
5.460000000000000000e+02	1.388499393843899270e+03
5.470000000000000000e+02	1.448402363140648504e+03
5.480000000000000000e+02	1.510444036323069213e+03
5.490000000000000000e+02	1.574678640993085537e+03
5.500000000000000000e+02	1.641160737536359875e+03
5.510000000000000000e+02	1.709945167547485653e+03
5.520000000000000000e+02	1.781086999646664935e+03
5.530000000000000000e+02	1.854641472675661817e+03
5.540000000000000000e+02	1.930663936265779057e+03
5.550000000000000000e+02	2.009209788775900961e+03
5.560000000000000000e+02	2.090334412604052432e+03
5.570000000000000000e+02	2.174093106881637141e+03
5.580000000000000000e+02	2.260541017565376023e+03
5.590000000000000000e+02	2.349733064948077299e+03
5.600000000000000000e+02	2.441723868615636093e+03
5.610000000000000000e+02	2.536567669884143015e+03
5.620000000000000000e+02	2.634318251757628332e+03
5.630000000000000000e+02	2.735028856453757726e+03
5.640000000000000000e+02	2.838752100551801504e+03
5.650000000000000000e+02	2.945539887824231300e+03
5.660000000000000000e+02	3.055443319820627039e+03
5.670000000000000000e+02	3.168512604279801963e+03
5.680000000000000000e+02	3.284796961453596396e+03
5.690000000000000000e+02	3.404344528433223331e+03
5.700000000000000000e+02	3.527202261576682758e+03
5.710000000000000000e+02	3.653415837143345470e+03
5.720000000000000000e+02	3.783029550249483236e+03
5.730000000000000000e+02	3.916086212266126495e+03
5.740000000000000000e+02	4.052627046788341886e+03
5.750000000000000000e+02	4.192691584312524355e+03
5.760000000000000000e+02	4.336317555765932411e+03
5.770000000000000000e+02	4.483540785040074297e+03
5.780000000000000000e+02	4.634395080686968868e+03
5.790000000000000000e+02	4.788912126944489501e+03
5.800000000000000000e+02	4.947121374264113001e+03
5.810000000000000000e+02	5.109049929521246668e+03
5.820000000000000000e+02	5.274722446095072883e+03
5.830000000000000000e+02	5.444161014011261614e+03
5.840000000000000000e+02	5.617385050347170363e+03
5.850000000000000000e+02	5.794411190105091919e+03
5.860000000000000000e+02	5.975253177764744578e+03
5.870000000000000000e+02	6.159921759731550083e+03
5.880000000000000000e+02	6.348424577902222154e+03
5.890000000000000000e+02	6.540766064573747826e+03
5.900000000000000000e+02	6.736947338926137490e+03
5.910000000000000000e+02	6.936966105312974832e+03
5.920000000000000000e+02	7.140816553597306665e+03
5.930000000000000000e+02	7.348489261773089311e+03
5.940000000000000000e+02	7.559971101114959311e+03
5.950000000000000000e+02	7.775245144100873404e+03
5.960000000000000000e+02	7.994290575353528766e+03
5.970000000000000000e+02	8.217082605847261220e+03
5.980000000000000000e+02	8.443592390627369241e+03
5.990000000000000000e+02	8.673786950288407752e+03
6.000000000000000000e+02	8.907629096457081687e+03
6.010000000000000000e+02	9.145077361523755826e+03
6.020000000000000000e+02	9.386085932864416463e+03
6.030000000000000000e+02	9.630604591792092833e+03
6.040000000000000000e+02	9.878578657473242856e+03
6.050000000000000000e+02	1.012994893604043136e+04
6.060000000000000000e+02	1.038465167512791049e+04
6.070000000000000000e+02	1.064261852405118043e+04
6.080000000000000000e+02	1.090377649984542404e+04
6.090000000000000000e+02	1.116804795937103336e+04
6.100000000000000000e+02	1.143535057768682054e+04
6.110000000000000000e+02	1.170559733288345524e+04
6.120000000000000000e+02	1.197869649756084436e+04
6.130000000000000000e+02	1.225455163712369722e+04
6.140000000000000000e+02	1.253306161505942873e+04
6.150000000000000000e+02	1.281412060535185628e+04
6.160000000000000000e+02	1.309761811217276045e+04
6.170000000000000000e+02	1.338343899698144560e+04
6.180000000000000000e+02	1.367146351314993626e+04
6.190000000000000000e+02	1.396156734821832106e+04
6.200000000000000000e+02	1.425362167387116278e+04
6.210000000000000000e+02	1.454749320371171780e+04
6.220000000000000000e+02	1.484304425889611230e+04
6.230000000000000000e+02	1.514013284167453821e+04
6.240000000000000000e+02	1.543861271687094995e+04
6.250000000000000000e+02	1.573833350131697807e+04
6.260000000000000000e+02	1.603914076123929590e+04
6.270000000000000000e+02	1.634087611758334606e+04
6.280000000000000000e+02	1.664337735923916989e+04
6.290000000000000000e+02	1.694647856411820248e+04
6.300000000000000000e+02	1.725001022801242652e+04
6.310000000000000000e+02	1.755379940114977580e+04
6.320000000000000000e+02	1.785766983234220606e+04
6.330000000000000000e+02	1.816144212060497739e+04
6.340000000000000000e+02	1.846493387410813739e+04
6.350000000000000000e+02	1.876795987630336822e+04
6.360000000000000000e+02	1.907033225905187282e+04
6.370000000000000000e+02	1.937186068256132057e+04
6.380000000000000000e+02	1.967235252192259941e+04
6.390000000000000000e+02	1.997161306002004130e+04
6.400000000000000000e+02	2.026944568657175114e+04
6.410000000000000000e+02	2.056565210304025459e+04
6.420000000000000000e+02	2.086003253313743699e+04
6.430000000000000000e+02	2.115238593863192000e+04
6.440000000000000000e+02	2.144251024015171788e+04
6.450000000000000000e+02	2.173020254266020856e+04
6.460000000000000000e+02	2.201525936526909936e+04
6.470000000000000000e+02	2.229747687503851921e+04
6.480000000000000000e+02	2.257665112440119992e+04
6.490000000000000000e+02	2.285257829183545982e+04
6.500000000000000000e+02	2.312505492540005434e+04
6.510000000000000000e+02	2.339387818873309880e+04
6.520000000000000000e+02	2.365884610910724950e+04
6.530000000000000000e+02	2.391975782712412183e+04
6.540000000000000000e+02	2.417641384762266534e+04
6.550000000000000000e+02	2.442861629136869669e+04
6.560000000000000000e+02	2.467616914708645345e+04
6.570000000000000000e+02	2.491887852338750963e+04
6.580000000000000000e+02	2.515655290014785351e+04
6.590000000000000000e+02	2.538900337888054855e+04
6.600000000000000000e+02	2.561604393164881185e+04
6.610000000000000000e+02	2.583749164806322005e+04
6.620000000000000000e+02	2.605316697990608372e+04
6.630000000000000000e+02	2.626289398292720216e+04
6.640000000000000000e+02	2.646650055535667707e+04
6.650000000000000000e+02	2.666381867268375936e+04
6.660000000000000000e+02	2.685468461825445047e+04
6.670000000000000000e+02	2.703893920924593112e+04
6.680000000000000000e+02	2.721642801758196219e+04
6.690000000000000000e+02	2.738700158536083472e+04
6.700000000000000000e+02	2.755051563437561708e+04
6.710000000000000000e+02	2.770683126931613151e+04
6.720000000000000000e+02	2.785581517425222046e+04
6.730000000000000000e+02	2.799733980200966107e+04
6.740000000000000000e+02	2.813128355606226251e+04
6.750000000000000000e+02	2.825753096457723950e+04
6.760000000000000000e+02	2.837597284626523833e+04
6.770000000000000000e+02	2.848650646770171807e+04
6.780000000000000000e+02	2.858903569180231352e+04
6.790000000000000000e+02	2.868347111715197025e+04
6.800000000000000000e+02	2.876973020790511509e+04
6.810000000000000000e+02	2.884773741399270148e+04
6.820000000000000000e+02	2.891742428139108961e+04
6.830000000000000000e+02	2.897872955222745804e+04
6.840000000000000000e+02	2.903159925451680465e+04
6.850000000000000000e+02	2.907598678134655347e+04
6.860000000000000000e+02	2.911185295934611713e+04
6.870000000000000000e+02	2.913916610630059222e+04
6.880000000000000000e+02	2.915790207779004049e+04
6.890000000000000000e+02	2.916804430275816048e+04
6.900000000000000000e+02	2.916958380793701508e+04
6.910000000000000000e+02	2.916251923107750554e+04
6.920000000000000000e+02	2.914685682295814695e+04
6.930000000000000000e+02	2.912261043816811070e+04
6.940000000000000000e+02	2.908980151468350959e+04
6.950000000000000000e+02	2.904845904227906794e+04
6.960000000000000000e+02	2.899861951984036205e+04
6.970000000000000000e+02	2.894032690166458269e+04
6.980000000000000000e+02	2.887363253286048348e+04
6.990000000000000000e+02	2.879859507398030837e+04
7.000000000000000000e+02	2.871528041503872009e+04
7.010000000000000000e+02	2.862376157909498215e+04
7.020000000000000000e+02	2.852411861559603130e+04
7.030000000000000000e+02	2.841643848369841726e+04
7.040000000000000000e+02	2.830081492580720442e+04
7.050000000000000000e+02	2.817734833158927722e+04
7.060000000000000000e+02	2.804614559273710984e+04
7.070000000000000000e+02	2.790731994877716352e+04
7.080000000000000000e+02	2.776099082423412619e+04
7.090000000000000000e+02	2.760728365747881617e+04
7.100000000000000000e+02	2.744632972160282225e+04
7.110000000000000000e+02	2.727826593767800296e+04
7.120000000000000000e+02	2.710323468077232610e+04
7.130000000000000000e+02	2.692138357910663035e+04
7.140000000000000000e+02	2.673286530674855021e+04
7.150000000000000000e+02	2.653783737025071969e+04
7.160000000000000000e+02	2.633646188965007241e+04
7.170000000000000000e+02	2.612890537425399089e+04
7.180000000000000000e+02	2.591533849364648631e+04
7.190000000000000000e+02	2.569593584435440789e+04
7.200000000000000000e+02	2.547087571261906851e+04
7.210000000000000000e+02	2.524033983372318471e+04
7.220000000000000000e+02	2.500451314832632852e+04
7.230000000000000000e+02	2.476358355626432967e+04
7.240000000000000000e+02	2.451774166826926012e+04
7.250000000000000000e+02	2.426718055606667622e+04
7.260000000000000000e+02	2.401209550130579009e+04
7.270000000000000000e+02	2.375268374377622604e+04
7.280000000000000000e+02	2.348914422936182382e+04
7.290000000000000000e+02	2.322167735817795619e+04
7.300000000000000000e+02	2.295048473333358925e+04
7.310000000000000000e+02	2.267576891075318053e+04
7.320000000000000000e+02	2.239773315048657605e+04
7.330000000000000000e+02	2.211658116992696159e+04
7.340000000000000000e+02	2.183251689934804745e+04
7.350000000000000000e+02	2.154574424016200646e+04
7.360000000000000000e+02	2.125646682628902272e+04
7.370000000000000000e+02	2.096488778901807382e+04
7.380000000000000000e+02	2.067120952572633541e+04
7.390000000000000000e+02	2.037563347281197275e+04
7.400000000000000000e+02	2.007835988318149975e+04
7.410000000000000000e+02	1.977958760861888004e+04
7.420000000000000000e+02	1.947951388734890497e+04
7.430000000000000000e+02	1.917833413709220258e+04
7.440000000000000000e+02	1.887624175389364973e+04
7.450000000000000000e+02	1.857342791698980727e+04
7.460000000000000000e+02	1.827008139996469981e+04
7.470000000000000000e+02	1.796638838842630867e+04
7.480000000000000000e+02	1.766253230441928827e+04
7.490000000000000000e+02	1.735869363777200124e+04
7.500000000000000000e+02	1.705504978455856690e+04
7.510000000000000000e+02	1.675177489283901377e+04
7.520000000000000000e+02	1.644903971582297163e+04
7.530000000000000000e+02	1.614701147258454512e+04
7.540000000000000000e+02	1.584585371643844337e+04
7.550000000000000000e+02	1.554572621106968472e+04
7.560000000000000000e+02	1.524678481449165702e+04
7.570000000000000000e+02	1.494918137089004267e+04
7.580000000000000000e+02	1.465306361039273179e+04
7.590000000000000000e+02	1.435857505678902817e+04
7.600000000000000000e+02	1.406585494320467842e+04
7.610000000000000000e+02	1.377503813572286890e+04
7.620000000000000000e+02	1.348625506492531713e+04
7.630000000000000000e+02	1.319963166531191018e+04
7.640000000000000000e+02	1.291528932254209394e+04
7.650000000000000000e+02	1.263334482842646139e+04
7.660000000000000000e+02	1.235391034358257639e+04
7.670000000000000000e+02	1.207709336765539956e+04
7.680000000000000000e+02	1.180299671698924976e+04
7.690000000000000000e+02	1.153171850962561803e+04
7.700000000000000000e+02	1.126335215748893279e+04
7.710000000000000000e+02	1.099798636561083731e+04
7.720000000000000000e+02	1.073570513823260626e+04
7.730000000000000000e+02	1.047658779161494385e+04
7.740000000000000000e+02	1.022070897337480528e+04
7.750000000000000000e+02	9.968138688159779122e+03
7.760000000000000000e+02	9.718942329462217458e+03
7.770000000000000000e+02	9.473180717367567922e+03
7.780000000000000000e+02	9.230910142024327797e+03
7.790000000000000000e+02	8.992182412616662987e+03
7.800000000000000000e+02	8.757044911614993907e+03
7.810000000000000000e+02	8.525540654074840859e+03
7.820000000000000000e+02	8.297708351749817666e+03
7.830000000000000000e+02	8.073582481780970738e+03
7.840000000000000000e+02	7.853193359721569323e+03
7.850000000000000000e+02	7.636567216653976175e+03
7.860000000000000000e+02	7.423726280153594416e+03
7.870000000000000000e+02	7.214688858853460260e+03
7.880000000000000000e+02	7.009469430362742969e+03
7.890000000000000000e+02	6.808078732292181485e+03
7.900000000000000000e+02	6.610523856140323005e+03
7.910000000000000000e+02	6.416808343795330984e+03
7.920000000000000000e+02	6.226932286409041808e+03
7.930000000000000000e+02	6.040892425401945729e+03
7.940000000000000000e+02	5.858682255360666204e+03
7.950000000000000000e+02	5.680292128592484914e+03
7.960000000000000000e+02	5.505709361105284188e+03
7.970000000000000000e+02	5.334918339785137505e+03
7.980000000000000000e+02	5.167900630548449953e+03
7.990000000000000000e+02	5.004635087250190736e+03
8.000000000000000000e+02	4.845097961135146761e+03
8.010000000000000000e+02	4.689263010624523304e+03
8.020000000000000000e+02	4.537101611236160352e+03
8.030000000000000000e+02	4.388582865442698676e+03
8.040000000000000000e+02	4.243673712278484345e+03
8.050000000000000000e+02	4.102339036512538769e+03
8.060000000000000000e+02	3.964541777211853514e+03
8.070000000000000000e+02	3.830243035526180847e+03
8.080000000000000000e+02	3.699402181532768282e+03
8.090000000000000000e+02	3.571976959986711790e+03
8.100000000000000000e+02	3.447923594830084767e+03
8.110000000000000000e+02	3.327196892320481311e+03
8.120000000000000000e+02	3.209750342647217622e+03
8.130000000000000000e+02	3.095536219911013177e+03
8.140000000000000000e+02	2.984505680350706371e+03
8.150000000000000000e+02	2.876608858708093521e+03
8.160000000000000000e+02	2.771794962629728161e+03
8.170000000000000000e+02	2.670012365012009468e+03
8.180000000000000000e+02	2.571208694203532104e+03
8.190000000000000000e+02	2.475330921986023441e+03
8.200000000000000000e+02	2.382325449262664279e+03
8.210000000000000000e+02	2.292138189389811032e+03
8.220000000000000000e+02	2.204714649095304594e+03
8.230000000000000000e+02	2.120000006933551504e+03
8.240000000000000000e+02	2.037939189234434707e+03
8.250000000000000000e+02	1.958476943509842386e+03
8.260000000000000000e+02	1.881557909288080282e+03
8.270000000000000000e+02	1.807126686352856268e+03
8.280000000000000000e+02	1.735127900369613371e+03
8.290000000000000000e+02	1.665506265888005828e+03
8.300000000000000000e+02	1.598206646715031411e+03
8.310000000000000000e+02	1.533174113658880970e+03
8.320000000000000000e+02	1.470353999648871650e+03
8.330000000000000000e+02	1.409691952241943909e+03
8.340000000000000000e+02	1.351133983531027752e+03
8.350000000000000000e+02	1.294626517475252740e+03
8.360000000000000000e+02	1.240116434676320978e+03
8.370000000000000000e+02	1.187551114629562335e+03
8.380000000000000000e+02	1.136878475482071735e+03
8.390000000000000000e+02	1.088047011334031822e+03
8.400000000000000000e+02	1.041005827122733308e+03
8.410000000000000000e+02	9.957046711320441545e+02
8.420000000000000000e+02	9.520939651730146807e+02
8.430000000000000000e+02	9.101248324840601072e+02
8.440000000000000000e+02	8.697491234016443968e+02
8.450000000000000000e+02	8.309194388546964092e+02
8.460000000000000000e+02	7.935891517380172218e+02
8.470000000000000000e+02	7.577124262217881778e+02
8.480000000000000000e+02	7.232442350559100532e+02
8.490000000000000000e+02	6.901403749293209557e+02
8.500000000000000000e+02	6.583574799456523579e+02
8.510000000000000000e+02	6.278530332776005025e+02
8.520000000000000000e+02	5.985853770632147643e+02
8.530000000000000000e+02	5.705137206079593852e+02
8.540000000000000000e+02	5.435981469568542934e+02
8.550000000000000000e+02	5.177996179013163101e+02
8.560000000000000000e+02	4.930799774854410771e+02
8.570000000000000000e+02	4.694019540764547855e+02
8.580000000000000000e+02	4.467291610638944235e+02
8.590000000000000000e+02	4.250260962517611460e+02
8.600000000000000000e+02	4.042581400074511180e+02
8.610000000000000000e+02	3.843915522307058836e+02
8.620000000000000000e+02	3.653934682051224740e+02
8.630000000000000000e+02	3.472318933939853309e+02
8.640000000000000000e+02	3.298756972412670621e+02
8.650000000000000000e+02	3.132946060376564787e+02
8.660000000000000000e+02	2.974591949103840420e+02
8.670000000000000000e+02	2.823408789944564887e+02
8.680000000000000000e+02	2.679119038416583294e+02
8.690000000000000000e+02	2.541453351223866832e+02
8.700000000000000000e+02	2.410150476740095371e+02
8.710000000000000000e+02	2.284957139480134458e+02
8.720000000000000000e+02	2.165627919067445930e+02
8.730000000000000000e+02	2.051925124190342729e+02
8.740000000000000000e+02	1.943618662024483683e+02
8.750000000000000000e+02	1.840485903583379752e+02
8.760000000000000000e+02	1.742311545442535987e+02
8.770000000000000000e+02	1.648887468266836720e+02
8.780000000000000000e+02	1.560012592554345758e+02
8.790000000000000000e+02	1.475492731993393534e+02
8.800000000000000000e+02	1.395140444813372085e+02
8.810000000000000000e+02	1.318774883493190941e+02
8.820000000000000000e+02	1.246221643175055931e+02
8.830000000000000000e+02	1.177312609114926687e+02
8.840000000000000000e+02	1.111885803484790216e+02
8.850000000000000000e+02	1.049785231826013785e+02
8.860000000000000000e+02	9.908607294371336138e+01
8.870000000000000000e+02	9.349678079639170392e+01
8.880000000000000000e+02	8.819675024442082645e+01
8.890000000000000000e+02	8.317262190449889658e+01
8.900000000000000000e+02	7.841155837143736562e+01
8.910000000000000000e+02	7.390122919568206328e+01
8.920000000000000000e+02	6.962979599257346308e+01
8.930000000000000000e+02	6.558589770139445818e+01
8.940000000000000000e+02	6.175863601091572264e+01
8.950000000000000000e+02	5.813756096685164465e+01
8.960000000000000000e+02	5.471265677538510630e+01
8.970000000000000000e+02	5.147432781569884241e+01
8.980000000000000000e+02	4.841338487327799101e+01
8.990000000000000000e+02	4.552103160461560805e+01
9.000000000000000000e+02	4.278885124285837804e+01
9.010000000000000000e+02	4.020879355288633406e+01
9.020000000000000000e+02	3.777316204331056326e+01
9.030000000000000000e+02	3.547460144191278886e+01
9.040000000000000000e+02	3.330608544013136196e+01
9.050000000000000000e+02	3.126090471131879056e+01
9.060000000000000000e+02	2.933265520666400406e+01
9.070000000000000000e+02	2.751522673187814050e+01
9.080000000000000000e+02	2.580279180699104558e+01
9.090000000000000000e+02	2.418979481089611028e+01
9.100000000000000000e+02	2.267094141160952248e+01
9.110000000000000000e+02	2.124118828257855540e+01
9.120000000000000000e+02	1.989573310478230184e+01
9.130000000000000000e+02	1.863000485381089888e+01
9.140000000000000000e+02	1.743965437059259216e+01
9.150000000000000000e+02	1.632054521395496849e+01
9.160000000000000000e+02	1.526874479275769225e+01
9.170000000000000000e+02	1.428051577492147750e+01
9.180000000000000000e+02	1.335230777029457805e+01
9.190000000000000000e+02	1.248074928394897221e+01
9.200000000000000000e+02	1.166263993617812744e+01
9.210000000000000000e+02	1.089494294517725059e+01
9.220000000000000000e+02	1.017477786812469631e+01
9.230000000000000000e+02	9.499413596147292083e+00
9.240000000000000000e+02	8.866261598442195080e+00
9.250000000000000000e+02	8.272869410642773147e+00
9.260000000000000000e+02	7.716914362353946899e+00
9.270000000000000000e+02	7.196197538642660874e+00
9.280000000000000000e+02	6.708637970151038132e+00
9.290000000000000000e+02	6.252267046401122741e+00
9.300000000000000000e+02	5.825223146780826866e+00
9.310000000000000000e+02	5.425746483639491302e+00
9.320000000000000000e+02	5.052174151876383412e+00
9.330000000000000000e+02	4.702935379377165326e+00
9.340000000000000000e+02	4.376546972639054900e+00
9.350000000000000000e+02	4.071608951925517417e+00
9.360000000000000000e+02	3.786800370304031382e+00
9.370000000000000000e+02	3.520875310945178249e+00
9.380000000000000000e+02	3.272659057097163871e+00
9.390000000000000000e+02	3.041044429196066989e+00
9.400000000000000000e+02	2.824988283627294372e+00
9.410000000000000000e+02	2.623508167717918838e+00
9.420000000000000000e+02	2.435679125611389662e+00
9.430000000000000000e+02	2.260630649754996391e+00
9.440000000000000000e+02	2.097543772815729568e+00
9.450000000000000000e+02	1.945648294931305644e+00
9.460000000000000000e+02	1.804220141299025082e+00
9.470000000000000000e+02	1.672578845205868081e+00
9.480000000000000000e+02	1.550085151707380149e+00
9.490000000000000000e+02	1.436138737270928889e+00
9.500000000000000000e+02	1.330176040809167848e+00
9.510000000000000000e+02	1.231668201642692972e+00
9.520000000000000000e+02	1.140119100045406286e+00
9.530000000000000000e+02	1.055063496142437884e+00
9.540000000000000000e+02	9.760652630475941116e-01
9.550000000000000000e+02	9.027157102452533222e-01
9.560000000000000000e+02	8.346319933397899904e-01
9.570000000000000000e+02	7.714556064137433333e-01
9.580000000000000000e+02	7.128509533538928133e-01
9.590000000000000000e+02	6.585039946215970330e-01
9.600000000000000000e+02	6.081209660601667455e-01
9.610000000000000000e+02	5.614271664474469459e-01
9.620000000000000000e+02	5.181658106157477350e-01
9.630000000000000000e+02	4.780969450738593585e-01
9.640000000000000000e+02	4.409964231767939946e-01
9.650000000000000000e+02	4.066549369979522988e-01
9.660000000000000000e+02	3.748771031655408481e-01
9.670000000000000000e+02	3.454806000301622326e-01
9.680000000000000000e+02	3.182953536333080757e-01
9.690000000000000000e+02	2.931627700471217679e-01
9.700000000000000000e+02	2.699350117540138538e-01
9.710000000000000000e+02	2.484743158305468824e-01
9.720000000000000000e+02	2.286523517933394534e-01
9.730000000000000000e+02	2.103496170555524958e-01
9.740000000000000000e+02	1.934548680308315893e-01
9.750000000000000000e+02	1.778645850072436141e-01
9.760000000000000000e+02	1.634824689968847056e-01
9.770000000000000000e+02	1.502189688473592744e-01
9.780000000000000000e+02	1.379908369792656464e-01
9.790000000000000000e+02	1.267207121891822941e-01
9.800000000000000000e+02	1.163367280304509893e-01
9.810000000000000000e+02	1.067721453543086924e-01
9.820000000000000000e+02	9.796500766166063578e-02
9.830000000000000000e+02	8.985781798106391716e-02
9.840000000000000000e+02	8.239723605130007400e-02
9.850000000000000000e+02	7.553379464734930049e-02
9.860000000000000000e+02	6.922163394662578240e-02
9.870000000000000000e+02	6.341825288810032379e-02
9.880000000000000000e+02	5.808427653041537547e-02
9.890000000000000000e+02	5.318323846638231545e-02
9.900000000000000000e+02	4.868137740037670885e-02
9.910000000000000000e+02	4.454744704217315082e-02
9.920000000000000000e+02	4.075253851574132946e-02
9.930000000000000000e+02	3.726991452452817211e-02
9.940000000000000000e+02	3.407485455581706763e-02
9.950000000000000000e+02	3.114451044596131327e-02
9.960000000000000000e+02	2.845777166568501729e-02
9.970000000000000000e+02	2.599513972028898168e-02
9.980000000000000000e+02	2.373861109355680094e-02
9.990000000000000000e+02	2.167156819648284258e-02
1.000000000000000000e+03	1.977867781269475322e-02
