440	15.9493450333542
441	-15.9333502768624
442	-37.040262640138
443	61.4989499698272
444	6.40806833270844
445	-51.8403621387346
446	-57.4885104931244
447	16.7679346254419
448	65.1890342146481
449	-39.7135006003128
450	-12.0622813645492
451	81.7685566512964
452	2.83493176149022
453	80.1537281244908
454	-11.9217622793541
455	-60.502771585642
456	-15.2174776521554
457	82.405334456362
458	30.6954367453602
459	-38.3876479454702
460	-39.3398638538216
461	84.3836822913115
462	37.8945597491861
463	-53.0979539858505
464	-32.1752429690075
465	-2.73021220705679
466	16.7500436056895
467	-38.2649644098996
468	-101.444948192892
469	-70.0777992154969
470	36.7798997812267
471	51.5609174540031
472	37.6274250148705
473	-94.6446195135643
474	67.9873612093639
475	20.485684975928
476	68.6528473577569
477	-24.582716785479
478	21.3571607336259
479	5.70332426965479
480	-40.969398783615
481	33.5905018328656
482	8.75062511729613
483	8.72794246104033
484	-15.921296976308
485	101.867820803899
486	28.0814393747231
487	-4.6019701167823
488	105.26497731848
489	97.9313091752733
490	192.922223740092
491	153.094312130208
492	111.421043361267
493	88.0396089037334
494	-13.5712561134633
495	119.738828635714
496	89.535885616515
497	103.485714285714
498	118.600342222801
499	111.785542307298
500	182.288643961456
501	164.494747810428
502	137.56843828692
503	279.169543652792
504	399.020048616348
505	385.544291013689
506	697.873155058122
507	887.26318696408
508	1093.64452281005
509	1349.77428626379
510	1919.73615950984
511	2075.35733153904
512	1937.10511569578
513	1982.64382489232
514	1826.6123535147
515	1330.96537511883
516	965.429414952056
517	623.612410456111
518	448.407975268122
519	476.20917222802
520	326.797570791825
521	256.905790133355
522	199.301082479066
523	236.229701890035
524	111.85748981587
525	111.284501316039
526	139.888306002609
527	132.453397375035
528	108.944504578943
529	105.406437406138
530	102.651114135008
531	103.30882374458
532	111.170580492988
533	128.17736010382
534	129.095365840928
535	141.275820149229
536	150.830257251108
537	165.446158326937
538	183.882785559132
539	201.289740047815
540	210.272692719512
541	220.233269533143
542	234.309554018057
543	251.651949320521
544	268.287508039996
545	291.260396878344
546	313.691145743774
547	337.879754301332
548	357.490684952491
549	380.734521171725
550	412.347661274313
551	436.545581056893
552	464.019314105704
553	488.980447523892
554	523.133594586244
555	560.430310268898
556	590.319121863896
557	632.29964512346
558	674.807734598226
559	723.311822079087
560	773.513394677564
561	829.256742031837
562	883.080207532304
563	937.188993501879
564	982.094074392798
565	1030.99468748691
566	1115.14992856929
567	1202.42746194667
568	1292.77661017213
569	1388.99423239395
570	1485.24273825342
571	1583.15472105451
572	1682.40069002567
573	1784.51149178486
574	1887.85555273873
575	1994.8535290924
576	2105.22926036542
577	2219.98613574567
578	2335.82012189155
579	2451.02762293215
580	2573.55063769348
581	2701.5078740627
582	2830.6137191144
583	2958.75196220036
584	3083.85971823588
585	3220.11196320342
586	3353.52584800114
587	3491.59139286553
588	3623.93709232646
589	3760.37670274895
590	3896.28508078365
591	4039.065988901
592	4185.71082795055
593	4343.52324014834
594	4501.95827386267
595	4629.76822901274
596	4759.72550985594
597	4891.80842335787
598	5025.99266152081
599	5162.25125952412
600	5300.55455689592
601	5440.87016187278
602	5583.16291910086
603	5727.39488082897
604	5873.52528174029
605	6021.51051756531
606	6171.3041276139
607	6322.85678135934
608	6476.11626920157
609	6631.02749753098
610	6787.53248820745
611	6945.57038256248
612	7105.07745002495
613	7265.98710146323
614	7428.22990732805
615	7591.73362067213
616	7756.42320511332
617	7922.22086779897
618	8089.04609741907
619	8256.81570730618
620	8425.44388364932
621	8594.8422388386
622	8764.91986994647
623	8935.58342234004
624	9106.73715840791
625	9278.28303137303
626	9450.12076415173
627	9622.14793320678
628	9794.26005733096
629	9966.350691285
630	10138.3115242022
631	10310.0324826597
632	10481.4018383045
633	10652.3063199104
634	10822.6312297301
635	10992.260563995
636	11161.0771374038
637	11328.9627114302
638	11495.7981262676
639	11661.463436219
640	11825.8380483303
641	11988.8008640532
642	12150.2304237164
643	12310.0050535726
644	12468.0030151819
645	12624.1026568806
646	12778.1825670813
647	12930.1217291385
648	13079.7996775083
649	13227.0966549272
650	13371.8937703254
651	13514.0731571876
652	13653.5181320706
653	13790.1133529808
654	13923.7449773137
655	14054.3008190557
656	14181.6705049462
657	14305.745629296
658	14426.4199071621
659	14543.5893255745
660	14657.1522925171
661	14767.0097833633
662	14873.0654844725
663	14975.2259336567
664	15073.4006572304
665	15167.5023033634
666	15257.4467714613
667	15343.1533373066
668	15424.5447736989
669	15501.5474663427
670	15574.0915247396
671	15642.1108878506
672	15705.5434243055
673	15764.3310269472
674	15818.4197015075
675	15867.7596492281
676	15912.3053432473
677	15952.0155985895
678	15986.853635607
679	16016.7871367371
680	16041.7882964519
681	16061.8338642927
682	16076.905180896
683	16086.988206933
684	16092.0735448993
685	16092.1564537081
686	16087.2368560549
687	16077.3193385373
688	16062.4131445306
689	16042.532159834
690	16017.6948911179
691	15987.9244372213
692	15953.2484533589
693	15913.699108318
694	15869.313034736
695	15820.1312725668
696	15766.1992058591
697	15707.5664929809
698	15644.2869904424
699	15576.4186704795
700	15504.0235325745
701	15427.1675091042
702	15345.9203653144
703	15260.3555938351
704	15170.5503039574
705	15076.5851059081
706	14978.5439903625
707	14876.5142034485
708	14770.5861175025
709	14660.8530978436
710	14547.411365842
711	14430.3598585609
712	14309.8000852593
713	14185.8359810457
714	14058.5737579767
715	13928.1217538997
716	13794.5902793385
717	13658.0914627237
718	13518.7390942708
719	13376.6484688079
720	13231.9362278558
721	13084.72020126
722	12935.1192486736
723	12783.2531011859
724	12629.24220339
725	12473.2075561754
726	12315.2705605292
727	12155.552862624
728	11994.1762004615
729	11831.2622523385
730	11666.9324873909
731	11501.3080184647
732	11334.5094575563
733	11166.6567740525
734	10997.8691559937
735	10828.2648745726
736	10657.9611520729
737	10487.0740334376
738	10315.7182616513
739	10144.0071571054
740	9972.05250110627
741	9799.96442367363
742	9627.85129576569
743	9455.819626055
744	9283.97396236755
745	9112.41679788536
746	8941.24848220077
747	8770.56713729882
748	8600.46857853191
749	8431.04624063887
750	8262.39110884918
751	8094.59165510072
752	7927.73377938834
753	7761.90075624907
754	7597.1731863783
755	7433.62895336086
756	7271.34318548974
757	7110.38822263518
758	6950.8335881166
759	6792.74596552017
760	6636.18918039547
761	6481.22418675561
762	6327.90905829658
763	6176.29898424346
764	6026.44626972313
765	5878.40034055602
766	5732.20775235217
767	5587.91220379076
768	5445.55455395578
769	5305.17284359547
770	5166.80232016745
771	5030.47546652749
772	4896.22203311492
773	4764.0690734848
774	4634.04098303288
775	4506.15954075745
776	4380.44395389903
777	4256.91090529764
778	4135.57460330558
779	4016.44683409279
780	3899.53701618118
781	3784.8522570445
782	3672.39741161
783	3562.17514249937
784	3454.18598184716
785	3348.42839453622
786	3244.89884269174
787	3143.59185127717
788	3044.50007463813
789	2947.61436384262
790	2852.92383466941
791	2760.41593609913
792	2670.07651916674
793	2581.88990603716
794	2495.83895917038
795	2411.90515044618
796	2330.06863012298
797	2250.30829550999
798	2172.60185923643
799	2096.92591700621
800	2023.25601473167
801	1951.56671494456
802	1881.83166238796
803	1814.02364869756
804	1748.11467608615
805	1684.07601995019
806	1621.87829032267
807	1561.49149210166
808	1502.88508398892
809	1446.02803607852
810	1390.88888604005
811	1337.43579384652
812	1285.6365950016
813	1235.45885222616
814	1186.86990556864
815	1139.83692090856
816	1094.32693682717
817	1050.3069098237
818	1007.74375785994
819	966.604402220409
820	926.855807679052
821	888.465020967852
822	851.399207546161
823	815.625686673437
824	781.111964791513
825	747.825767225877
826	715.735068218616
827	684.808119308721
828	655.013476078281
829	626.320023285787
830	598.696998410297
831	572.114013632559
832	546.541076281377
833	521.948607775525
834	498.3074610934
835	475.588936804261
836	453.764797696486
837	432.807282039652
838	412.689115518448
839	393.383521877583
840	374.864232317718
841	357.105493683305
842	340.082075483861
843	323.769275790728
844	308.142926051804
845	293.179394866975
846	278.855590767177
847	265.148964040059
848	252.037507645147
849	239.499757261293
850	227.514790508908
851	216.062225389147
852	205.122217981797
853	194.675459443094
854	184.703172344134
855	175.187106389877
856	166.109533558023
857	157.453242696293
858	149.201533615785
859	141.338210717232
860	133.847576186032
861	126.714422791005
862	119.924026320799
863	113.462137690867
864	107.314974752874
865	101.46921383734
866	95.9119810592226
867	90.6308434150361
868	85.6137996990237
869	80.849271264745
870	76.3260926573496
871	72.0335021406731
872	67.9611321421854
873	64.0989996377046
874	60.4374964966958
875	56.9673798078812
876	53.6797622038159
877	50.5661022020208
878	47.6181945792283
879	44.8281607942699
880	42.1884394741375
881	39.6917769767726
882	37.3312180431835
883	35.1000965505642
884	32.9920263771854
885	31.000892388956
886	29.1208415567058
887	27.3462742124229
888	25.6718354518918
889	24.0924066904177
890	22.6030973775958
891	21.1992368763833
892	19.8763665110645
893	18.6302317880584
894	17.4567747929124
895	16.3521267662428
896	15.3126008608359
897	14.3346850816009
898	13.4150354095742
899	12.5504691107113
900	11.7379582297657
901	10.9746232691455
902	10.2577270522543
903	9.58466877046964
904	8.9529782125754
905	8.3603101751623
906	7.80443905222311
907	7.28325360191042
908	6.79475188818515
909	6.33703639486658
910	5.90830930939759
911	5.5068679734611
912	5.13110049742509
913	4.77948153545272
914	4.45056821799019
915	4.14299623823787
916	3.85547608911798
917	3.5867894471751
918	3.33578569978205
919	3.10137861197376
920	2.88254312919348
921	2.67831231220921
922	2.48777440044291
923	2.31006999994929
924	2.14438939228496
925	1.98996996052155
926	1.84609372867696
927	1.71208501086731
928	1.58730816651704
929	1.47116545800614
930	1.36309500718031
931	1.26256884720234
932	1.16909106627936
933	1.08219603986225
934	1.0014467479775
935	0.92643317442025
936	0.856770784607659
937	0.792099078965125
938	0.732080218792832
939	0.676397721637221
940	0.624755223270053
941	0.576875303457075
942	0.532498372778317
943	0.49138161784253
944	0.453298002319019
945	0.41803532129082
946	0.385395306513664
947	0.355192780245238
948	0.32725485538867
949	0.301420179772888
950	0.277538222470197
951	0.255468600128151
952	0.235080441368244
953	0.2162517873782
954	0.198869026897393
955	0.182826363866297
956	0.168025316080634
957	0.154374243259025
958	0.141787902999477
959	0.130187033164769
960	0.119497959299876
961	0.109652225745767
962	0.100586249173401
963	0.0922409933193662
964	0.0845616637604213
965	0.0774974216182328
966	0.071001115137752
967	0.0650290281330941
968	0.0595406443433636
969	0.0544984267877048
970	0.0498676112539325
971	0.0456160130984595
972	0.0417138465768958
973	0.0381335559647011
974	0.0348496577656414
975	0.0318385933425777
976	0.0290785913403422
977	0.026549539304157
978	0.0242328639292829
979	0.022111419408372
980	0.020169383372399
981	0.018392159949085
982	0.0167662894894642
983	0.0152793645387059
984	0.01391995165155
985	0.0126775186757676
986	0.0115423671489835
987	0.0101273607588151
988	0.00889744021123118
989	0.0078281622683906
990	0.00689827095985147
991	0.00608929338055102
992	0.00538518464503207
993	0.00477201636035248
994	0.00423770357525263
995	0.00377176570289118
996	0.00336511740290429
997	0.00300988584965335
998	0.00269925121108346
999	0.00242730752021261
1000	0.00218894144231028
