4.410000000000000000e+02	6.360406718147696203e+00
4.420000000000000000e+02	6.797338328654118023e+00
4.430000000000000000e+02	7.262209928204438114e+00
4.440000000000000000e+02	7.756657647071333983e+00
4.450000000000000000e+02	8.282403050296670344e+00
4.460000000000000000e+02	8.841256920591206381e+00
4.470000000000000000e+02	9.435123166480506640e+00
4.480000000000000000e+02	1.006600285726261212e+01
4.490000000000000000e+02	1.073599838618715729e+01
4.500000000000000000e+02	1.144731776309522786e+01
4.510000000000000000e+02	1.220227903757532140e+01
4.520000000000000000e+02	1.300331485349117955e+01
4.530000000000000000e+02	1.385297713552303023e+01
4.540000000000000000e+02	1.475394190813379325e+01
4.550000000000000000e+02	1.570901424712501360e+01
4.560000000000000000e+02	1.672113336368468595e+01
4.570000000000000000e+02	1.779337782054964379e+01
4.580000000000000000e+02	1.892897087960729507e+01
4.590000000000000000e+02	2.013128597994736069e+01
4.600000000000000000e+02	2.140385234504147860e+01
4.610000000000000000e+02	2.275036071737734389e+01
4.620000000000000000e+02	2.417466921850485662e+01
4.630000000000000000e+02	2.568080933206402605e+01
4.640000000000000000e+02	2.727299200695687631e+01
4.650000000000000000e+02	2.895561387740064418e+01
4.660000000000000000e+02	3.073326359615467496e+01
4.670000000000000000e+02	3.261072827674919239e+01
4.680000000000000000e+02	3.459300004006257012e+01
4.690000000000000000e+02	3.668528266009192862e+01
4.700000000000000000e+02	3.889299830324142704e+01
4.710000000000000000e+02	4.122179435491477761e+01
4.720000000000000000e+02	4.367755032664258152e+01
4.730000000000000000e+02	4.626638483639928978e+01
4.740000000000000000e+02	4.899466265417445499e+01
4.750000000000000000e+02	5.186900180425467255e+01
4.760000000000000000e+02	5.489628071504732532e+01
4.770000000000000000e+02	5.808364540663848175e+01
4.780000000000000000e+02	6.143851670562254697e+01
4.790000000000000000e+02	6.496859747607535951e+01
4.800000000000000000e+02	6.868187985487629987e+01
4.810000000000000000e+02	7.258665247904265527e+01
4.820000000000000000e+02	7.669150769319894323e+01
4.830000000000000000e+02	8.100534873319701035e+01
4.840000000000000000e+02	8.553739693924366350e+01
4.850000000000000000e+02	9.029719941089669533e+01
4.860000000000000000e+02	9.529463955677931608e+01
4.870000000000000000e+02	1.005399635831085448e+02
4.880000000000000000e+02	1.060438861216556603e+02
4.890000000000000000e+02	1.118180543947049870e+02
4.900000000000000000e+02	1.178769958225013426e+02
4.910000000000000000e+02	1.242456613734953805e+02
4.920000000000000000e+02	1.309861585919082643e+02
4.930000000000000000e+02	1.382840820710316336e+02
4.940000000000000000e+02	1.467015897575707584e+02
4.950000000000000000e+02	1.578476471074820608e+02
4.960000000000000000e+02	1.759710874884658267e+02
4.970000000000000000e+02	2.113256115850645926e+02
4.980000000000000000e+02	2.863875440705259621e+02
4.990000000000000000e+02	4.456228698819862757e+02
5.000000000000000000e+02	7.677353873356991016e+02
5.010000000000000000e+02	1.375659186242851092e+03
5.020000000000000000e+02	2.434761096360915872e+03
5.030000000000000000e+02	4.126892227042201739e+03
5.040000000000000000e+02	6.592040131092266165e+03
5.050000000000000000e+02	9.843942482607028069e+03
5.060000000000000000e+02	1.368807656386736744e+04
5.070000000000000000e+02	1.768753396291584795e+04
5.080000000000000000e+02	2.121773645379101799e+04
5.090000000000000000e+02	2.361673110083240681e+04
5.100000000000000000e+02	2.438635376656761946e+04
5.110000000000000000e+02	2.336147055026195085e+04
5.120000000000000000e+02	2.076872602985512276e+04
5.130000000000000000e+02	1.714624207659119929e+04
5.140000000000000000e+02	1.316315119936120936e+04
5.150000000000000000e+02	9.421649775348909316e+03
5.160000000000000000e+02	6.320512215159968946e+03
5.170000000000000000e+02	4.016437551146334499e+03
5.180000000000000000e+02	2.469178672500828725e+03
5.190000000000000000e+02	1.526753041907299576e+03
5.200000000000000000e+02	1.006936906882063340e+03
5.210000000000000000e+02	7.502891341020415439e+02
5.220000000000000000e+02	6.414057465960202080e+02
5.230000000000000000e+02	6.079896125468402488e+02
5.240000000000000000e+02	6.099711815432082176e+02
5.250000000000000000e+02	6.274595429431634557e+02
5.260000000000000000e+02	6.515456513693326315e+02
5.270000000000000000e+02	6.786158945055606182e+02
5.280000000000000000e+02	7.073449644437851020e+02
5.290000000000000000e+02	7.373003440412732061e+02
5.300000000000000000e+02	7.683656780027546347e+02
5.310000000000000000e+02	8.005266661896334881e+02
5.320000000000000000e+02	8.337991705972858654e+02
5.330000000000000000e+02	8.682072779134676921e+02
5.340000000000000000e+02	9.037771855821480358e+02
5.350000000000000000e+02	9.405356296332271313e+02
5.360000000000000000e+02	9.785094976724922162e+02
5.370000000000000000e+02	1.017725723285170261e+03
5.380000000000000000e+02	1.058211240784127540e+03
5.390000000000000000e+02	1.099992951026628361e+03
5.400000000000000000e+02	1.143097688271390098e+03
5.410000000000000000e+02	1.187552186214943731e+03
5.420000000000000000e+02	1.233383042899729617e+03
5.430000000000000000e+02	1.280616684458620284e+03
5.440000000000000000e+02	1.329279327706434060e+03
5.450000000000000000e+02	1.379396941598274452e+03
5.460000000000000000e+02	1.430995207578500185e+03
5.470000000000000000e+02	1.484099478847398586e+03
5.480000000000000000e+02	1.538734738575882147e+03
5.490000000000000000e+02	1.594925557101789309e+03
5.500000000000000000e+02	1.652696048144737915e+03
5.510000000000000000e+02	1.712069824079790806e+03
5.520000000000000000e+02	1.773069950313637719e+03
5.530000000000000000e+02	1.835718898810355086e+03
5.540000000000000000e+02	1.900038500817304111e+03
5.550000000000000000e+02	1.966049898845097232e+03
5.560000000000000000e+02	2.033773497959026372e+03
5.570000000000000000e+02	2.103228916442779791e+03
5.580000000000000000e+02	2.174434935898629192e+03
5.590000000000000000e+02	2.247409450851688234e+03
5.600000000000000000e+02	2.322169417929116662e+03
5.610000000000000000e+02	2.398730804688461831e+03
5.620000000000000000e+02	2.477108538172522458e+03
5.630000000000000000e+02	2.557316453271261253e+03
5.640000000000000000e+02	2.639367240974344440e+03
5.650000000000000000e+02	2.723272396600888897e+03
5.660000000000000000e+02	2.809042168095790657e+03
5.670000000000000000e+02	2.896685504484836201e+03
5.680000000000000000e+02	2.986210004583344471e+03
5.690000000000000000e+02	3.077621866055620558e+03
5.700000000000000000e+02	3.170925834924818901e+03
5.710000000000000000e+02	3.266125155634997554e+03
5.720000000000000000e+02	3.363221521769129595e+03
5.730000000000000000e+02	3.462215027528730843e+03
5.740000000000000000e+02	3.563104120082313329e+03
5.750000000000000000e+02	3.665885552891403222e+03
5.760000000000000000e+02	3.770554340124028386e+03
5.770000000000000000e+02	3.877103712266623916e+03
5.780000000000000000e+02	3.985525073046103444e+03
5.790000000000000000e+02	4.095807957774339229e+03
5.800000000000000000e+02	4.207939993227663763e+03
5.810000000000000000e+02	4.321906859174017882e+03
5.820000000000000000e+02	4.437692251660165311e+03
5.830000000000000000e+02	4.555277848170941070e+03
5.840000000000000000e+02	4.674643274771736287e+03
5.850000000000000000e+02	4.795766075344401543e+03
5.860000000000000000e+02	4.918621683025459788e+03
5.870000000000000000e+02	5.043183393953906489e+03
5.880000000000000000e+02	5.169422343434005597e+03
5.890000000000000000e+02	5.297307484616320835e+03
5.900000000000000000e+02	5.426805569797723365e+03
5.910000000000000000e+02	5.557881134438390291e+03
5.920000000000000000e+02	5.690496483990719753e+03
5.930000000000000000e+02	5.824611683631740561e+03
5.940000000000000000e+02	5.960184550986939939e+03
5.950000000000000000e+02	6.097170651929507585e+03
5.960000000000000000e+02	6.235523299534732359e+03
5.970000000000000000e+02	6.375193556264818653e+03
5.980000000000000000e+02	6.516130239454534603e+03
5.990000000000000000e+02	6.658279930163112112e+03
6.000000000000000000e+02	6.801586985452423505e+03
6.010000000000000000e+02	6.945993554145908092e+03
6.020000000000000000e+02	7.091439596116857501e+03
6.030000000000000000e+02	7.237862905148612299e+03
6.040000000000000000e+02	7.385199135402900538e+03
6.050000000000000000e+02	7.533381831526023234e+03
6.060000000000000000e+02	7.682342462415851514e+03
6.070000000000000000e+02	7.832010458665722581e+03
6.080000000000000000e+02	7.982313253694146624e+03
6.090000000000000000e+02	8.133176328562038179e+03
6.100000000000000000e+02	8.284523260471745743e+03
6.110000000000000000e+02	8.436275774934598303e+03
6.120000000000000000e+02	8.588353801586079499e+03
6.130000000000000000e+02	8.740675533619893031e+03
6.140000000000000000e+02	8.893157490804507688e+03
6.150000000000000000e+02	9.045714586037654954e+03
6.160000000000000000e+02	9.198260195386594205e+03
6.170000000000000000e+02	9.350706231553731413e+03
6.180000000000000000e+02	9.502963220699477461e+03
6.190000000000000000e+02	9.654940382546083129e+03
6.200000000000000000e+02	9.806545713678511675e+03
6.210000000000000000e+02	9.957686073950362697e+03
6.220000000000000000e+02	1.010826727589534494e+04
6.230000000000000000e+02	1.025819417703697400e+04
6.240000000000000000e+02	1.040737077498176950e+04
6.250000000000000000e+02	1.055570030517385203e+04
6.260000000000000000e+02	1.070308534118160242e+04
6.270000000000000000e+02	1.084942789738012652e+04
6.280000000000000000e+02	1.099462953388639107e+04
6.290000000000000000e+02	1.113859146359741680e+04
6.300000000000000000e+02	1.128121466117560522e+04
6.310000000000000000e+02	1.142239997381917055e+04
6.320000000000000000e+02	1.156204823365002630e+04
6.330000000000000000e+02	1.170006037154597288e+04
6.340000000000000000e+02	1.183633753223892745e+04
6.350000000000000000e+02	1.197078119049629277e+04
6.360000000000000000e+02	1.210329326819797279e+04
6.370000000000000000e+02	1.223377625211778832e+04
6.380000000000000000e+02	1.236213331221418775e+04
6.390000000000000000e+02	1.248826842023209610e+04
6.400000000000000000e+02	1.261208646841490736e+04
6.410000000000000000e+02	1.273349338812321730e+04
6.420000000000000000e+02	1.285239626815507472e+04
6.430000000000000000e+02	1.296870347256097921e+04
6.440000000000000000e+02	1.308232475774588420e+04
6.450000000000000000e+02	1.319317138864993831e+04
6.460000000000000000e+02	1.330115625379960693e+04
6.470000000000000000e+02	1.340619397902123274e+04
6.480000000000000000e+02	1.350820103961003588e+04
6.490000000000000000e+02	1.360709587074883530e+04
6.500000000000000000e+02	1.370279897597274794e+04
6.510000000000000000e+02	1.379523303347835827e+04
6.520000000000000000e+02	1.388432300007876074e+04
6.530000000000000000e+02	1.396999621260910317e+04
6.540000000000000000e+02	1.405218248659108576e+04
6.550000000000000000e+02	1.413081421196906922e+04
6.560000000000000000e+02	1.420582644573514881e+04
6.570000000000000000e+02	1.427715700126568845e+04
6.580000000000000000e+02	1.434474653419736933e+04
6.590000000000000000e+02	1.440853862467685940e+04
6.600000000000000000e+02	1.446847985582453839e+04
6.610000000000000000e+02	1.452451988825959052e+04
6.620000000000000000e+02	1.457661153054096212e+04
6.630000000000000000e+02	1.462471080538618844e+04
6.640000000000000000e+02	1.466877701153806993e+04
6.650000000000000000e+02	1.470877278115733861e+04
6.660000000000000000e+02	1.474466413262807509e+04
6.670000000000000000e+02	1.477642051867136615e+04
6.680000000000000000e+02	1.480401486967190795e+04
6.690000000000000000e+02	1.482742363213146928e+04
6.700000000000000000e+02	1.484662680217278830e+04
6.710000000000000000e+02	1.486160795402718941e+04
6.720000000000000000e+02	1.487235426344909138e+04
6.730000000000000000e+02	1.487885652601073161e+04
6.740000000000000000e+02	1.488110917024052651e+04
6.750000000000000000e+02	1.487911026557886726e+04
6.760000000000000000e+02	1.487286152513539309e+04
6.770000000000000000e+02	1.486236830324226139e+04
6.780000000000000000e+02	1.484763958780830762e+04
6.790000000000000000e+02	1.482868798748936388e+04
6.800000000000000000e+02	1.480552971370037994e+04
6.810000000000000000e+02	1.477818455750527210e+04
6.820000000000000000e+02	1.474667586143061453e+04
6.830000000000000000e+02	1.471103048625937299e+04
6.840000000000000000e+02	1.467127877287080264e+04
6.850000000000000000e+02	1.462745449920238570e+04
6.860000000000000000e+02	1.457959483241930320e+04
6.870000000000000000e+02	1.452774027638622647e+04
6.880000000000000000e+02	1.447193461454532189e+04
6.890000000000000000e+02	1.441222484831330803e+04
6.900000000000000000e+02	1.434866113111879349e+04
6.910000000000000000e+02	1.428129669820954223e+04
6.920000000000000000e+02	1.421018779236713635e+04
6.930000000000000000e+02	1.413539358567410090e+04
6.940000000000000000e+02	1.405697609748581272e+04
6.950000000000000000e+02	1.397500010876628585e+04
6.960000000000000000e+02	1.388953307295341256e+04
6.970000000000000000e+02	1.380064502352525233e+04
6.980000000000000000e+02	1.370840847844451855e+04
6.990000000000000000e+02	1.361289834166366199e+04
7.000000000000000000e+02	1.351419180187758684e+04
7.010000000000000000e+02	1.341236822871533150e+04
7.020000000000000000e+02	1.330750906656585903e+04
7.030000000000000000e+02	1.319969772623639983e+04
7.040000000000000000e+02	1.308901947464464502e+04
7.050000000000000000e+02	1.297556132274846095e+04
7.060000000000000000e+02	1.285941191191872895e+04
7.070000000000000000e+02	1.274066139896221466e+04
7.080000000000000000e+02	1.261940134000241414e+04
7.090000000000000000e+02	1.249572457342668531e+04
7.100000000000000000e+02	1.236972510210796463e+04
7.110000000000000000e+02	1.224149797510887765e+04
7.120000000000000000e+02	1.211113916907501516e+04
7.130000000000000000e+02	1.197874546952280252e+04
7.140000000000000000e+02	1.184441435222539985e+04
7.150000000000000000e+02	1.170824386489782955e+04
7.160000000000000000e+02	1.157033250937967387e+04
7.170000000000000000e+02	1.143077912451056909e+04
7.180000000000000000e+02	1.128968276989012702e+04
7.190000000000000000e+02	1.114714261070984139e+04
7.200000000000000000e+02	1.100325780384030259e+04
7.210000000000000000e+02	1.085812738535218887e+04
7.220000000000000000e+02	1.071185015964454033e+04
7.230000000000000000e+02	1.056452459034827189e+04
7.240000000000000000e+02	1.041624869316734475e+04
7.250000000000000000e+02	1.026711993081381843e+04
7.260000000000000000e+02	1.011723511018688077e+04
7.270000000000000000e+02	9.966690281939276247e+03
7.280000000000000000e+02	9.815580642567896575e+03
7.290000000000000000e+02	9.664000439158231529e+03
7.300000000000000000e+02	9.512042876905237790e+03
7.310000000000000000e+02	9.359800029525802529e+03
7.320000000000000000e+02	9.207362752670558621e+03
7.330000000000000000e+02	9.054820600435035885e+03
7.340000000000000000e+02	8.902261745062549380e+03
7.350000000000000000e+02	8.749772899923327714e+03
7.360000000000000000e+02	8.597439245846491758e+03
7.370000000000000000e+02	8.445344360873603364e+03
7.380000000000000000e+02	8.293570153494541955e+03
7.390000000000000000e+02	8.142196799418482442e+03
7.400000000000000000e+02	7.991302681924902572e+03
7.410000000000000000e+02	7.840964335831534299e+03
7.420000000000000000e+02	7.691256395108431207e+03
7.430000000000000000e+02	7.542251544159538753e+03
7.440000000000000000e+02	7.394020472785478887e+03
7.450000000000000000e+02	7.246631834833718131e+03
7.460000000000000000e+02	7.100152210534867663e+03
7.470000000000000000e+02	6.954646072516600725e+03
7.480000000000000000e+02	6.810175755479547661e+03
7.490000000000000000e+02	6.666801429512601317e+03
7.500000000000000000e+02	6.524581077018315227e+03
7.510000000000000000e+02	6.383570473212555953e+03
7.520000000000000000e+02	6.243823170156226297e+03
7.530000000000000000e+02	6.105390484270819798e+03
7.540000000000000000e+02	5.968321487283642455e+03
7.550000000000000000e+02	5.832663000543026101e+03
7.560000000000000000e+02	5.698459592638431786e+03
7.570000000000000000e+02	5.565753580255316592e+03
7.580000000000000000e+02	5.434585032189746016e+03
7.590000000000000000e+02	5.304991776443343952e+03
7.600000000000000000e+02	5.177009410314750312e+03
7.610000000000000000e+02	5.050671313399956489e+03
7.620000000000000000e+02	4.926008663410098052e+03
7.630000000000000000e+02	4.803050454712008104e+03
7.640000000000000000e+02	4.681823519493664207e+03
7.650000000000000000e+02	4.562352551453972410e+03
7.660000000000000000e+02	4.444660131913753503e+03
7.670000000000000000e+02	4.328766758242685682e+03
7.680000000000000000e+02	4.214690874494985110e+03
7.690000000000000000e+02	4.102448904145052438e+03
7.700000000000000000e+02	3.992055284812977334e+03
7.710000000000000000e+02	3.883522504868717078e+03
7.720000000000000000e+02	3.776861141803041846e+03
7.730000000000000000e+02	3.672079902252870852e+03
7.740000000000000000e+02	3.569185663568313430e+03
7.750000000000000000e+02	3.468183516808868717e+03
7.760000000000000000e+02	3.369076811056460883e+03
7.770000000000000000e+02	3.271867198933537566e+03
7.780000000000000000e+02	3.176554683215252226e+03
7.790000000000000000e+02	3.083137664425717958e+03
7.800000000000000000e+02	2.991612989309556269e+03
7.810000000000000000e+02	2.901976000071402723e+03
7.820000000000000000e+02	2.814220584277633407e+03
7.830000000000000000e+02	2.728339225316425200e+03
7.840000000000000000e+02	2.644323053314233675e+03
7.850000000000000000e+02	2.562161896408959819e+03
7.860000000000000000e+02	2.481844332282405048e+03
7.870000000000000000e+02	2.403357739857062825e+03
7.880000000000000000e+02	2.326688351064946801e+03
7.890000000000000000e+02	2.251821302598864349e+03
7.900000000000000000e+02	2.178740687559403796e+03
7.910000000000000000e+02	2.107429606913886346e+03
7.920000000000000000e+02	2.037870220686545053e+03
7.930000000000000000e+02	1.970043798802372521e+03
7.940000000000000000e+02	1.903930771510263867e+03
7.950000000000000000e+02	1.839510779314348611e+03
7.960000000000000000e+02	1.776762722345751854e+03
7.970000000000000000e+02	1.715664809110370470e+03
7.980000000000000000e+02	1.656194604551639941e+03
7.990000000000000000e+02	1.598329077370717641e+03
8.000000000000000000e+02	1.542044646549906247e+03
8.010000000000000000e+02	1.487317227028588604e+03
8.020000000000000000e+02	1.434122274484388527e+03
8.030000000000000000e+02	1.382434829175660752e+03
8.040000000000000000e+02	1.332229558804830276e+03
8.050000000000000000e+02	1.283480800365460254e+03
8.060000000000000000e+02	1.236162600939249614e+03
8.070000000000000000e+02	1.190248757412453415e+03
8.080000000000000000e+02	1.145712855084435205e+03
8.090000000000000000e+02	1.102528305144272963e+03
8.100000000000000000e+02	1.060668380994405652e+03
8.110000000000000000e+02	1.020106253403387768e+03
8.120000000000000000e+02	9.808150244727718245e+02
8.130000000000000000e+02	9.427677604060394287e+02
8.140000000000000000e+02	9.059375230703091120e+02
8.150000000000000000e+02	8.702974003442636786e+02
8.160000000000000000e+02	8.358205352483875004e+02
8.170000000000000000e+02	8.024801538561356438e+02
8.180000000000000000e+02	7.702495919870901844e+02
8.190000000000000000e+02	7.391023206855246599e+02
8.200000000000000000e+02	7.090119704900308761e+02
8.210000000000000000e+02	6.799523545019908397e+02
8.220000000000000000e+02	6.518974902627469419e+02
8.230000000000000000e+02	6.248216204512287959e+02
8.240000000000000000e+02	5.986992324156345830e+02
8.250000000000000000e+02	5.735050765544945079e+02
8.260000000000000000e+02	5.492141835640533145e+02
8.270000000000000000e+02	5.258018805704277838e+02
8.280000000000000000e+02	5.032438061663945632e+02
8.290000000000000000e+02	4.815159243739884687e+02
8.300000000000000000e+02	4.605945375552678911e+02
8.310000000000000000e+02	4.404562982947281284e+02
8.320000000000000000e+02	4.210782202778277110e+02
8.330000000000000000e+02	4.024376881910107500e+02
8.340000000000000000e+02	3.845124666694023290e+02
8.350000000000000000e+02	3.672807083190786557e+02
8.360000000000000000e+02	3.507209608414306103e+02
8.370000000000000000e+02	3.348121732876715555e+02
8.380000000000000000e+02	3.195337014719921171e+02
8.390000000000000000e+02	3.048653125722232176e+02
8.400000000000000000e+02	2.907871889471517193e+02
8.410000000000000000e+02	2.772799311998402914e+02
8.420000000000000000e+02	2.643245605164301537e+02
8.430000000000000000e+02	2.519025203099641033e+02
8.440000000000000000e+02	2.399956771987542652e+02
8.450000000000000000e+02	2.285863213487483847e+02
8.460000000000000000e+02	2.176571662092058830e+02
8.470000000000000000e+02	2.071913476707967732e+02
8.480000000000000000e+02	1.971724226749862510e+02
8.490000000000000000e+02	1.875843673032671290e+02
8.500000000000000000e+02	1.784115743744335418e+02
8.510000000000000000e+02	1.696388505777084106e+02
8.520000000000000000e+02	1.612514131690799388e+02
8.530000000000000000e+02	1.532348862577244120e+02
8.540000000000000000e+02	1.455752967088788807e+02
8.550000000000000000e+02	1.382590696889690207e+02
8.560000000000000000e+02	1.312730238782173444e+02
8.570000000000000000e+02	1.246043663753513897e+02
8.580000000000000000e+02	1.182406873183919203e+02
8.590000000000000000e+02	1.121699542448528746e+02
8.600000000000000000e+02	1.063805062140025655e+02
8.610000000000000000e+02	1.008610477131535106e+02
8.620000000000000000e+02	9.560064236923996361e+01
8.630000000000000000e+02	9.058870648622651345e+01
8.640000000000000000e+02	8.581500242817075730e+01
8.650000000000000000e+02	8.126963186703015651e+01
8.660000000000000000e+02	7.694302891356718987e+01
8.670000000000000000e+02	7.282595314897481842e+01
8.680000000000000000e+02	6.890948257409996813e+01
8.690000000000000000e+02	6.518500649241218525e+01
8.700000000000000000e+02	6.164421834213075613e+01
8.710000000000000000e+02	5.827910849219283307e+01
8.720000000000000000e+02	5.508195701602795680e+01
8.730000000000000000e+02	5.204532645638882826e+01
8.740000000000000000e+02	4.916205459378448239e+01
8.750000000000000000e+02	4.642524723036795820e+01
8.760000000000000000e+02	4.382827100045097524e+01
8.770000000000000000e+02	4.136474621814599573e+01
8.780000000000000000e+02	3.902853977198331847e+01
8.790000000000000000e+02	3.681375807570920244e+01
8.800000000000000000e+02	3.471474008384530663e+01
8.810000000000000000e+02	3.272605037998125965e+01
8.820000000000000000e+02	3.084247234517975045e+01
8.830000000000000000e+02	2.905900141329745878e+01
8.840000000000000000e+02	2.737083841946830631e+01
8.850000000000000000e+02	2.577338304745629927e+01
8.860000000000000000e+02	2.426222738106275045e+01
8.870000000000000000e+02	2.283314956427186715e+01
8.880000000000000000e+02	2.148210757433436413e+01
8.890000000000000000e+02	2.020523311152321710e+01
8.900000000000000000e+02	1.899882560885120597e+01
8.910000000000000000e+02	1.785934636461239577e+01
8.920000000000000000e+02	1.678341280020154613e+01
8.930000000000000000e+02	1.576779284527669134e+01
8.940000000000000000e+02	1.480939945195992102e+01
8.950000000000000000e+02	1.390528523941845762e+01
8.960000000000000000e+02	1.305263726983536543e+01
8.970000000000000000e+02	1.224877195646290318e+01
8.980000000000000000e+02	1.149113010415304359e+01
8.990000000000000000e+02	1.077727208247990731e+01
9.000000000000000000e+02	1.010487313130362708e+01
9.010000000000000000e+02	9.471718798378953252e+00
9.020000000000000000e+02	8.875700508380331755e+00
9.030000000000000000e+02	8.314811262499674172e+00
9.040000000000000000e+02	7.787141467573320597e+00
9.050000000000000000e+02	7.290874893509300847e+00
9.060000000000000000e+02	6.824284757614983654e+00
9.070000000000000000e+02	6.385729934268496777e+00
9.080000000000000000e+02	5.973651288233662981e+00
9.090000000000000000e+02	5.586568129787374382e+00
9.100000000000000000e+02	5.223074789710279831e+00
9.110000000000000000e+02	4.881837312085264280e+00
9.120000000000000000e+02	4.561590262753154157e+00
9.130000000000000000e+02	4.261133651191221006e+00
9.140000000000000000e+02	3.979329963506279544e+00
9.150000000000000000e+02	3.715101304170508989e+00
9.160000000000000000e+02	3.467426644073843267e+00
9.170000000000000000e+02	3.235339172421423104e+00
9.180000000000000000e+02	3.017923749967567293e+00
9.190000000000000000e+02	2.814314461048983418e+00
9.200000000000000000e+02	2.623692261858430630e+00
9.210000000000000000e+02	2.445282722385729191e+00
9.220000000000000000e+02	2.278353859445419349e+00
9.230000000000000000e+02	2.122214058208862220e+00
9.240000000000000000e+02	1.976210079662916952e+00
9.250000000000000000e+02	1.839725151427042071e+00
9.260000000000000000e+02	1.712177139375504309e+00
9.270000000000000000e+02	1.593016797530566020e+00
9.280000000000000000e+02	1.481726093716297932e+00
9.290000000000000000e+02	1.377816608490055827e+00
9.300000000000000000e+02	1.280828004899833061e+00
9.310000000000000000e+02	1.190326566649982487e+00
9.320000000000000000e+02	1.105903802295036265e+00
9.330000000000000000e+02	1.027175113121344907e+00
9.340000000000000000e+02	9.537785224183125132e-01
9.350000000000000000e+02	8.853734638855524919e-01
9.360000000000000000e+02	8.216396269682284537e-01
9.370000000000000000e+02	7.622758569606770118e-01
9.380000000000000000e+02	7.069991077674411262e-01
9.390000000000000000e+02	6.555434452610477969e-01
9.400000000000000000e+02	6.076590992269614855e-01
9.410000000000000000e+02	5.631115619380292481e-01
9.420000000000000000e+02	5.216807314531118900e-01
9.430000000000000000e+02	4.831600977873726777e-01
9.440000000000000000e+02	4.473559701547164535e-01
9.450000000000000000e+02	4.140867435359334436e-01
9.460000000000000000e+02	3.831822028791133095e-01
9.470000000000000000e+02	3.544828632917312872e-01
9.480000000000000000e+02	3.278393446363227492e-01
9.490000000000000000e+02	3.031117789937510798e-01
9.500000000000000000e+02	2.801692495096987368e-01
9.510000000000000000e+02	2.588892591909826013e-01
9.520000000000000000e+02	2.391572282686020845e-01
9.530000000000000000e+02	2.208660187940102437e-01
9.540000000000000000e+02	2.039154851838152482e-01
9.550000000000000000e+02	1.882120494759746410e-01
9.560000000000000000e+02	1.736683001074967314e-01
9.570000000000000000e+02	1.602026130695914652e-01
9.580000000000000000e+02	1.477387943411657967e-01
9.590000000000000000e+02	1.362057425454536175e-01
9.600000000000000000e+02	1.255371308173824085e-01
9.610000000000000000e+02	1.156711069110005624e-01
9.620000000000000000e+02	1.065500106169003647e-01
9.630000000000000000e+02	9.812010759905012702e-02
9.640000000000000000e+02	9.033133879878010863e-02
9.650000000000000000e+02	8.313708459087652825e-02
9.660000000000000000e+02	7.649394291278661939e-02
9.670000000000000000e+02	7.036152062283952680e-02
9.680000000000000000e+02	6.470223737717407941e-02
9.690000000000000000e+02	5.948114134768846262e-02
9.700000000000000000e+02	5.466573613485264937e-02
9.710000000000000000e+02	5.022581825962865731e-02
9.720000000000000000e+02	4.613332464805828398e-02
9.730000000000000000e+02	4.236218955030255501e-02
9.740000000000000000e+02	3.888821036309769025e-02
9.750000000000000000e+02	3.568892185070984130e-02
9.760000000000000000e+02	3.274347828457924853e-02
9.770000000000000000e+02	3.003254304594919766e-02
9.780000000000000000e+02	2.753818525889713958e-02
9.790000000000000000e+02	2.524378304335816309e-02
9.800000000000000000e+02	2.313393299896770311e-02
9.810000000000000000e+02	2.119436555088645771e-02
9.820000000000000000e+02	1.941186580821930435e-02
9.830000000000000000e+02	1.777419960423734860e-02
9.840000000000000000e+02	1.627004440537851981e-02
9.850000000000000000e+02	1.488892479296199424e-02
9.860000000000000000e+02	1.362115223773551972e-02
9.870000000000000000e+02	1.245776890280460812e-02
9.880000000000000000e+02	1.139049522519442782e-02
9.890000000000000000e+02	1.041168104029652902e-02
9.900000000000000000e+02	9.514260026777188184e-03
9.910000000000000000e+02	8.691707262196026948e-03
9.920000000000000000e+02	7.937999691629392049e-03
9.930000000000000000e+02	7.247579323036382019e-03
9.940000000000000000e+02	6.615318973967792941e-03
9.950000000000000000e+02	6.036490404526771714e-03
9.960000000000000000e+02	5.506734681264345392e-03
9.970000000000000000e+02	5.022034625956846993e-03
9.980000000000000000e+02	4.578689211986888483e-03
9.990000000000000000e+02	4.173289779356619336e-03
1.000000000000000000e+03	3.802697947221418771e-03
