4.410000000000000000e+02	1.876832260777443935e+02
4.420000000000000000e+02	1.952646621914841774e+02
4.430000000000000000e+02	2.031077931817175397e+02
4.440000000000000000e+02	2.112196209977458921e+02
4.450000000000000000e+02	2.196072477108591841e+02
4.460000000000000000e+02	2.282778731589027927e+02
4.470000000000000000e+02	2.372387923877280684e+02
4.480000000000000000e+02	2.464973928848899902e+02
4.490000000000000000e+02	2.560611516011061894e+02
4.500000000000000000e+02	2.659376317551377724e+02
4.510000000000000000e+02	2.761344794179300948e+02
4.520000000000000000e+02	2.866594198720288773e+02
4.530000000000000000e+02	2.975202537424870570e+02
4.540000000000000000e+02	3.087248528956909581e+02
4.550000000000000000e+02	3.202811561027561993e+02
4.560000000000000000e+02	3.321971644643925288e+02
4.570000000000000000e+02	3.444809365943826833e+02
4.580000000000000000e+02	3.571405835591004916e+02
4.590000000000000000e+02	3.701842635707718046e+02
4.600000000000000000e+02	3.836201764324836176e+02
4.610000000000000000e+02	3.974565577332652992e+02
4.620000000000000000e+02	4.117016727918855850e+02
4.630000000000000000e+02	4.263638103483655755e+02
4.640000000000000000e+02	4.414512760025515945e+02
4.650000000000000000e+02	4.569723853994753995e+02
4.660000000000000000e+02	4.729354571616087810e+02
4.670000000000000000e+02	4.893488055685189693e+02
4.680000000000000000e+02	5.062207329848467907e+02
4.690000000000000000e+02	5.235595220379515240e+02
4.700000000000000000e+02	5.413734275470071680e+02
4.710000000000000000e+02	5.596706682057797480e+02
4.720000000000000000e+02	5.784594180217846997e+02
4.730000000000000000e+02	5.977477975149860185e+02
4.740000000000000000e+02	6.175438646796901594e+02
4.750000000000000000e+02	6.378556057137719790e+02
4.760000000000000000e+02	6.586909255198827395e+02
4.770000000000000000e+02	6.800576379837951890e+02
4.780000000000000000e+02	7.019634560356208794e+02
4.790000000000000000e+02	7.244159815006179315e+02
4.800000000000000000e+02	7.474226947501931591e+02
4.810000000000000000e+02	7.709909441876425262e+02
4.820000000000000000e+02	7.951279357535678400e+02
4.830000000000000000e+02	8.198407235257146795e+02
4.840000000000000000e+02	8.451362073641350889e+02
4.850000000000000000e+02	8.710211682269799667e+02
4.860000000000000000e+02	8.975024868481781368e+02
4.870000000000000000e+02	9.245881850130508610e+02
4.880000000000000000e+02	9.522918711303956343e+02
4.890000000000000000e+02	9.806501658088197928e+02
4.900000000000000000e+02	1.009785632135957826e+03
4.910000000000000000e+02	1.040116001746445590e+03
4.920000000000000000e+02	1.072993252547408929e+03
4.930000000000000000e+02	1.112491724165453206e+03
4.940000000000000000e+02	1.169972875913635335e+03
4.950000000000000000e+02	1.274659304116390103e+03
4.960000000000000000e+02	1.495685231459804527e+03
4.970000000000000000e+02	1.982987103954688564e+03
4.980000000000000000e+02	3.033337889508587523e+03
4.990000000000000000e+02	5.179438676693695015e+03
5.000000000000000000e+02	9.280076736614038964e+03
5.010000000000000000e+02	1.655895059856939406e+04
5.020000000000000000e+02	2.851153985824347546e+04
5.030000000000000000e+02	4.659974428346431523e+04
5.040000000000000000e+02	7.171240085455987719e+04
5.050000000000000000e+02	1.034933839198868664e+05
5.060000000000000000e+02	1.397859586681291112e+05
5.070000000000000000e+02	1.765210324830106692e+05
5.080000000000000000e+02	2.082934550901217444e+05
5.090000000000000000e+02	2.296045691376049363e+05
5.100000000000000000e+02	2.364062404677176673e+05
5.110000000000000000e+02	2.273567279931965459e+05
5.120000000000000000e+02	2.042547678137281910e+05
5.130000000000000000e+02	1.714595396725181490e+05
5.140000000000000000e+02	1.345526899774485501e+05
5.150000000000000000e+02	9.880474081095684960e+04
5.160000000000000000e+02	6.801709180902095977e+04
5.170000000000000000e+02	4.405546110024020891e+04
5.180000000000000000e+02	2.704786412957060020e+04
5.190000000000000000e+02	1.597804105141847504e+04
5.200000000000000000e+02	9.350023051279897118e+03
5.210000000000000000e+02	5.695435109310160442e+03
5.220000000000000000e+02	3.843488165047792336e+03
5.230000000000000000e+02	2.988715098406962625e+03
5.240000000000000000e+02	2.639854028581163220e+03
5.250000000000000000e+02	2.527328103104251568e+03
5.260000000000000000e+02	2.516834433719538083e+03
5.270000000000000000e+02	2.547259175359882647e+03
5.280000000000000000e+02	2.593091709929856734e+03
5.290000000000000000e+02	2.644529946706508781e+03
5.300000000000000000e+02	2.698094996554855243e+03
5.310000000000000000e+02	2.752639765684170925e+03
5.320000000000000000e+02	2.807807202776657959e+03
5.330000000000000000e+02	2.863486572179243467e+03
5.340000000000000000e+02	2.919637710413640889e+03
5.350000000000000000e+02	2.976238815402380624e+03
5.360000000000000000e+02	3.033272158511049383e+03
5.370000000000000000e+02	3.090720477813770685e+03
5.380000000000000000e+02	3.148566138923629296e+03
5.390000000000000000e+02	3.206790957171020636e+03
5.400000000000000000e+02	3.265376166134013147e+03
5.410000000000000000e+02	3.324302416584850562e+03
5.420000000000000000e+02	3.383549781783137405e+03
5.430000000000000000e+02	3.443097764502970676e+03
5.440000000000000000e+02	3.502925304978906752e+03
5.450000000000000000e+02	3.563010789639219638e+03
5.460000000000000000e+02	3.623332060607800940e+03
5.470000000000000000e+02	3.683866425972509205e+03
5.480000000000000000e+02	3.744590670819095521e+03
5.490000000000000000e+02	3.805481069028982802e+03
5.500000000000000000e+02	3.866513395837996086e+03
5.510000000000000000e+02	3.927662941151929772e+03
5.520000000000000000e+02	3.988904523613588481e+03
5.530000000000000000e+02	4.050212505414700445e+03
5.540000000000000000e+02	4.111560807844844931e+03
5.550000000000000000e+02	4.172922927568248269e+03
5.560000000000000000e+02	4.234271953618078442e+03
5.570000000000000000e+02	4.295580585096544382e+03
5.580000000000000000e+02	4.356821149567909742e+03
5.590000000000000000e+02	4.417965622130182965e+03
5.600000000000000000e+02	4.478985645150079108e+03
5.610000000000000000e+02	4.539852548644517810e+03
5.620000000000000000e+02	4.600537371290749434e+03
5.630000000000000000e+02	4.661010882045951803e+03
5.640000000000000000e+02	4.721243602355932126e+03
5.650000000000000000e+02	4.781205828931392716e+03
5.660000000000000000e+02	4.840867657069070447e+03
5.670000000000000000e+02	4.900199004493879329e+03
5.680000000000000000e+02	4.959169635697130616e+03
5.690000000000000000e+02	5.017749186744779763e+03
5.700000000000000000e+02	5.075907190528627325e+03
5.710000000000000000e+02	5.133613102432374035e+03
5.720000000000000000e+02	5.190836326383460801e+03
5.730000000000000000e+02	5.247546241260695751e+03
5.740000000000000000e+02	5.303712227626760068e+03
5.750000000000000000e+02	5.359303694753838499e+03
5.760000000000000000e+02	5.414290107909848302e+03
5.770000000000000000e+02	5.468641015871931813e+03
5.780000000000000000e+02	5.522326078633220277e+03
5.790000000000000000e+02	5.575315095268202640e+03
5.800000000000000000e+02	5.627578031921454567e+03
5.810000000000000000e+02	5.679085049883908141e+03
5.820000000000000000e+02	5.729806533720409789e+03
5.830000000000000000e+02	5.779713119411847401e+03
5.840000000000000000e+02	5.828775722474786562e+03
5.850000000000000000e+02	5.876965566021248378e+03
5.860000000000000000e+02	5.924254208721036775e+03
5.870000000000000000e+02	5.970613572628829388e+03
5.880000000000000000e+02	6.016015970838149769e+03
5.890000000000000000e+02	6.060434134924299542e+03
5.900000000000000000e+02	6.103841242138354573e+03
5.910000000000000000e+02	6.146210942314399290e+03
5.920000000000000000e+02	6.187517384452361512e+03
5.930000000000000000e+02	6.227735242939019372e+03
5.940000000000000000e+02	6.266839743370048382e+03
5.950000000000000000e+02	6.304806687936332310e+03
5.960000000000000000e+02	6.341612480338202658e+03
5.970000000000000000e+02	6.377234150191757180e+03
5.980000000000000000e+02	6.411649376891962675e+03
5.990000000000000000e+02	6.444836512897893044e+03
6.000000000000000000e+02	6.476774606406121165e+03
6.010000000000000000e+02	6.507443423379060732e+03
6.020000000000000000e+02	6.536823468895853694e+03
6.030000000000000000e+02	6.564896007794279285e+03
6.040000000000000000e+02	6.591643084573121087e+03
6.050000000000000000e+02	6.617047542525381687e+03
6.060000000000000000e+02	6.641093042073841389e+03
6.070000000000000000e+02	6.663764078281512411e+03
6.080000000000000000e+02	6.685045997510742382e+03
6.090000000000000000e+02	6.704925013205903269e+03
6.100000000000000000e+02	6.723388220775874288e+03
6.110000000000000000e+02	6.740423611553843330e+03
6.120000000000000000e+02	6.756020085813262085e+03
6.130000000000000000e+02	6.770167464820237910e+03
6.140000000000000000e+02	6.782856501904018842e+03
6.150000000000000000e+02	6.794078892528724282e+03
6.160000000000000000e+02	6.803827283350970902e+03
6.170000000000000000e+02	6.812095280249554889e+03
6.180000000000000000e+02	6.818877455314923282e+03
6.190000000000000000e+02	6.824169352787729622e+03
6.200000000000000000e+02	6.827967493937389008e+03
6.210000000000000000e+02	6.830269380873153750e+03
6.220000000000000000e+02	6.831073499281847035e+03
6.230000000000000000e+02	6.830379320088089116e+03
6.240000000000000000e+02	6.828187300034429427e+03
6.250000000000000000e+02	6.824498881180521494e+03
6.260000000000000000e+02	6.819316489322094640e+03
6.270000000000000000e+02	6.812643531332160819e+03
6.280000000000000000e+02	6.804484391428523850e+03
6.290000000000000000e+02	6.794844426373319948e+03
6.300000000000000000e+02	6.783729959611959202e+03
6.310000000000000000e+02	6.771148274360420146e+03
6.320000000000000000e+02	6.757107605651504855e+03
6.330000000000000000e+02	6.741617131352193610e+03
6.340000000000000000e+02	6.724686962165817931e+03
6.350000000000000000e+02	6.706328130634316949e+03
6.360000000000000000e+02	6.686552579157290893e+03
6.370000000000000000e+02	6.665373147046093436e+03
6.380000000000000000e+02	6.642803556632597065e+03
6.390000000000000000e+02	6.618858398453658083e+03
6.400000000000000000e+02	6.593553115533697564e+03
6.410000000000000000e+02	6.566903986789072405e+03
6.420000000000000000e+02	6.538928109579211196e+03
6.430000000000000000e+02	6.509643381430688351e+03
6.440000000000000000e+02	6.479068480961579553e+03
6.450000000000000000e+02	6.447222848034546587e+03
6.460000000000000000e+02	6.414126663168163759e+03
6.470000000000000000e+02	6.379800826236997636e+03
6.480000000000000000e+02	6.344266934491884058e+03
6.490000000000000000e+02	6.307547259932752240e+03
6.500000000000000000e+02	6.269664726067137053e+03
6.510000000000000000e+02	6.230642884088309074e+03
6.520000000000000000e+02	6.190505888507625968e+03
6.530000000000000000e+02	6.149278472276349930e+03
6.540000000000000000e+02	6.106985921432750729e+03
6.550000000000000000e+02	6.063654049310783194e+03
6.560000000000000000e+02	6.019309170347103645e+03
6.570000000000000000e+02	5.973978073523513558e+03
6.580000000000000000e+02	5.927687995482247061e+03
6.590000000000000000e+02	5.880466593351742631e+03
6.600000000000000000e+02	5.832341917320685752e+03
6.610000000000000000e+02	5.783342382998232097e+03
6.620000000000000000e+02	5.733496743598330795e+03
6.630000000000000000e+02	5.682834061986040069e+03
6.640000000000000000e+02	5.631383682623613822e+03
6.650000000000000000e+02	5.579175203453987706e+03
6.660000000000000000e+02	5.526238447759033988e+03
6.670000000000000000e+02	5.472603436029689874e+03
6.680000000000000000e+02	5.418300357884673758e+03
6.690000000000000000e+02	5.363359544074121914e+03
6.700000000000000000e+02	5.307811438603954230e+03
6.710000000000000000e+02	5.251686571016287417e+03
6.720000000000000000e+02	5.195015528860593804e+03
6.730000000000000000e+02	5.137828930389659945e+03
6.740000000000000000e+02	5.080157397513713477e+03
6.750000000000000000e+02	5.022031529045318166e+03
6.760000000000000000e+02	4.963481874266847626e+03
6.770000000000000000e+02	4.904538906851505089e+03
6.780000000000000000e+02	4.845232999167961680e+03
6.790000000000000000e+02	4.785594396997741569e+03
6.800000000000000000e+02	4.725653194693542900e+03
6.810000000000000000e+02	4.665439310805629248e+03
6.820000000000000000e+02	4.604982464202416850e+03
6.830000000000000000e+02	4.544312150710286915e+03
6.840000000000000000e+02	4.483457620296545429e+03
6.850000000000000000e+02	4.422447854818328778e+03
6.860000000000000000e+02	4.361311546359074782e+03
6.870000000000000000e+02	4.300077076173005480e+03
6.880000000000000000e+02	4.238772494256871141e+03
6.890000000000000000e+02	4.177425499566969847e+03
6.900000000000000000e+02	4.116063420898241020e+03
6.910000000000000000e+02	4.054713198440958877e+03
6.920000000000000000e+02	3.993401366029322162e+03
6.930000000000000000e+02	3.932154034094966391e+03
6.940000000000000000e+02	3.870996873337137458e+03
6.950000000000000000e+02	3.809955099120038994e+03
6.960000000000000000e+02	3.749053456606545751e+03
6.970000000000000000e+02	3.688316206636269271e+03
6.980000000000000000e+02	3.627767112354646088e+03
6.990000000000000000e+02	3.567429426598517239e+03
7.000000000000000000e+02	3.507325880042398694e+03
7.010000000000000000e+02	3.447478670108422648e+03
7.020000000000000000e+02	3.387909450641726835e+03
7.030000000000000000e+02	3.328639322351863939e+03
7.040000000000000000e+02	3.269688824019627191e+03
7.050000000000000000e+02	3.211077924467544108e+03
7.060000000000000000e+02	3.152826015291145723e+03
7.070000000000000000e+02	3.094951904347025902e+03
7.080000000000000000e+02	3.037473809992609858e+03
7.090000000000000000e+02	2.980409356071510501e+03
7.100000000000000000e+02	2.923775567637324912e+03
7.110000000000000000e+02	2.867588867407736871e+03
7.120000000000000000e+02	2.811865072939818219e+03
7.130000000000000000e+02	2.756619394516515968e+03
7.140000000000000000e+02	2.701866433733413032e+03
7.150000000000000000e+02	2.647620182773995111e+03
7.160000000000000000e+02	2.593894024360840376e+03
7.170000000000000000e+02	2.540700732369377420e+03
7.180000000000000000e+02	2.488052473090105650e+03
7.190000000000000000e+02	2.435960807124480652e+03
7.200000000000000000e+02	2.384436691898993558e+03
7.210000000000000000e+02	2.333490484781383202e+03
7.220000000000000000e+02	2.283131946782287741e+03
7.230000000000000000e+02	2.233370246825165395e+03
7.240000000000000000e+02	2.184213966566763247e+03
7.250000000000000000e+02	2.135671105749996059e+03
7.260000000000000000e+02	2.087749088070654125e+03
7.270000000000000000e+02	2.040454767539008117e+03
7.280000000000000000e+02	1.993794435317028046e+03
7.290000000000000000e+02	1.947773827011656067e+03
7.300000000000000000e+02	1.902398130404309768e+03
7.310000000000000000e+02	1.857671993596601169e+03
7.320000000000000000e+02	1.813599533552049252e+03
7.330000000000000000e+02	1.770184345013478151e+03
7.340000000000000000e+02	1.727429509775659199e+03
7.350000000000000000e+02	1.685337606292719784e+03
7.360000000000000000e+02	1.643910719599815366e+03
7.370000000000000000e+02	1.603150451528580788e+03
7.380000000000000000e+02	1.563057931195924766e+03
7.390000000000000000e+02	1.523633825745817376e+03
7.400000000000000000e+02	1.484878351323843845e+03
7.410000000000000000e+02	1.446791284264441856e+03
7.420000000000000000e+02	1.409371972470930586e+03
7.430000000000000000e+02	1.372619346968636592e+03
7.440000000000000000e+02	1.336531933611680870e+03
7.450000000000000000e+02	1.301107864924246087e+03
7.460000000000000000e+02	1.266344892057439893e+03
7.470000000000000000e+02	1.232240396843190865e+03
7.480000000000000000e+02	1.198791403926959902e+03
7.490000000000000000e+02	1.165994592961407989e+03
7.500000000000000000e+02	1.133846310843552146e+03
7.510000000000000000e+02	1.102342583978351968e+03
7.520000000000000000e+02	1.071479130552080051e+03
7.530000000000000000e+02	1.041251372799293904e+03
7.540000000000000000e+02	1.011654449247657794e+03
7.550000000000000000e+02	9.826832269253633285e+02
7.560000000000000000e+02	9.543323135163578854e+02
7.570000000000000000e+02	9.265960694491054710e+02
7.580000000000000000e+02	8.994686199051077438e+02
7.590000000000000000e+02	8.729438667339201174e+02
7.600000000000000000e+02	8.470155002619384277e+02
7.610000000000000000e+02	8.216770109827585884e+02
7.620000000000000000e+02	7.969217011174391700e+02
7.630000000000000000e+02	7.727426960335526474e+02
7.640000000000000000e+02	7.491329555124509625e+02
7.650000000000000000e+02	7.260852848547145868e+02
7.660000000000000000e+02	7.035923458143016660e+02
7.670000000000000000e+02	6.816466673524748785e+02
7.680000000000000000e+02	6.602406562031063686e+02
7.690000000000000000e+02	6.393666072415277313e+02
7.700000000000000000e+02	6.190167136496158946e+02
7.710000000000000000e+02	5.991830768703583772e+02
7.720000000000000000e+02	5.798577163456501466e+02
7.730000000000000000e+02	5.610325790316265966e+02
7.740000000000000000e+02	5.426995486863313545e+02
7.750000000000000000e+02	5.248504549250427544e+02
7.760000000000000000e+02	5.074770820390820631e+02
7.770000000000000000e+02	4.905711775744138095e+02
7.780000000000000000e+02	4.741244606668435040e+02
7.790000000000000000e+02	4.581286301310760223e+02
7.800000000000000000e+02	4.425753723013766603e+02
7.810000000000000000e+02	4.274563686220145655e+02
7.820000000000000000e+02	4.127633029861081582e+02
7.830000000000000000e+02	3.984878688219322953e+02
7.840000000000000000e+02	3.846217759261376159e+02
7.850000000000000000e+02	3.711567570437532595e+02
7.860000000000000000e+02	3.580845741952184085e+02
7.870000000000000000e+02	3.453970247510667377e+02
7.880000000000000000e+02	3.330859472552430134e+02
7.890000000000000000e+02	3.211432269983806691e+02
7.900000000000000000e+02	3.095608013426935941e+02
7.910000000000000000e+02	2.983306648004537465e+02
7.920000000000000000e+02	2.874448738683298075e+02
7.930000000000000000e+02	2.768955516201419300e+02
7.940000000000000000e+02	2.666748920608665685e+02
7.950000000000000000e+02	2.567751642449750307e+02
7.960000000000000000e+02	2.471887161624380553e+02
7.970000000000000000e+02	2.379079783959517158e+02
7.980000000000000000e+02	2.289254675531538226e+02
7.990000000000000000e+02	2.202337894778013947e+02
8.000000000000000000e+02	2.118256422440589688e+02
8.010000000000000000e+02	2.036938189382238988e+02
8.020000000000000000e+02	1.958312102323653789e+02
8.030000000000000000e+02	1.882308067545012022e+02
8.040000000000000000e+02	1.808857012600628593e+02
8.050000000000000000e+02	1.737890906095171886e+02
8.060000000000000000e+02	1.669342775571158484e+02
8.070000000000000000e+02	1.603146723558342615e+02
8.080000000000000000e+02	1.539237941836402683e+02
8.090000000000000000e+02	1.477552723963009953e+02
8.100000000000000000e+02	1.418028476119888808e+02
8.110000000000000000e+02	1.360603726329927383e+02
8.120000000000000000e+02	1.305218132098743524e+02
8.130000000000000000e+02	1.251812486534308988e+02
8.140000000000000000e+02	1.200328722998370807e+02
8.150000000000000000e+02	1.150709918343436442e+02
8.160000000000000000e+02	1.102900294789024827e+02
8.170000000000000000e+02	1.056845220490709778e+02
8.180000000000000000e+02	1.012491208855272191e+02
8.190000000000000000e+02	9.697859166549072540e+01
8.200000000000000000e+02	9.286781409930989639e+01
8.210000000000000000e+02	8.891178151742161617e+01
8.220000000000000000e+02	8.510560035284123614e+01
8.230000000000000000e+02	8.144448952427592303e+01
8.240000000000000000e+02	7.792377972488925764e+01
8.250000000000000000e+02	7.453891262167013565e+01
8.260000000000000000e+02	7.128543997028265267e+01
8.270000000000000000e+02	6.815902265019008155e+01
8.280000000000000000e+02	6.515542962475554134e+01
8.290000000000000000e+02	6.227053683093384961e+01
8.300000000000000000e+02	5.950032600306990815e+01
8.310000000000000000e+02	5.684088343522039111e+01
8.320000000000000000e+02	5.428839868631233401e+01
8.330000000000000000e+02	5.183916323234775092e+01
8.340000000000000000e+02	4.948956906975364944e+01
8.350000000000000000e+02	4.723610727386724051e+01
8.360000000000000000e+02	4.507536651643393810e+01
8.370000000000000000e+02	4.300403154588179433e+01
8.380000000000000000e+02	4.101888163402090726e+01
8.390000000000000000e+02	3.911678899269986687e+01
8.400000000000000000e+02	3.729471716383506674e+01
8.410000000000000000e+02	3.554971938611085847e+01
8.420000000000000000e+02	3.387893694153111568e+01
8.430000000000000000e+02	3.227959748488503777e+01
8.440000000000000000e+02	3.074901335907265221e+01
8.450000000000000000e+02	2.928457989911931492e+01
8.460000000000000000e+02	2.788377372759045514e+01
8.470000000000000000e+02	2.654415104400453629e+01
8.480000000000000000e+02	2.526334591072643931e+01
8.490000000000000000e+02	2.403906853771012209e+01
8.500000000000000000e+02	2.286910356834901847e+01
8.510000000000000000e+02	2.175130836858021510e+01
8.520000000000000000e+02	2.068361132128207558e+01
8.530000000000000000e+02	1.966401012789579639e+01
8.540000000000000000e+02	1.869057011909790234e+01
8.550000000000000000e+02	1.776142257624750798e+01
8.560000000000000000e+02	1.687476306523038261e+01
8.570000000000000000e+02	1.602884978422414264e+01
8.580000000000000000e+02	1.522200192681192377e+01
8.590000000000000000e+02	1.445259806177817907e+01
8.600000000000000000e+02	1.371907453082803663e+01
8.610000000000000000e+02	1.301992386538301538e+01
8.620000000000000000e+02	1.235369322351914256e+01
8.630000000000000000e+02	1.171898284802901635e+01
8.640000000000000000e+02	1.111444454650820646e+01
8.650000000000000000e+02	1.053878019428747770e+01
8.660000000000000000e+02	9.990740260955890406e+00
8.670000000000000000e+02	9.469122361146117939e+00
8.680000000000000000e+02	8.972769830182722117e+00
8.690000000000000000e+02	8.500570325125432092e+00
8.700000000000000000e+02	8.051454451673953017e+00
8.710000000000000000e+02	7.624394417337765795e+00
8.720000000000000000e+02	7.218402711213824929e+00
8.730000000000000000e+02	6.832530810657575948e+00
8.740000000000000000e+02	6.465867915076862538e+00
8.750000000000000000e+02	6.117539707026125484e+00
8.760000000000000000e+02	5.786707140727728849e+00
8.770000000000000000e+02	5.472565258099584717e+00
8.780000000000000000e+02	5.174342032322957863e+00
8.790000000000000000e+02	4.891297238941251457e+00
8.800000000000000000e+02	4.622721354440192165e+00
8.810000000000000000e+02	4.367934482221182080e+00
8.820000000000000000e+02	4.126285305843882867e+00
8.830000000000000000e+02	3.897150069379845316e+00
8.840000000000000000e+02	3.679931584687460511e+00
8.850000000000000000e+02	3.474058265388793920e+00
8.860000000000000000e+02	3.278983187300983371e+00
8.870000000000000000e+02	3.094183175049476375e+00
8.880000000000000000e+02	2.919157914566299805e+00
8.890000000000000000e+02	2.753429091154709241e+00
8.900000000000000000e+02	2.596539552781333526e+00
8.910000000000000000e+02	2.448052498238406649e+00
8.920000000000000000e+02	2.307550689801876498e+00
8.930000000000000000e+02	2.174635689995980670e+00
8.940000000000000000e+02	2.048927122061056316e+00
8.950000000000000000e+02	1.930061953709224065e+00
8.960000000000000000e+02	1.817693803741688763e+00
8.970000000000000000e+02	1.711492271092015072e+00
8.980000000000000000e+02	1.611142285851361100e+00
8.990000000000000000e+02	1.516343481824919293e+00
9.000000000000000000e+02	1.426809590162894104e+00
9.010000000000000000e+02	1.342267853604679040e+00
9.020000000000000000e+02	1.262458460871333399e+00
9.030000000000000000e+02	1.187134000738823802e+00
9.040000000000000000e+02	1.116058935322865819e+00
9.050000000000000000e+02	1.049009092105381846e+00
9.060000000000000000e+02	9.857711742327330828e-01
9.070000000000000000e+02	9.261422886167567370e-01
9.080000000000000000e+02	8.699294913712202204e-01
9.090000000000000000e+02	8.169493501186565476e-01
9.100000000000000000e+02	7.670275227055473044e-01
9.110000000000000000e+02	7.199983518673134242e-01
9.120000000000000000e+02	6.757044753888187261e-01
9.130000000000000000e+02	6.339964513106502997e-01
9.140000000000000000e+02	5.947323977366751890e-01
9.150000000000000000e+02	5.577776468038738722e-01
9.160000000000000000e+02	5.230044123814898693e-01
9.170000000000000000e+02	4.902914710728601966e-01
9.180000000000000000e+02	4.595238560999841404e-01
9.190000000000000000e+02	4.305925636578513682e-01
9.200000000000000000e+02	4.033942713328295127e-01
9.210000000000000000e+02	3.778310681868636833e-01
9.220000000000000000e+02	3.538101961169398679e-01
9.230000000000000000e+02	3.312438021071504868e-01
9.240000000000000000e+02	3.100487009986926945e-01
9.250000000000000000e+02	2.901461484113095901e-01
9.260000000000000000e+02	2.714616234579131926e-01
9.270000000000000000e+02	2.539246209024856316e-01
9.280000000000000000e+02	2.374684524197437918e-01
9.290000000000000000e+02	2.220300566234775785e-01
9.300000000000000000e+02	2.075498175389531297e-01
9.310000000000000000e+02	1.939713912032266230e-01
9.320000000000000000e+02	1.812415400856579040e-01
9.330000000000000000e+02	1.693099750293534378e-01
9.340000000000000000e+02	1.581292044226391136e-01
9.350000000000000000e+02	1.476543903179975692e-01
9.360000000000000000e+02	1.378432112241624596e-01
9.370000000000000000e+02	1.286557313052474061e-01
9.380000000000000000e+02	1.200542757288743795e-01
9.390000000000000000e+02	1.120033119132717164e-01
9.400000000000000000e+02	1.044693364311868183e-01
9.410000000000000000e+02	9.742076733623955542e-02
9.420000000000000000e+02	9.082784168499125066e-02
9.430000000000000000e+02	8.466251803552002353e-02
9.440000000000000000e+02	7.889838371068783052e-02
9.450000000000000000e+02	7.351056662152416488e-02
9.460000000000000000e+02	6.847565145326356406e-02
9.470000000000000000e+02	6.377160002352036394e-02
9.480000000000000000e+02	5.937767562889861156e-02
9.490000000000000000e+02	5.527437120298033663e-02
9.500000000000000000e+02	5.144334111513346880e-02
9.510000000000000000e+02	4.786733644592029019e-02
9.520000000000000000e+02	4.453014358106555104e-02
9.530000000000000000e+02	4.141652597196534419e-02
9.540000000000000000e+02	3.851216891657636976e-02
9.550000000000000000e+02	3.580362722022934624e-02
9.560000000000000000e+02	3.327827560144649977e-02
9.570000000000000000e+02	3.092426171323079190e-02
9.580000000000000000e+02	2.873046165551205663e-02
9.590000000000000000e+02	2.668643785950714983e-02
9.600000000000000000e+02	2.478239922965914943e-02
9.610000000000000000e+02	2.300916343357916477e-02
9.620000000000000000e+02	2.135812123501903623e-02
9.630000000000000000e+02	1.982120276935734129e-02
9.640000000000000000e+02	1.839084566539065171e-02
9.650000000000000000e+02	1.705996492137997964e-02
9.660000000000000000e+02	1.582192444732483799e-02
9.670000000000000000e+02	1.467051018931267263e-02
9.680000000000000000e+02	1.359990475553401329e-02
9.690000000000000000e+02	1.260466346715877727e-02
9.700000000000000000e+02	1.167969176074335445e-02
9.710000000000000000e+02	1.082022387218394693e-02
9.720000000000000000e+02	1.002180273544957430e-02
9.730000000000000000e+02	9.280261032426640952e-03
9.740000000000000000e+02	8.591703333181981150e-03
9.750000000000000000e+02	7.952489268813272075e-03
9.760000000000000000e+02	7.359217681801475015e-03
9.770000000000000000e+02	6.808711701417553656e-03
9.780000000000000000e+02	6.298004694265223712e-03
9.790000000000000000e+02	5.824327042467011481e-03
9.800000000000000000e+02	5.385093704326454449e-03
9.810000000000000000e+02	4.977892514526105136e-03
9.820000000000000000e+02	4.600473183054334600e-03
9.830000000000000000e+02	4.250736954094662401e-03
9.840000000000000000e+02	3.926726888064404307e-03
9.850000000000000000e+02	3.626618731856749538e-03
9.860000000000000000e+02	3.348712344124562396e-03
9.870000000000000000e+02	3.091423644149457559e-03
9.880000000000000000e+02	2.853277054467754942e-03
9.890000000000000000e+02	2.632898408978494569e-03
9.900000000000000000e+02	2.429008299741471956e-03
9.910000000000000000e+02	2.240415837087080149e-03
9.920000000000000000e+02	2.066012799007194492e-03
9.930000000000000000e+02	1.904768147080774469e-03
9.940000000000000000e+02	1.755722887410582009e-03
9.950000000000000000e+02	1.617985256211982572e-03
9.960000000000000000e+02	1.490726210802782292e-03
9.970000000000000000e+02	1.373175207796923465e-03
9.980000000000000000e+02	1.264616251307334625e-03
9.990000000000000000e+02	1.164384194915459502e-03
1.000000000000000000e+03	1.071861282070280886e-03
