4.410000000000000000e+02	2.751011785098699391e+01
4.420000000000000000e+02	2.924534610456720785e+01
4.430000000000000000e+02	3.108106228536399840e+01
4.440000000000000000e+02	3.302248226821563293e+01
4.450000000000000000e+02	3.507505424759856538e+01
4.460000000000000000e+02	3.724446677092680602e+01
4.470000000000000000e+02	3.953665691523070791e+01
4.480000000000000000e+02	4.195781860154921361e+01
4.490000000000000000e+02	4.451441104073112598e+01
4.500000000000000000e+02	4.721316730368034342e+01
4.510000000000000000e+02	5.006110300839212357e+01
4.520000000000000000e+02	5.306552511541887895e+01
4.530000000000000000e+02	5.623404082266910819e+01
4.540000000000000000e+02	5.957456654968759580e+01
4.550000000000000000e+02	6.309533700078620200e+01
4.560000000000000000e+02	6.680491429559363326e+01
4.570000000000000000e+02	7.071219715477401735e+01
4.580000000000000000e+02	7.482643012782055791e+01
4.590000000000000000e+02	7.915721284897509236e+01
4.600000000000000000e+02	8.371450930644517996e+01
4.610000000000000000e+02	8.850865710919929086e+01
4.620000000000000000e+02	9.355037673471369430e+01
4.630000000000000000e+02	9.885078074012423599e+01
4.640000000000000000e+02	1.044213829183039479e+02
4.650000000000000000e+02	1.102741073794492479e+02
4.660000000000000000e+02	1.164212975378051738e+02
4.670000000000000000e+02	1.228757249822086237e+02
4.680000000000000000e+02	1.296505982081717434e+02
4.690000000000000000e+02	1.367595711882676426e+02
4.700000000000000000e+02	1.442167517566259392e+02
4.710000000000000000e+02	1.520367097823939844e+02
4.720000000000000000e+02	1.602344851060704798e+02
4.730000000000000000e+02	1.688255952116912226e+02
4.740000000000000000e+02	1.778260426069172127e+02
4.750000000000000000e+02	1.872523218821727085e+02
4.760000000000000000e+02	1.971214264190967356e+02
4.770000000000000000e+02	2.074508547177197499e+02
4.780000000000000000e+02	2.182586163110302948e+02
4.790000000000000000e+02	2.295632372354991730e+02
4.800000000000000000e+02	2.413837650302967290e+02
4.810000000000000000e+02	2.537397732694208514e+02
4.820000000000000000e+02	2.666513658250374306e+02
4.830000000000000000e+02	2.801391821515046558e+02
4.840000000000000000e+02	2.942244105464558288e+02
4.850000000000000000e+02	3.089288435525696173e+02
4.860000000000000000e+02	3.242751302653619518e+02
4.870000000000000000e+02	3.402878729520818979e+02
4.880000000000000000e+02	3.569980653587908819e+02
4.890000000000000000e+02	3.744597369882804401e+02
4.900000000000000000e+02	3.928076700663551151e+02
4.910000000000000000e+02	4.124421099291272412e+02
4.920000000000000000e+02	4.345730224346632440e+02
4.930000000000000000e+02	4.626921516710495439e+02
4.940000000000000000e+02	5.062130205011391126e+02
4.950000000000000000e+02	5.886540031194844005e+02
4.960000000000000000e+02	7.642288301088942717e+02
4.970000000000000000e+02	1.147801697849266247e+03
4.980000000000000000e+02	1.962024764226780007e+03
4.990000000000000000e+02	3.599239541973399355e+03
5.000000000000000000e+02	6.681915122696634171e+03
5.010000000000000000e+02	1.208520519925470398e+04
5.020000000000000000e+02	2.086742082686731010e+04
5.030000000000000000e+02	3.405601922999734234e+04
5.040000000000000000e+02	5.227651454785574606e+04
5.050000000000000000e+02	7.529320785169808369e+04
5.060000000000000000e+02	1.016265462440001138e+05
5.070000000000000000e+02	1.284642109327659273e+05
5.080000000000000000e+02	1.520315727098929638e+05
5.090000000000000000e+02	1.684174817936222244e+05
5.100000000000000000e+02	1.746270661527856428e+05
5.110000000000000000e+02	1.694765242402897566e+05
5.120000000000000000e+02	1.539635695338222431e+05
5.130000000000000000e+02	1.309546567855310277e+05
5.140000000000000000e+02	1.043233722493296809e+05
5.150000000000000000e+02	7.789493430371662544e+04
5.160000000000000000e+02	5.458822625162026816e+04
5.170000000000000000e+02	3.600206268739540974e+04
5.180000000000000000e+02	2.246872810062913049e+04
5.190000000000000000e+02	1.341965014443629661e+04
5.200000000000000000e+02	7.845801594751911580e+03
5.210000000000000000e+02	4.680705137323809140e+03
5.220000000000000000e+02	3.028639216856100575e+03
5.230000000000000000e+02	2.245012204487035888e+03
5.240000000000000000e+02	1.919544612216416908e+03
5.250000000000000000e+02	1.817382296701909581e+03
5.260000000000000000e+02	1.816412858813164803e+03
5.270000000000000000e+02	1.858592856483369815e+03
5.280000000000000000e+02	1.918592358038074963e+03
5.290000000000000000e+02	1.986236619183822540e+03
5.300000000000000000e+02	2.057762300011567731e+03
5.310000000000000000e+02	2.131894060727940996e+03
5.320000000000000000e+02	2.208244946124184025e+03
5.330000000000000000e+02	2.286720363925902802e+03
5.340000000000000000e+02	2.367314267071887116e+03
5.350000000000000000e+02	2.450044966343155011e+03
5.360000000000000000e+02	2.534936446041998352e+03
5.370000000000000000e+02	2.622013301438358212e+03
5.380000000000000000e+02	2.711299432160794822e+03
5.390000000000000000e+02	2.802817691300326260e+03
5.400000000000000000e+02	2.896589759105133908e+03
5.410000000000000000e+02	2.992636065299056099e+03
5.420000000000000000e+02	3.090975720958504553e+03
5.430000000000000000e+02	3.191626451990090118e+03
5.440000000000000000e+02	3.294604532779243527e+03
5.450000000000000000e+02	3.399924719849415396e+03
5.460000000000000000e+02	3.507600185602411329e+03
5.470000000000000000e+02	3.617642452251863233e+03
5.480000000000000000e+02	3.730061326071062467e+03
5.490000000000000000e+02	3.844864832080509586e+03
5.500000000000000000e+02	3.962059149303660433e+03
5.510000000000000000e+02	4.081648546722260107e+03
5.520000000000000000e+02	4.203635320065215637e+03
5.530000000000000000e+02	4.328019729567418835e+03
5.540000000000000000e+02	4.454799938837052650e+03
5.550000000000000000e+02	4.583971954971803825e+03
5.560000000000000000e+02	4.715529570066024462e+03
5.570000000000000000e+02	4.849464304252225702e+03
5.580000000000000000e+02	4.985765350421307630e+03
5.590000000000000000e+02	5.124419520766699861e+03
5.600000000000000000e+02	5.265411195297928316e+03
5.610000000000000000e+02	5.408722272469268319e+03
5.620000000000000000e+02	5.554332122068882200e+03
5.630000000000000000e+02	5.702217540513179301e+03
5.640000000000000000e+02	5.852352708690272266e+03
5.650000000000000000e+02	6.004709152494972841e+03
5.660000000000000000e+02	6.159255706196206120e+03
5.670000000000000000e+02	6.315958478775528420e+03
5.680000000000000000e+02	6.474780823373118437e+03
5.690000000000000000e+02	6.635683309974674557e+03
5.700000000000000000e+02	6.798623701469554362e+03
5.710000000000000000e+02	6.963556933206787107e+03
5.720000000000000000e+02	7.130435096171713667e+03
5.730000000000000000e+02	7.299207423901572838e+03
5.740000000000000000e+02	7.469820283253631715e+03
5.750000000000000000e+02	7.642217169134343749e+03
5.760000000000000000e+02	7.816338703292475657e+03
5.770000000000000000e+02	7.992122637273315377e+03
5.780000000000000000e+02	8.169503859624804136e+03
5.790000000000000000e+02	8.348414407439831848e+03
5.800000000000000000e+02	8.528783482312055639e+03
5.810000000000000000e+02	8.710537470775232578e+03
5.820000000000000000e+02	8.893599969288554348e+03
5.830000000000000000e+02	9.077891813822450786e+03
5.840000000000000000e+02	9.263331114091237396e+03
5.850000000000000000e+02	9.449833292470375454e+03
5.860000000000000000e+02	9.637311127627428505e+03
5.870000000000000000e+02	9.825674802886753241e+03
5.880000000000000000e+02	1.001483195933872594e+04
5.890000000000000000e+02	1.020468775369487412e+04
5.900000000000000000e+02	1.039514492088058068e+04
5.910000000000000000e+02	1.058610384134733977e+04
5.920000000000000000e+02	1.077746261307639543e+04
5.930000000000000000e+02	1.096911712823571179e+04
5.940000000000000000e+02	1.116096115444191128e+04
5.950000000000000000e+02	1.135288642056857134e+04
5.960000000000000000e+02	1.154478270703206363e+04
5.970000000000000000e+02	1.173653794047565134e+04
5.980000000000000000e+02	1.192803829276234319e+04
5.990000000000000000e+02	1.211916828417665602e+04
6.000000000000000000e+02	1.230981089072523355e+04
6.010000000000000000e+02	1.249984765541606794e+04
6.020000000000000000e+02	1.268915880338610441e+04
6.030000000000000000e+02	1.287762336073707047e+04
6.040000000000000000e+02	1.306511927692963036e+04
6.050000000000000000e+02	1.325152355057651585e+04
6.060000000000000000e+02	1.343671235846587842e+04
6.070000000000000000e+02	1.362056118763717313e+04
6.080000000000000000e+02	1.380294497032301115e+04
6.090000000000000000e+02	1.398373822156206188e+04
6.100000000000000000e+02	1.416281517927988716e+04
6.110000000000000000e+02	1.434004994662688114e+04
6.120000000000000000e+02	1.451531663635505538e+04
6.130000000000000000e+02	1.468848951700851103e+04
6.140000000000000000e+02	1.485944316069586239e+04
6.150000000000000000e+02	1.502805259220680273e+04
6.160000000000000000e+02	1.519419343922940243e+04
6.170000000000000000e+02	1.535774208341967460e+04
6.180000000000000000e+02	1.551857581207026124e+04
6.190000000000000000e+02	1.567657297012115851e+04
6.200000000000000000e+02	1.583161311225179634e+04
6.210000000000000000e+02	1.598357715479093349e+04
6.220000000000000000e+02	1.613234752717843730e+04
6.230000000000000000e+02	1.627780832271125291e+04
6.240000000000000000e+02	1.641984544830475716e+04
6.250000000000000000e+02	1.655834677300007388e+04
6.260000000000000000e+02	1.669320227494808569e+04
6.270000000000000000e+02	1.682430418660147916e+04
6.280000000000000000e+02	1.695154713784759224e+04
6.290000000000000000e+02	1.707482829681671865e+04
6.300000000000000000e+02	1.719404750810309997e+04
6.310000000000000000e+02	1.730910742813913021e+04
6.320000000000000000e+02	1.741991365746705560e+04
6.330000000000000000e+02	1.752637486965696371e+04
6.340000000000000000e+02	1.762840293662488693e+04
6.350000000000000000e+02	1.772591305011058284e+04
6.360000000000000000e+02	1.781882383908073825e+04
6.370000000000000000e+02	1.790705748283028151e+04
6.380000000000000000e+02	1.799053981956184361e+04
6.390000000000000000e+02	1.806920045023136481e+04
6.400000000000000000e+02	1.814297283745639652e+04
6.410000000000000000e+02	1.821179439929259752e+04
6.420000000000000000e+02	1.827560659769347694e+04
6.430000000000000000e+02	1.833435502147831721e+04
6.440000000000000000e+02	1.838798946364374933e+04
6.450000000000000000e+02	1.843646399286518499e+04
6.460000000000000000e+02	1.847973701904552581e+04
6.470000000000000000e+02	1.851777135278032074e+04
6.480000000000000000e+02	1.855053425862020595e+04
6.490000000000000000e+02	1.857799750202399446e+04
6.500000000000000000e+02	1.860013738990799538e+04
6.510000000000000000e+02	1.861693480471016665e+04
6.520000000000000000e+02	1.862837523190047068e+04
6.530000000000000000e+02	1.863444878088202677e+04
6.540000000000000000e+02	1.863515019924095031e+04
6.550000000000000000e+02	1.863047888031611365e+04
6.560000000000000000e+02	1.862043886407357786e+04
6.570000000000000000e+02	1.860503883128389862e+04
6.580000000000000000e+02	1.858429209101409651e+04
6.590000000000000000e+02	1.855821656145950692e+04
6.600000000000000000e+02	1.852683474415411183e+04
6.610000000000000000e+02	1.849017369161138049e+04
6.620000000000000000e+02	1.844826496846073860e+04
6.630000000000000000e+02	1.840114460615779171e+04
6.640000000000000000e+02	1.834885305135931412e+04
6.650000000000000000e+02	1.829143510806650738e+04
6.660000000000000000e+02	1.822893987365243083e+04
6.670000000000000000e+02	1.816142066890139176e+04
6.680000000000000000e+02	1.808893496219990266e+04
6.690000000000000000e+02	1.801154428803007613e+04
6.700000000000000000e+02	1.792931415992718757e+04
6.710000000000000000e+02	1.784231397807385292e+04
6.720000000000000000e+02	1.775061693171312436e+04
6.730000000000000000e+02	1.765429989657264014e+04
6.740000000000000000e+02	1.755344332750097601e+04
6.750000000000000000e+02	1.744813114652596778e+04
6.760000000000000000e+02	1.733845062655302172e+04
6.770000000000000000e+02	1.722449227092877845e+04
6.780000000000000000e+02	1.710634968910268799e+04
6.790000000000000000e+02	1.698411946862535115e+04
6.800000000000000000e+02	1.685790104372836140e+04
6.810000000000000000e+02	1.672779656073561637e+04
6.820000000000000000e+02	1.659391074056065918e+04
6.830000000000000000e+02	1.645635073854864459e+04
6.840000000000000000e+02	1.631522600192488426e+04
6.850000000000000000e+02	1.617064812511470336e+04
6.860000000000000000e+02	1.602273070320139777e+04
6.870000000000000000e+02	1.587158918379066199e+04
6.880000000000000000e+02	1.571734071755065816e+04
6.890000000000000000e+02	1.556010400769712578e+04
6.900000000000000000e+02	1.539999915869262259e+04
6.910000000000000000e+02	1.523714752442788449e+04
6.920000000000000000e+02	1.507167155615177217e+04
6.930000000000000000e+02	1.490369465041405965e+04
6.940000000000000000e+02	1.473334099728246474e+04
6.950000000000000000e+02	1.456073542909210664e+04
6.960000000000000000e+02	1.438600326998151468e+04
6.970000000000000000e+02	1.420927018646500073e+04
6.980000000000000000e+02	1.403066203928612958e+04
6.990000000000000000e+02	1.385030473679163333e+04
7.000000000000000000e+02	1.366832409005910995e+04
7.010000000000000000e+02	1.348484567000544484e+04
7.020000000000000000e+02	1.329999466669606045e+04
7.030000000000000000e+02	1.311389575106776647e+04
7.040000000000000000e+02	1.292667293927042192e+04
7.050000000000000000e+02	1.273844945982446006e+04
7.060000000000000000e+02	1.254934762378308915e+04
7.070000000000000000e+02	1.235948869807916526e+04
7.080000000000000000e+02	1.216899278222789872e+04
7.090000000000000000e+02	1.197797868854714943e+04
7.100000000000000000e+02	1.178656382604779901e+04
7.110000000000000000e+02	1.159486408813680464e+04
7.120000000000000000e+02	1.140299374426585928e+04
7.130000000000000000e+02	1.121106533564847632e+04
7.140000000000000000e+02	1.101918957515822694e+04
7.150000000000000000e+02	1.082747525151066293e+04
7.160000000000000000e+02	1.063602913782114047e+04
7.170000000000000000e+02	1.044495590462045220e+04
7.180000000000000000e+02	1.025435803739987568e+04
7.190000000000000000e+02	1.006433575874685630e+04
7.200000000000000000e+02	9.874986955122409199e+03
7.210000000000000000e+02	9.686407108320916450e+03
7.220000000000000000e+02	9.498689231643111270e+03
7.230000000000000000e+02	9.311923810802856678e+03
7.240000000000000000e+02	9.126198749578636125e+03
7.250000000000000000e+02	8.941599320210796577e+03
7.260000000000000000e+02	8.758208118536298571e+03
7.270000000000000000e+02	8.576105023843243544e+03
7.280000000000000000e+02	8.395367163418479322e+03
7.290000000000000000e+02	8.216068881752718880e+03
7.300000000000000000e+02	8.038281714359070975e+03
7.310000000000000000e+02	7.862074366152533912e+03
7.320000000000000000e+02	7.687512694330094746e+03
7.330000000000000000e+02	7.514659695683316386e+03
7.340000000000000000e+02	7.343575498267980947e+03
7.350000000000000000e+02	7.174317357348299993e+03
7.360000000000000000e+02	7.006939655526532079e+03
7.370000000000000000e+02	6.841493906962511574e+03
7.380000000000000000e+02	6.678028765581631887e+03
7.390000000000000000e+02	6.516590037164185560e+03
7.400000000000000000e+02	6.357220695203802279e+03
7.410000000000000000e+02	6.199960900417832818e+03
7.420000000000000000e+02	6.044848023788057617e+03
7.430000000000000000e+02	5.891916673006051496e+03
7.440000000000000000e+02	5.741198722193822505e+03
7.450000000000000000e+02	5.592723344767031449e+03
7.460000000000000000e+02	5.446517049305186447e+03
7.470000000000000000e+02	5.302603718290657525e+03
7.480000000000000000e+02	5.161004649576210795e+03
7.490000000000000000e+02	5.021738600438956382e+03
7.500000000000000000e+02	4.884821834077183667e+03
7.510000000000000000e+02	4.750268168405567849e+03
7.520000000000000000e+02	4.618089027003421506e+03
7.530000000000000000e+02	4.488293492070441971e+03
7.540000000000000000e+02	4.360888359244314415e+03
7.550000000000000000e+02	4.235878194134907062e+03
7.560000000000000000e+02	4.113265390430397019e+03
7.570000000000000000e+02	3.993050229431677508e+03
7.580000000000000000e+02	3.875230940872604606e+03
7.590000000000000000e+02	3.759803764885213241e+03
7.600000000000000000e+02	3.646763014970862969e+03
7.610000000000000000e+02	3.536101141840306809e+03
7.620000000000000000e+02	3.427808797988082006e+03
7.630000000000000000e+02	3.321874902869129073e+03
7.640000000000000000e+02	3.218286708548370825e+03
7.650000000000000000e+02	3.117029865696967136e+03
7.660000000000000000e+02	3.018088489812165790e+03
7.670000000000000000e+02	2.921445227541056283e+03
7.680000000000000000e+02	2.827081322992042715e+03
7.690000000000000000e+02	2.734976683921580388e+03
7.700000000000000000e+02	2.645109947687539261e+03
7.710000000000000000e+02	2.557458546864514119e+03
7.720000000000000000e+02	2.471998774420469090e+03
7.730000000000000000e+02	2.388705848358266394e+03
7.740000000000000000e+02	2.307553975729866579e+03
7.750000000000000000e+02	2.228516415935319401e+03
7.760000000000000000e+02	2.151565543223000077e+03
7.770000000000000000e+02	2.076672908311992160e+03
7.780000000000000000e+02	2.003809299061922957e+03
7.790000000000000000e+02	1.932944800120044192e+03
7.800000000000000000e+02	1.864048851479786208e+03
7.810000000000000000e+02	1.797090305889493038e+03
7.820000000000000000e+02	1.732037485054454464e+03
7.830000000000000000e+02	1.668858234579809277e+03
7.840000000000000000e+02	1.607519977606196562e+03
7.850000000000000000e+02	1.547989767094428316e+03
7.860000000000000000e+02	1.490234336719663361e+03
7.870000000000000000e+02	1.434220150339802331e+03
7.880000000000000000e+02	1.379913450006923767e+03
7.890000000000000000e+02	1.327280302494642456e+03
7.900000000000000000e+02	1.276286644318210847e+03
7.910000000000000000e+02	1.226898325228045223e+03
7.920000000000000000e+02	1.179081150161126970e+03
7.930000000000000000e+02	1.132800919638355936e+03
7.940000000000000000e+02	1.088023468599474654e+03
7.950000000000000000e+02	1.044714703670613972e+03
7.960000000000000000e+02	1.002840638862771584e+03
7.970000000000000000e+02	9.623674297027392868e+02
7.980000000000000000e+02	9.232614058010168492e+02
7.990000000000000000e+02	8.854891018641487790e+02
8.000000000000000000e+02	8.490172871617249939e+02
8.010000000000000000e+02	8.138129934609040674e+02
8.020000000000000000e+02	7.798435414438230282e+02
8.030000000000000000e+02	7.470765656256379543e+02
8.040000000000000000e+02	7.154800377931572939e+02
8.050000000000000000e+02	6.850222889861241811e+02
8.060000000000000000e+02	6.556720300451655703e+02
8.070000000000000000e+02	6.273983707522309032e+02
8.080000000000000000e+02	6.001708375910417317e+02
8.090000000000000000e+02	5.739593901566167915e+02
8.100000000000000000e+02	5.487344362443435557e+02
8.110000000000000000e+02	5.244668456503827656e+02
8.120000000000000000e+02	5.011279627163179953e+02
8.130000000000000000e+02	4.786896176520293693e+02
8.140000000000000000e+02	4.571241366716618018e+02
8.150000000000000000e+02	4.364043509783618902e+02
8.160000000000000000e+02	4.165036046341356837e+02
8.170000000000000000e+02	3.973957613517448522e+02
8.180000000000000000e+02	3.790552102460137007e+02
8.190000000000000000e+02	3.614568705822774746e+02
8.200000000000000000e+02	3.445761955599461430e+02
8.210000000000000000e+02	3.283891751693236074e+02
8.220000000000000000e+02	3.128723381598710489e+02
8.230000000000000000e+02	2.980027531580826690e+02
8.240000000000000000e+02	2.837580289730315712e+02
8.250000000000000000e+02	2.701163141274469126e+02
8.260000000000000000e+02	2.570562956519130466e+02
8.270000000000000000e+02	2.445571971794506112e+02
8.280000000000000000e+02	2.325987763773172219e+02
8.290000000000000000e+02	2.211613217524092079e+02
8.300000000000000000e+02	2.102256488661018921e+02
8.310000000000000000e+02	1.997730959937898376e+02
8.320000000000000000e+02	1.897855192637504160e+02
8.330000000000000000e+02	1.802452873092676668e+02
8.340000000000000000e+02	1.711352754672338108e+02
8.350000000000000000e+02	1.624388595556795565e+02
8.360000000000000000e+02	1.541399092618832185e+02
8.370000000000000000e+02	1.462227811718871635e+02
8.380000000000000000e+02	1.386723114713831535e+02
8.390000000000000000e+02	1.314738083470549554e+02
8.400000000000000000e+02	1.246130441165624489e+02
8.410000000000000000e+02	1.180762471144354748e+02
8.420000000000000000e+02	1.118500933602107210e+02
8.430000000000000000e+02	1.059216980342059742e+02
8.440000000000000000e+02	1.002786067853716929e+02
8.450000000000000000e+02	9.490878689470970642e+01
8.460000000000000000e+02	8.980061831678425222e+01
8.470000000000000000e+02	8.494288462089922120e+01
8.480000000000000000e+02	8.032476385255729667e+01
8.490000000000000000e+02	7.593581933486623825e+01
8.500000000000000000e+02	7.176599042861641919e+01
8.510000000000000000e+02	6.780558326881720177e+01
8.520000000000000000e+02	6.404526149455996631e+01
8.530000000000000000e+02	6.047603698816050866e+01
8.540000000000000000e+02	5.708926063864143430e+01
8.550000000000000000e+02	5.387661314373139021e+01
8.560000000000000000e+02	5.083009586369615107e+01
8.570000000000000000e+02	4.794202173947083168e+01
8.580000000000000000e+02	4.520500628673612908e+01
8.590000000000000000e+02	4.261195867677589888e+01
8.600000000000000000e+02	4.015607291417033764e+01
8.610000000000000000e+02	3.783081912061486918e+01
8.620000000000000000e+02	3.562993493341691220e+01
8.630000000000000000e+02	3.354741702650554913e+01
8.640000000000000000e+02	3.157751276109672389e+01
8.650000000000000000e+02	2.971471197248863660e+01
8.660000000000000000e+02	2.795373889881708251e+01
8.670000000000000000e+02	2.628954425698156072e+01
8.680000000000000000e+02	2.471729747035859859e+01
8.690000000000000000e+02	2.323237905234776690e+01
8.700000000000000000e+02	2.183037314925136130e+01
8.710000000000000000e+02	2.050706024546803263e+01
8.720000000000000000e+02	1.925841003348359237e+01
8.730000000000000000e+02	1.808057445067184332e+01
8.740000000000000000e+02	1.696988088446887488e+01
8.750000000000000000e+02	1.592282554706056352e+01
8.760000000000000000e+02	1.493606702032222344e+01
8.770000000000000000e+02	1.400641997137085326e+01
8.780000000000000000e+02	1.313084903873453513e+01
8.790000000000000000e+02	1.230646288881048100e+01
8.800000000000000000e+02	1.153050844196991598e+01
8.810000000000000000e+02	1.080036526737731606e+01
8.820000000000000000e+02	1.011354014531965539e+01
8.830000000000000000e+02	9.467661795590172957e+00
8.840000000000000000e+02	8.860475770238862125e+00
8.850000000000000000e+02	8.289839508787631317e+00
8.860000000000000000e+02	7.753717553812354168e+00
8.870000000000000000e+02	7.250176924614954999e+00
8.880000000000000000e+02	6.777382646546442402e+00
8.890000000000000000e+02	6.333593433395471983e+00
8.900000000000000000e+02	5.917157520125556402e+00
8.910000000000000000e+02	5.526508643127804987e+00
8.920000000000000000e+02	5.160162165053004735e+00
8.930000000000000000e+02	4.816711341197804863e+00
8.940000000000000000e+02	4.494823724342552396e+00
8.950000000000000000e+02	4.193237704874007932e+00
8.960000000000000000e+02	3.910759182972165071e+00
8.970000000000000000e+02	3.646258369598152083e+00
8.980000000000000000e+02	3.398666712987331806e+00
8.990000000000000000e+02	3.166973947328533878e+00
9.000000000000000000e+02	2.950225260296674978e+00
9.010000000000000000e+02	2.747518576099694076e+00
9.020000000000000000e+02	2.558001950703302718e+00
9.030000000000000000e+02	2.380871075906063172e+00
9.040000000000000000e+02	2.215366888953643976e+00
9.050000000000000000e+02	2.060773284403381478e+00
9.060000000000000000e+02	1.916414924978530276e+00
9.070000000000000000e+02	1.781655148184930315e+00
9.080000000000000000e+02	1.655893965501268994e+00
9.090000000000000000e+02	1.538566150996781179e+00
9.100000000000000000e+02	1.429139416277004582e+00
9.110000000000000000e+02	1.327112668708549936e+00
9.120000000000000000e+02	1.232014349927429864e+00
9.130000000000000000e+02	1.143400851691926512e+00
9.140000000000000000e+02	1.060855006199945105e+00
9.150000000000000000e+02	9.839846480519469640e-01
9.160000000000000000e+02	9.124212451035954574e-01
9.170000000000000000e+02	8.458185955168767700e-01
9.180000000000000000e+02	7.838515883843985010e-01
9.190000000000000000e+02	7.262150253685429879e-01
9.200000000000000000e+02	6.726225008650009718e-01
9.210000000000000000e+02	6.228053382685511119e-01
9.220000000000000000e+02	5.765115799877441605e-01
9.230000000000000000e+02	5.335050289240262922e-01
9.240000000000000000e+02	4.935643391998233431e-01
9.250000000000000000e+02	4.564821539887504165e-01
9.260000000000000000e+02	4.220642883695476244e-01
9.270000000000000000e+02	3.901289551932016209e-01
9.280000000000000000e+02	3.605060320200160762e-01
9.290000000000000000e+02	3.330363672498807270e-01
9.300000000000000000e+02	3.075711236347069000e-01
9.310000000000000000e+02	2.839711574266776117e-01
9.320000000000000000e+02	2.621064314796791028e-01
9.330000000000000000e+02	2.418554606838106136e-01
9.340000000000000000e+02	2.231047881742471983e-01
9.350000000000000000e+02	2.057484908158579429e-01
9.360000000000000000e+02	1.896877125237611816e-01
9.370000000000000000e+02	1.748302240374761118e-01
9.380000000000000000e+02	1.610900078223863052e-01
9.390000000000000000e+02	1.483868668268631952e-01
9.400000000000000000e+02	1.366460558766011413e-01
9.410000000000000000e+02	1.257979345394324711e-01
9.420000000000000000e+02	1.157776403441360819e-01
9.430000000000000000e+02	1.065247812855081161e-01
9.440000000000000000e+02	9.798314659521814574e-02
9.450000000000000000e+02	9.010043480374906044e-02
9.460000000000000000e+02	8.282799816298976048e-02
9.470000000000000000e+02	7.612060254185420982e-02
9.480000000000000000e+02	6.993620194862978923e-02
9.490000000000000000e+02	6.423572687363753031e-02
9.500000000000000000e+02	5.898288568423060846e-02
9.510000000000000000e+02	5.414397834118716418e-02
9.520000000000000000e+02	4.968772174119084201e-02
9.530000000000000000e+02	4.558508602436357748e-02
9.540000000000000000e+02	4.180914121874323985e-02
9.550000000000000000e+02	3.833491362521682100e-02
9.560000000000000000e+02	3.513925137675143195e-02
9.570000000000000000e+02	3.220069863484583544e-02
9.580000000000000000e+02	2.949937791398232756e-02
9.590000000000000000e+02	2.701688005152591207e-02
9.600000000000000000e+02	2.473616136603092389e-02
9.610000000000000000e+02	2.264144757129882973e-02
9.620000000000000000e+02	2.071814403683110845e-02
9.630000000000000000e+02	1.895275200755811365e-02
9.640000000000000000e+02	1.733279041694503128e-02
9.650000000000000000e+02	1.584672294780241006e-02
9.660000000000000000e+02	1.448389001440265368e-02
9.670000000000000000e+02	1.323444535785609465e-02
9.680000000000000000e+02	1.208929696416080439e-02
9.690000000000000000e+02	1.104005203094856301e-02
9.700000000000000000e+02	1.007896572473108120e-02
9.710000000000000000e+02	9.198893485442085488e-03
9.720000000000000000e+02	8.393246649300207390e-03
9.730000000000000000e+02	7.655951174518249927e-03
9.740000000000000000e+02	6.981409267183917404e-03
9.750000000000000000e+02	6.364463716766213114e-03
9.760000000000000000e+02	5.800364762188326903e-03
9.770000000000000000e+02	5.284739320280585143e-03
9.780000000000000000e+02	4.813562418711715002e-03
9.790000000000000000e+02	4.383130685221074165e-03
9.800000000000000000e+02	3.990037754163133950e-03
9.810000000000000000e+02	3.631151460053441953e-03
9.820000000000000000e+02	3.303592695996872275e-03
9.830000000000000000e+02	3.004715822606498360e-03
9.840000000000000000e+02	2.732090520308232649e-03
9.850000000000000000e+02	2.483484984793356016e-03
9.860000000000000000e+02	2.256850371849246622e-03
9.870000000000000000e+02	2.050306403888129108e-03
9.880000000000000000e+02	1.862128056223483555e-03
9.890000000000000000e+02	1.690733246532649149e-03
9.900000000000000000e+02	1.534671456009509055e-03
9.910000000000000000e+02	1.392613215470585178e-03
9.920000000000000000e+02	1.263340394146740368e-03
9.930000000000000000e+02	1.145737233087717284e-03
9.940000000000000000e+02	1.038782069041854945e-03
9.950000000000000000e+02	9.415396983633829908e-04
9.960000000000000000e+02	8.531543339581392025e-04
9.970000000000000000e+02	7.728431115181821128e-04
9.980000000000000000e+02	6.998901043292731893e-04
9.990000000000000000e+02	6.336408087742416819e-04
1.000000000000000000e+03	5.734970653107313932e-04
