  440.0000	              156
  441.0000	              177
  442.0000	              198
  443.0000	              214
  444.0000	              195
  445.0000	              198
  446.0000	              204
  447.0000	              159
  448.0000	              182
  449.0000	              159
  450.0000	              160
  451.0000	              146
  452.0000	              168
  453.0000	              148
  454.0000	              160
  455.0000	              154
  456.0000	              120
  457.0000	              160
  458.0000	              173
  459.0000	              198
  460.0000	              219
  461.0000	              174
  462.0000	              168
  463.0000	              144
  464.0000	              152
  465.0000	              164
  466.0000	              123
  467.0000	              146
  468.0000	               89
  469.0000	              122
  470.0000	              125
  471.0000	              111
  472.0000	               87
  473.0000	              139
  474.0000	              131
  475.0000	              116
  476.0000	               87
  477.0000	              117
  478.0000	              138
  479.0000	              144
  480.0000	              129
  481.0000	              101
  482.0000	              140
  483.0000	              137
  484.0000	              165
  485.0000	              123
  486.0000	              147
  487.0000	              185
  488.0000	              200
  489.0000	              212
  490.0000	              271
  491.0000	              246
  492.0000	              247
  493.0000	              165
  494.0000	              195
  495.0000	              197
  496.0000	              213
  497.0000	              222
  498.0000	              207
  499.0000	              281
  500.0000	              305
  501.0000	              415
  502.0000	              476
  503.0000	              535
  504.0000	              638
  505.0000	              853
  506.0000	             1042
  507.0000	             1346
  508.0000	             1788
  509.0000	             2196
  510.0000	             2519
  511.0000	             2944
  512.0000	             3057
  513.0000	             2863
  514.0000	             2320
  515.0000	             1714
  516.0000	             1279
  517.0000	              972
  518.0000	              762
  519.0000	              636
  520.0000	              442
  521.0000	              380
  522.0000	              371
  523.0000	              288
  524.0000	              299
  525.0000	              247
  526.0000	              255
  527.0000	              205
  528.0000	              228
  529.0000	              204
  530.0000	              194
  531.0000	              177
  532.0000	              190
  533.0000	              177
  534.0000	              285
  535.0000	              261
  536.0000	              257
  537.0000	              209
  538.0000	              188
  539.0000	              240
  540.0000	              244
  541.0000	              281
  542.0000	              296
  543.0000	              252
  544.0000	              293
  545.0000	              270
  546.0000	              378
  547.0000	              335
  548.0000	              425
  549.0000	              422
  550.0000	              411
  551.0000	              460
  552.0000	              421
  553.0000	              515
  554.0000	              513
  555.0000	              594
  556.0000	              563
  557.0000	              683
  558.0000	              632
  559.0000	              640
  560.0000	              701
  561.0000	              774
  562.0000	              882
  563.0000	              852
  564.0000	              957
  565.0000	             1072
  566.0000	              986
  567.0000	             1026
  568.0000	             1207
  569.0000	             1119
  570.0000	             1262
  571.0000	             1249
  572.0000	             1350
  573.0000	             1347
  574.0000	             1485
  575.0000	             1646
  576.0000	             1598
  577.0000	             1641
  578.0000	             1775
  579.0000	             1915
  580.0000	             2024
  581.0000	             2065
  582.0000	             2098
  583.0000	             2047
  584.0000	             2299
  585.0000	             2553
  586.0000	             2633
  587.0000	             2716
  588.0000	             2763
  589.0000	             2827
  590.0000	             3108
  591.0000	             3339
  592.0000	             3427
  593.0000	             3460
  594.0000	             3594
  595.0000	             3790
  596.0000	             3969
  597.0000	             4006
  598.0000	             3846
  599.0000	             4250
  600.0000	             4400
  601.0000	             4489
  602.0000	             4602
  603.0000	             5025
  604.0000	             4888
  605.0000	             4941
  606.0000	             5322
  607.0000	             5372
  608.0000	             5289
  609.0000	             5720
  610.0000	             5987
  611.0000	             6002
  612.0000	             6326
  613.0000	             6418
  614.0000	             6460
  615.0000	             6456
  616.0000	             6988
  617.0000	             6978
  618.0000	             7143
  619.0000	             7341
  620.0000	             7240
  621.0000	             7266
  622.0000	             7667
  623.0000	             7677
  624.0000	             7918
  625.0000	             7947
  626.0000	             8107
  627.0000	             8408
  628.0000	             8081
  629.0000	             8233
  630.0000	             8753
  631.0000	             9023
  632.0000	             8811
  633.0000	             8872
  634.0000	             8926
  635.0000	             8766
  636.0000	             8829
  637.0000	             9197
  638.0000	             9189
  639.0000	             9294
  640.0000	             9162
  641.0000	             9435
  642.0000	             9634
  643.0000	             9612
  644.0000	             9623
  645.0000	             9683
  646.0000	            10014
  647.0000	             9669
  648.0000	             9465
  649.0000	            10138
  650.0000	             9661
  651.0000	             9795
  652.0000	             9628
  653.0000	             9874
  654.0000	             9648
  655.0000	             9805
  656.0000	             9653
  657.0000	             9839
  658.0000	             9588
  659.0000	             9795
  660.0000	             9733
  661.0000	             9324
  662.0000	             9365
  663.0000	             9458
  664.0000	             8996
  665.0000	             9425
  666.0000	             9060
  667.0000	             9221
  668.0000	             9162
  669.0000	             8987
  670.0000	             8885
  671.0000	             8809
  672.0000	             8882
  673.0000	             8159
  674.0000	             8706
  675.0000	             8152
  676.0000	             8167
  677.0000	             8615
  678.0000	             7978
  679.0000	             8019
  680.0000	             7767
  681.0000	             8049
  682.0000	             7638
  683.0000	             7644
  684.0000	             7346
  685.0000	             7410
  686.0000	             7342
  687.0000	             7080
  688.0000	             7462
  689.0000	             6876
  690.0000	             7290
  691.0000	             6877
  692.0000	             6694
  693.0000	             6999
  694.0000	             6887
  695.0000	             7027
  696.0000	             6703
  697.0000	             6494
  698.0000	             6235
  699.0000	             6252
  700.0000	             6404
  701.0000	             6201
  702.0000	             6282
  703.0000	             5926
  704.0000	             5243
  705.0000	             5723
  706.0000	             5574
  707.0000	             5592
  708.0000	             5713
  709.0000	             5460
  710.0000	             5370
  711.0000	             5081
  712.0000	             4879
  713.0000	             5196
  714.0000	             4890
  715.0000	             4774
  716.0000	             4830
  717.0000	             4525
  718.0000	             4483
  719.0000	             4433
  720.0000	             4149
  721.0000	             4476
  722.0000	             4235
  723.0000	             3980
  724.0000	             3827
  725.0000	             3689
  726.0000	             3686
  727.0000	             3761
  728.0000	             3444
  729.0000	             3426
  730.0000	             3300
  731.0000	             3044
  732.0000	             3089
  733.0000	             3034
  734.0000	             2985
  735.0000	             2941
  736.0000	             2979
  737.0000	             2947
  738.0000	             2639
  739.0000	             2605
  740.0000	             2537
  741.0000	             2691
  742.0000	             2416
  743.0000	             2533
  744.0000	             2202
  745.0000	             2259
  746.0000	             2253
  747.0000	             2194
  748.0000	             2184
  749.0000	             2079
  750.0000	             1945
  751.0000	             2077
  752.0000	             2012
  753.0000	             1869
  754.0000	             1776
  755.0000	             1684
  756.0000	             1711
  757.0000	             1807
  758.0000	             1730
  759.0000	             1680
  760.0000	             1497
  761.0000	             1429
  762.0000	             1620
  763.0000	             1374
  764.0000	             1448
  765.0000	             1348
  766.0000	             1211
  767.0000	             1375
  768.0000	             1193
  769.0000	             1332
  770.0000	             1228
  771.0000	             1225
  772.0000	             1270
  773.0000	             1040
  774.0000	             1095
  775.0000	             1057
  776.0000	             1049
  777.0000	             1054
  778.0000	             1032
  779.0000	              914
  780.0000	              919
  781.0000	              905
  782.0000	              894
  783.0000	              855
  784.0000	              802
  785.0000	              749
  786.0000	              748
  787.0000	              803
  788.0000	              757
  789.0000	              715
  790.0000	              663
  791.0000	              784
  792.0000	              686
  793.0000	              811
  794.0000	              640
  795.0000	              698
  796.0000	              608
  797.0000	              598
  798.0000	              662
  799.0000	              625
  800.0000	              605
