4.410000000000000000e+02	7.442556973721492497e-01
4.420000000000000000e+02	8.051061552425231582e-01
4.430000000000000000e+02	8.706673357640594135e-01
4.440000000000000000e+02	9.412814108037000915e-01
4.450000000000000000e+02	1.017313570800324030e+00
4.460000000000000000e+02	1.099153430242933771e+00
4.470000000000000000e+02	1.187216508339888899e+00
4.480000000000000000e+02	1.281945788147567100e+00
4.490000000000000000e+02	1.383813357516871179e+00
4.500000000000000000e+02	1.493322135304914644e+00
4.510000000000000000e+02	1.611007686386357163e+00
4.520000000000000000e+02	1.737440129084311335e+00
4.530000000000000000e+02	1.873226138723591783e+00
4.540000000000000000e+02	2.019011051089225628e+00
4.550000000000000000e+02	2.175481069650195831e+00
4.560000000000000000e+02	2.343365580481480581e+00
4.570000000000000000e+02	2.523439578886609080e+00
4.580000000000000000e+02	2.716526211787225531e+00
4.590000000000000000e+02	2.923499440005209671e+00
4.600000000000000000e+02	3.145286824616162047e+00
4.610000000000000000e+02	3.382872441599714453e+00
4.620000000000000000e+02	3.637299929052025149e+00
4.630000000000000000e+02	3.909675671257564655e+00
4.640000000000000000e+02	4.201172123941049108e+00
4.650000000000000000e+02	4.513031285034790230e+00
4.660000000000000000e+02	4.846568315301340135e+00
4.670000000000000000e+02	5.203175313145503189e+00
4.680000000000000000e+02	5.584325247932235392e+00
4.690000000000000000e+02	5.991576056097944303e+00
4.700000000000000000e+02	6.426574904299791946e+00
4.710000000000000000e+02	6.891062623791833097e+00
4.720000000000000000e+02	7.386878320145657817e+00
4.730000000000000000e+02	7.915964162347108868e+00
4.740000000000000000e+02	8.480370355197500487e+00
4.750000000000000000e+02	9.082260298827996792e+00
4.760000000000000000e+02	9.723915938997295783e+00
4.770000000000000000e+02	1.040774331168535483e+01
4.780000000000000000e+02	1.113627828531851982e+01
4.790000000000000000e+02	1.191219250376250827e+01
4.800000000000000000e+02	1.273829953300012718e+01
4.810000000000000000e+02	1.361756121416633292e+01
4.820000000000000000e+02	1.455309422534734587e+01
4.830000000000000000e+02	1.554817685425818041e+01
4.840000000000000000e+02	1.660625598359612454e+01
4.850000000000000000e+02	1.773095429052472838e+01
4.860000000000000000e+02	1.892607766137442482e+01
4.870000000000000000e+02	2.019562282228807604e+01
4.880000000000000000e+02	2.154378518656724140e+01
4.890000000000000000e+02	2.297496692364119397e+01
4.900000000000000000e+02	2.449378529547703920e+01
4.910000000000000000e+02	2.610508163261177117e+01
4.920000000000000000e+02	2.781393359263576315e+01
4.930000000000000000e+02	2.962568717460641210e+01
4.940000000000000000e+02	3.154609843683016379e+01
4.950000000000000000e+02	3.358201313891967033e+01
4.960000000000000000e+02	3.574434989507363269e+01
4.970000000000000000e+02	3.805962962143345152e+01
4.980000000000000000e+02	4.060869391130952266e+01
4.990000000000000000e+02	4.363841564525656480e+01
5.000000000000000000e+02	4.783419711019318754e+01
5.010000000000000000e+02	5.486647328697414849e+01
5.020000000000000000e+02	6.824014984896754754e+01
5.030000000000000000e+02	9.415001676076761328e+01
5.040000000000000000e+02	1.414725607420207609e+02
5.050000000000000000e+02	2.196016424383500976e+02
5.060000000000000000e+02	3.333909019523864004e+02
5.070000000000000000e+02	4.765602566713250212e+02
5.080000000000000000e+02	6.276350559078899778e+02
5.090000000000000000e+02	7.531713519748808494e+02
5.100000000000000000e+02	8.194729256056718896e+02
5.110000000000000000e+02	8.076517422846483214e+02
5.120000000000000000e+02	7.229540515478660154e+02
5.130000000000000000e+02	5.921252081276704757e+02
5.140000000000000000e+02	4.506073167243530406e+02
5.150000000000000000e+02	3.278666747034789637e+02
5.160000000000000000e+02	2.389633253128972115e+02
5.170000000000000000e+02	1.848107665676729425e+02
5.180000000000000000e+02	1.579116978884259197e+02
5.190000000000000000e+02	1.486624782786530545e+02
5.200000000000000000e+02	1.492174716723731649e+02
5.210000000000000000e+02	1.546015705124653437e+02
5.220000000000000000e+02	1.622143421865684445e+02
5.230000000000000000e+02	1.709077877580030815e+02
5.240000000000000000e+02	1.802524197849409120e+02
5.250000000000000000e+02	1.901172440998121260e+02
5.260000000000000000e+02	2.004776298575719409e+02
5.270000000000000000e+02	2.113420552419860599e+02
5.280000000000000000e+02	2.227283215103519751e+02
5.290000000000000000e+02	2.346568930598490113e+02
5.300000000000000000e+02	2.471492787394711854e+02
5.310000000000000000e+02	2.602276912598140370e+02
5.320000000000000000e+02	2.739149877704835490e+02
5.330000000000000000e+02	2.882346640479789812e+02
5.340000000000000000e+02	3.032108571386748395e+02
5.350000000000000000e+02	3.188683485938493618e+02
5.360000000000000000e+02	3.352325670607302754e+02
5.370000000000000000e+02	3.523295900225577384e+02
5.380000000000000000e+02	3.701861446205525681e+02
5.390000000000000000e+02	3.888296075070492748e+02
5.400000000000000000e+02	4.082880036804834276e+02
5.410000000000000000e+02	4.285900042527904930e+02
5.420000000000000000e+02	4.497649230996308916e+02
5.430000000000000000e+02	4.718427123437891169e+02
5.440000000000000000e+02	4.948539566221713812e+02
5.450000000000000000e+02	5.188298660870060530e+02
5.460000000000000000e+02	5.438022680921822030e+02
5.470000000000000000e+02	5.698035975161162696e+02
5.480000000000000000e+02	5.968668856731489996e+02
5.490000000000000000e+02	6.250257477662230485e+02
5.500000000000000000e+02	6.543143688344968041e+02
5.510000000000000000e+02	6.847674881506198972e+02
5.520000000000000000e+02	7.164203820236255069e+02
5.530000000000000000e+02	7.493088449647826792e+02
5.540000000000000000e+02	7.834691691753282612e+02
5.550000000000000000e+02	8.189381223167351891e+02
5.560000000000000000e+02	8.557529235260952873e+02
5.570000000000000000e+02	8.939512176412988538e+02
5.580000000000000000e+02	9.335710476029749998e+02
5.590000000000000000e+02	9.746508250026286078e+02
5.600000000000000000e+02	1.017229298749069699e+03
5.610000000000000000e+02	1.061345521828075334e+03
5.620000000000000000e+02	1.107038816133251430e+03
5.630000000000000000e+02	1.154348735349296703e+03
5.640000000000000000e+02	1.203315025872269189e+03
5.650000000000000000e+02	1.253977585755049176e+03
5.660000000000000000e+02	1.306376421669994897e+03
5.670000000000000000e+02	1.360551603884701308e+03
5.680000000000000000e+02	1.416543219250970651e+03
5.690000000000000000e+02	1.474391322211360603e+03
5.700000000000000000e+02	1.534135883832198942e+03
5.710000000000000000e+02	1.595816738876570525e+03
5.720000000000000000e+02	1.659473530935607414e+03
5.730000000000000000e+02	1.725145655641351141e+03
5.740000000000000000e+02	1.792872201989564019e+03
5.750000000000000000e+02	1.862691891806093963e+03
5.760000000000000000e+02	1.934643017395747620e+03
5.770000000000000000e+02	2.008763377418121763e+03
5.780000000000000000e+02	2.085090211040387203e+03
5.790000000000000000e+02	2.163660130422718339e+03
5.800000000000000000e+02	2.244509051597813141e+03
5.810000000000000000e+02	2.327672123811731126e+03
5.820000000000000000e+02	2.413183657399210915e+03
5.830000000000000000e+02	2.501077050272497218e+03
5.840000000000000000e+02	2.591384713108674077e+03
5.850000000000000000e+02	2.684137993326423839e+03
5.860000000000000000e+02	2.779367097949130311e+03
5.870000000000000000e+02	2.877101015457097219e+03
5.880000000000000000e+02	2.977367436737588832e+03
5.890000000000000000e+02	3.080192675247196348e+03
5.900000000000000000e+02	3.185601586506788408e+03
5.910000000000000000e+02	3.293617487054954381e+03
5.920000000000000000e+02	3.404262072991394234e+03
5.930000000000000000e+02	3.517555338247084819e+03
5.940000000000000000e+02	3.633515492723356147e+03
5.950000000000000000e+02	3.752158880447028878e+03
5.960000000000000000e+02	3.873499897893707839e+03
5.970000000000000000e+02	3.997550912635932491e+03
5.980000000000000000e+02	4.124322182477412753e+03
5.990000000000000000e+02	4.253821775238668124e+03
6.000000000000000000e+02	4.386055489363398920e+03
6.010000000000000000e+02	4.521026775518435898e+03
6.020000000000000000e+02	4.658736659363543367e+03
6.030000000000000000e+02	4.799183665670228038e+03
6.040000000000000000e+02	4.942363743971401163e+03
6.050000000000000000e+02	5.088270195925960252e+03
6.060000000000000000e+02	5.236893604584290188e+03
6.070000000000000000e+02	5.388221765742096977e+03
6.080000000000000000e+02	5.542239621571108728e+03
6.090000000000000000e+02	5.698929196715737817e+03
6.100000000000000000e+02	5.858269537045050129e+03
6.110000000000000000e+02	6.020236651249040733e+03
6.120000000000000000e+02	6.184803455467500498e+03
6.130000000000000000e+02	6.351939721138495770e+03
6.140000000000000000e+02	6.521612026251747920e+03
6.150000000000000000e+02	6.693783710189982230e+03
6.160000000000000000e+02	6.868414832338521592e+03
6.170000000000000000e+02	7.045462134640174554e+03
6.180000000000000000e+02	7.224879008268640973e+03
6.190000000000000000e+02	7.406615464589352996e+03
6.200000000000000000e+02	7.590618110571825127e+03
6.210000000000000000e+02	7.776830128812207477e+03
6.220000000000000000e+02	7.965191262318810004e+03
6.230000000000000000e+02	8.155637804206996407e+03
6.240000000000000000e+02	8.348102592442824971e+03
6.250000000000000000e+02	8.542515009767417723e+03
6.260000000000000000e+02	8.738800988926042919e+03
6.270000000000000000e+02	8.936883023317426705e+03
6.280000000000000000e+02	9.136680183169897646e+03
6.290000000000000000e+02	9.338108137341550901e+03
6.300000000000000000e+02	9.541079180831691701e+03
6.310000000000000000e+02	9.745502268080615977e+03
6.320000000000000000e+02	9.951283052123950256e+03
6.330000000000000000e+02	1.015832392965675172e+04
6.340000000000000000e+02	1.036652409205097683e+04
6.350000000000000000e+02	1.057577958235812184e+04
6.360000000000000000e+02	1.078598335831664008e+04
6.370000000000000000e+02	1.099702536137131756e+04
6.380000000000000000e+02	1.120879259169884608e+04
6.390000000000000000e+02	1.142116918922110017e+04
6.400000000000000000e+02	1.163403652057417094e+04
6.410000000000000000e+02	1.184727327198794774e+04
6.420000000000000000e+02	1.206075554801745056e+04
6.430000000000000000e+02	1.227435697605348651e+04
6.440000000000000000e+02	1.248794881652641379e+04
6.450000000000000000e+02	1.270140007870313275e+04
6.460000000000000000e+02	1.291457764196350581e+04
6.470000000000000000e+02	1.312734638242882647e+04
6.480000000000000000e+02	1.333956930480111805e+04
6.490000000000000000e+02	1.355110767925866639e+04
6.500000000000000000e+02	1.376182118323962095e+04
6.510000000000000000e+02	1.397156804793242736e+04
6.520000000000000000e+02	1.418020520927874895e+04
6.530000000000000000e+02	1.438758846328191612e+04
6.540000000000000000e+02	1.459357262540148258e+04
6.550000000000000000e+02	1.479801169380244755e+04
6.560000000000000000e+02	1.500075901621596859e+04
6.570000000000000000e+02	1.520166746015724493e+04
6.580000000000000000e+02	1.540058958623536455e+04
6.590000000000000000e+02	1.559737782427967795e+04
6.600000000000000000e+02	1.579188465199749771e+04
6.610000000000000000e+02	1.598396277586870929e+04
6.620000000000000000e+02	1.617346531397433137e+04
6.630000000000000000e+02	1.636024598044804225e+04
6.640000000000000000e+02	1.654415927123248912e+04
6.650000000000000000e+02	1.672506065081543420e+04
6.660000000000000000e+02	1.690280673961508728e+04
6.670000000000000000e+02	1.707725550167863912e+04
6.680000000000000000e+02	1.724826643235375377e+04
6.690000000000000000e+02	1.741570074558907436e+04
6.700000000000000000e+02	1.757942156051702477e+04
6.710000000000000000e+02	1.773929408697023973e+04
6.720000000000000000e+02	1.789518580958170060e+04
6.730000000000000000e+02	1.804696667011840691e+04
6.740000000000000000e+02	1.819450924769895209e+04
6.750000000000000000e+02	1.833768893654669955e+04
6.760000000000000000e+02	1.847638412093255465e+04
6.770000000000000000e+02	1.861047634696444584e+04
6.780000000000000000e+02	1.873985049088461528e+04
6.790000000000000000e+02	1.886439492354054528e+04
6.800000000000000000e+02	1.898400167070122552e+04
6.810000000000000000e+02	1.909856656889681472e+04
6.820000000000000000e+02	1.920798941646717867e+04
6.830000000000000000e+02	1.931217411951298345e+04
6.840000000000000000e+02	1.941102883245196062e+04
6.850000000000000000e+02	1.950446609289265689e+04
6.860000000000000000e+02	1.959240295054862509e+04
6.870000000000000000e+02	1.967476108992708032e+04
6.880000000000000000e+02	1.975146694653812665e+04
6.890000000000000000e+02	1.982245181638317808e+04
6.900000000000000000e+02	1.988765195849451993e+04
6.910000000000000000e+02	1.994700869031176990e+04
6.920000000000000000e+02	2.000046847569552847e+04
6.930000000000000000e+02	2.004798300539339107e+04
6.940000000000000000e+02	2.008950926978906136e+04
6.950000000000000000e+02	2.012500962378117038e+04
6.960000000000000000e+02	2.015445184365487148e+04
6.970000000000000000e+02	2.017780917582583788e+04
6.980000000000000000e+02	2.019506037735356949e+04
6.990000000000000000e+02	2.020618974813799650e+04
7.000000000000000000e+02	2.021118715473120392e+04
7.010000000000000000e+02	2.021004804571358545e+04
7.020000000000000000e+02	2.020277345860189598e+04
7.030000000000000000e+02	2.018937001827440690e+04
7.040000000000000000e+02	2.016984992691663501e+04
7.050000000000000000e+02	2.014423094550885435e+04
7.060000000000000000e+02	2.011253636689487757e+04
7.070000000000000000e+02	2.007479498048911410e+04
7.080000000000000000e+02	2.003104102869687631e+04
7.090000000000000000e+02	1.998131415514022228e+04
7.100000000000000000e+02	1.992565934479893986e+04
7.110000000000000000e+02	1.986412685619317563e+04
7.120000000000000000e+02	1.979677214575084872e+04
7.130000000000000000e+02	1.972365578451915280e+04
7.140000000000000000e+02	1.964484336739526771e+04
7.150000000000000000e+02	1.956040541506665249e+04
7.160000000000000000e+02	1.947041726886612014e+04
7.170000000000000000e+02	1.937495897876115123e+04
7.180000000000000000e+02	1.927411518471045929e+04
7.190000000000000000e+02	1.916797499163395696e+04
7.200000000000000000e+02	1.905663183825457236e+04
7.210000000000000000e+02	1.894018336008208280e+04
7.220000000000000000e+02	1.881873124682002162e+04
7.230000000000000000e+02	1.869238109448708565e+04
7.240000000000000000e+02	1.856124225255378042e+04
7.250000000000000000e+02	1.842542766640382251e+04
7.260000000000000000e+02	1.828505371543761066e+04
7.270000000000000000e+02	1.814024004714217881e+04
7.280000000000000000e+02	1.799110940745828702e+04
7.290000000000000000e+02	1.783778746778052300e+04
7.300000000000000000e+02	1.768040264893105268e+04
7.310000000000000000e+02	1.751908594245106360e+04
7.320000000000000000e+02	1.735397072955690237e+04
7.330000000000000000e+02	1.718519259810977383e+04
7.340000000000000000e+02	1.701288915794899003e+04
7.350000000000000000e+02	1.683719985493886998e+04
7.360000000000000000e+02	1.665826578407889974e+04
7.370000000000000000e+02	1.647622950202517313e+04
7.380000000000000000e+02	1.629123483936889897e+04
7.390000000000000000e+02	1.610342671301464543e+04
7.400000000000000000e+02	1.591295093899705535e+04
7.410000000000000000e+02	1.571995404607012460e+04
7.420000000000000000e+02	1.552458309039771302e+04
7.430000000000000000e+02	1.532698547166771459e+04
7.440000000000000000e+02	1.512730875094557632e+04
7.450000000000000000e+02	1.492570047057514967e+04
7.460000000000000000e+02	1.472230797642682592e+04
7.470000000000000000e+02	1.451727824278394291e+04
7.480000000000000000e+02	1.431075770014914997e+04
7.490000000000000000e+02	1.410289206624242979e+04
7.500000000000000000e+02	1.389382618045194795e+04
7.510000000000000000e+02	1.368370384198804459e+04
7.520000000000000000e+02	1.347266765197915993e+04
7.530000000000000000e+02	1.326085885973677432e+04
7.540000000000000000e+02	1.304841721340414188e+04
7.550000000000000000e+02	1.283548081519120024e+04
7.560000000000000000e+02	1.262218598138505695e+04
7.570000000000000000e+02	1.240866710731259991e+04
7.580000000000000000e+02	1.219505653741823517e+04
7.590000000000000000e+02	1.198148444060652037e+04
7.600000000000000000e+02	1.176807869098570336e+04
7.610000000000000000e+02	1.155496475413455119e+04
7.620000000000000000e+02	1.134226557900110311e+04
7.630000000000000000e+02	1.113010149552811708e+04
7.640000000000000000e+02	1.091859011808634568e+04
7.650000000000000000e+02	1.070784625478298585e+04
7.660000000000000000e+02	1.049798182269900281e+04
7.670000000000000000e+02	1.028910576909566407e+04
7.680000000000000000e+02	1.008132399861712474e+04
7.690000000000000000e+02	9.874739306502911859e+03
7.700000000000000000e+02	9.669451317811130139e+03
7.710000000000000000e+02	9.465556432640629282e+03
7.720000000000000000e+02	9.263147777327932999e+03
7.730000000000000000e+02	9.062315161582724613e+03
7.740000000000000000e+02	8.863145041513913384e+03
7.750000000000000000e+02	8.665720488486955219e+03
7.760000000000000000e+02	8.470121163742140197e+03
7.770000000000000000e+02	8.276423298692943717e+03
7.780000000000000000e+02	8.084699680813439954e+03
7.790000000000000000e+02	7.895019645014053822e+03
7.800000000000000000e+02	7.707449070395683520e+03
7.810000000000000000e+02	7.522050382263459142e+03
7.820000000000000000e+02	7.338882559273145489e+03
7.830000000000000000e+02	7.158001145575389273e+03
7.840000000000000000e+02	6.979458267815776708e+03
7.850000000000000000e+02	6.803302656841872704e+03
7.860000000000000000e+02	6.629579673962202833e+03
7.870000000000000000e+02	6.458331341596458515e+03
7.880000000000000000e+02	6.289596378150931741e+03
7.890000000000000000e+02	6.123410236948677266e+03
7.900000000000000000e+02	5.959805149039628304e+03
7.910000000000000000e+02	5.798810169712407514e+03
7.920000000000000000e+02	5.640451228526430896e+03
7.930000000000000000e+02	5.484751182680355669e+03
7.940000000000000000e+02	5.331729873530914119e+03
7.950000000000000000e+02	5.181404186074527388e+03
7.960000000000000000e+02	5.033788111203167318e+03
7.970000000000000000e+02	4.888892810545193242e+03
7.980000000000000000e+02	4.746726683701956063e+03
7.990000000000000000e+02	4.607295437691148436e+03
8.000000000000000000e+02	4.470602158408802097e+03
8.010000000000000000e+02	4.336647383922921108e+03
8.020000000000000000e+02	4.205429179413498787e+03
8.030000000000000000e+02	4.076943213575580103e+03
8.040000000000000000e+02	3.951182836304512421e+03
8.050000000000000000e+02	3.828139157485216401e+03
8.060000000000000000e+02	3.707801126710498920e+03
8.070000000000000000e+02	3.590155613756784078e+03
8.080000000000000000e+02	3.475187489649407325e+03
8.090000000000000000e+02	3.362879708153639513e+03
8.100000000000000000e+02	3.253213387531861827e+03
8.110000000000000000e+02	3.146167892411889170e+03
8.120000000000000000e+02	3.041720915616138427e+03
8.130000000000000000e+02	2.939848559806337562e+03
8.140000000000000000e+02	2.840525418803601951e+03
8.150000000000000000e+02	2.743724658449019898e+03
8.160000000000000000e+02	2.649418096875332139e+03
8.170000000000000000e+02	2.557576284065889013e+03
8.180000000000000000e+02	2.468168580582753748e+03
8.190000000000000000e+02	2.381163235351586536e+03
8.200000000000000000e+02	2.296527462396812098e+03
8.210000000000000000e+02	2.214227516426439252e+03
8.220000000000000000e+02	2.134228767171888649e+03
8.230000000000000000e+02	2.056495772394052892e+03
8.240000000000000000e+02	1.980992349472858223e+03
8.250000000000000000e+02	1.907681645503433856e+03
8.260000000000000000e+02	1.836526205827984768e+03
8.270000000000000000e+02	1.767488040938247423e+03
8.280000000000000000e+02	1.700528691689264178e+03
8.290000000000000000e+02	1.635609292770884394e+03
8.300000000000000000e+02	1.572690634389082334e+03
8.310000000000000000e+02	1.511733222114686896e+03
8.320000000000000000e+02	1.452697334862573143e+03
8.330000000000000000e+02	1.395543080969663606e+03
8.340000000000000000e+02	1.340230452345276717e+03
8.350000000000000000e+02	1.286719376672403087e+03
8.360000000000000000e+02	1.234969767643388195e+03
8.370000000000000000e+02	1.184941573218247186e+03
8.380000000000000000e+02	1.136594821898427199e+03
8.390000000000000000e+02	1.089889667013234885e+03
8.400000000000000000e+02	1.044786429020428386e+03
8.410000000000000000e+02	1.001245635826507851e+03
8.420000000000000000e+02	9.592280611361574074e+02
8.430000000000000000e+02	9.186947608440002568e+02
8.440000000000000000e+02	8.796071074853397249e+02
8.450000000000000000e+02	8.419268227659201784e+02
8.460000000000000000e+02	8.056160081938747908e+02
8.470000000000000000e+02	7.706371738400031290e+02
8.480000000000000000e+02	7.369532652552929903e+02
8.490000000000000000e+02	7.045276885771871775e+02
8.500000000000000000e+02	6.733243338585010633e+02
8.510000000000000000e+02	6.433075966551124338e+02
8.520000000000000000e+02	6.144423979105772560e+02
8.530000000000000000e+02	5.866942021776802676e+02
8.540000000000000000e+02	5.600290342186112866e+02
8.550000000000000000e+02	5.344134940269483423e+02
8.560000000000000000e+02	5.098147703159817183e+02
8.570000000000000000e+02	4.862006525190586217e+02
8.580000000000000000e+02	4.635395413486537564e+02
8.590000000000000000e+02	4.418004579617062291e+02
8.600000000000000000e+02	4.209530517794685238e+02
8.610000000000000000e+02	4.009676070106604016e+02
8.620000000000000000e+02	3.818150479271354243e+02
8.630000000000000000e+02	3.634669429415272361e+02
8.640000000000000000e+02	3.458955075365092853e+02
8.650000000000000000e+02	3.290736060952943376e+02
8.660000000000000000e+02	3.129747526829237927e+02
8.670000000000000000e+02	2.975731108276663122e+02
8.680000000000000000e+02	2.828434923515394530e+02
8.690000000000000000e+02	2.687613552985408205e+02
8.700000000000000000e+02	2.553028010086671884e+02
8.710000000000000000e+02	2.424445703851878307e+02
8.720000000000000000e+02	2.301640394019683526e+02
8.730000000000000000e+02	2.184392138968640609e+02
8.740000000000000000e+02	2.072487236963804094e+02
8.750000000000000000e+02	1.965718161158935118e+02
8.760000000000000000e+02	1.863883488787726606e+02
8.770000000000000000e+02	1.766787824967290703e+02
8.780000000000000000e+02	1.674241721526657329e+02
8.790000000000000000e+02	1.586061591261888566e+02
8.800000000000000000e+02	1.502069618008129623e+02
8.810000000000000000e+02	1.422093662907119551e+02
8.820000000000000000e+02	1.345967167236684077e+02
8.830000000000000000e+02	1.273529052156515604e+02
8.840000000000000000e+02	1.204623615712075519e+02
8.850000000000000000e+02	1.139100427425917559e+02
8.860000000000000000e+02	1.076814220793000914e+02
8.870000000000000000e+02	1.017624783983858379e+02
8.880000000000000000e+02	9.613968490466621120e+01
8.890000000000000000e+02	9.079999798865127048e+01
8.900000000000000000e+02	8.573084592874967313e+01
8.910000000000000000e+02	8.092011752304331651e+01
8.920000000000000000e+02	7.635615067466771677e+01
8.930000000000000000e+02	7.202772095359009086e+01
8.940000000000000000e+02	6.792403015635341035e+01
8.950000000000000000e+02	6.403469488414270927e+01
8.960000000000000000e+02	6.034973515834442281e+01
8.970000000000000000e+02	5.685956309159949740e+01
8.980000000000000000e+02	5.355497163121214044e+01
8.990000000000000000e+02	5.042712339065545990e+01
9.000000000000000000e+02	4.746753958382771543e+01
9.010000000000000000e+02	4.466808907565245335e+01
9.020000000000000000e+02	4.202097756158031672e+01
9.030000000000000000e+02	3.951873688755404856e+01
9.040000000000000000e+02	3.715421452102459199e+01
9.050000000000000000e+02	3.492056318267213300e+01
9.060000000000000000e+02	3.281123064757858288e+01
9.070000000000000000e+02	3.081994972372904584e+01
9.080000000000000000e+02	2.894072841488079106e+01
9.090000000000000000e+02	2.716784027403472379e+01
9.100000000000000000e+02	2.549581495297446310e+01
9.110000000000000000e+02	2.391942895260154245e+01
9.120000000000000000e+02	2.243369657809330775e+01
9.130000000000000000e+02	2.103386110224080596e+01
9.140000000000000000e+02	1.971538613968877485e+01
9.150000000000000000e+02	1.847394723419634843e+01
9.160000000000000000e+02	1.730542366046779534e+01
9.170000000000000000e+02	1.620589044156358938e+01
9.180000000000000000e+02	1.517161058239506133e+01
9.190000000000000000e+02	1.419902751933035390e+01
9.200000000000000000e+02	1.328475778549214859e+01
9.210000000000000000e+02	1.242558389091184345e+01
9.220000000000000000e+02	1.161844741631564837e+01
9.230000000000000000e+02	1.086044231895816559e+01
9.240000000000000000e+02	1.014880844858507203e+01
9.250000000000000000e+02	9.480925271299000201e+00
9.260000000000000000e+02	8.854305798820725215e+00
9.270000000000000000e+02	8.266590720379094037e+00
9.280000000000000000e+02	7.715542734229297928e+00
9.290000000000000000e+02	7.199041075586196214e+00
9.300000000000000000e+02	6.715076237569421735e+00
9.310000000000000000e+02	6.261744881586571942e+00
9.320000000000000000e+02	5.837244933430819849e+00
9.330000000000000000e+02	5.439870861237957378e+00
9.340000000000000000e+02	5.068009131333669259e+00
9.350000000000000000e+02	4.720133837906269392e+00
9.360000000000000000e+02	4.394802502358487573e+00
9.370000000000000000e+02	4.090652038127543300e+00
9.380000000000000000e+02	3.806394876711074016e+00
9.390000000000000000e+02	3.540815250599377961e+00
9.400000000000000000e+02	3.292765628789512178e+00
9.410000000000000000e+02	3.061163300543667365e+00
9.420000000000000000e+02	2.844987103052547095e+00
9.430000000000000000e+02	2.643274288672640360e+00
9.440000000000000000e+02	2.455117527424419688e+00
9.450000000000000000e+02	2.279662040465118000e+00
9.460000000000000000e+02	2.116102860284704068e+00
9.470000000000000000e+02	1.963682213416122924e+00
9.480000000000000000e+02	1.821687021500045578e+00
9.490000000000000000e+02	1.689446516599842685e+00
9.500000000000000000e+02	1.566329966723573053e+00
9.510000000000000000e+02	1.451744507575934762e+00
9.520000000000000000e+02	1.345133076633720393e+00
9.530000000000000000e+02	1.245972445713110721e+00
9.540000000000000000e+02	1.153771348275180575e+00
9.550000000000000000e+02	1.068068697797365463e+00
9.560000000000000000e+02	9.884318936224247842e-01
9.570000000000000000e+02	9.144552107825533183e-01
9.580000000000000000e+02	8.457582703841604044e-01
9.590000000000000000e+02	7.819845872282111809e-01
9.600000000000000000e+02	7.228001914314088339e-01
9.610000000000000000e+02	6.678923209048424070e-01
9.620000000000000000e+02	6.169681816383651984e-01
9.630000000000000000e+02	5.697537728309268745e-01
9.640000000000000000e+02	5.259927739990289952e-01
9.650000000000000000e+02	4.854454912870244665e-01
9.660000000000000000e+02	4.478878602941254172e-01
9.670000000000000000e+02	4.131105028233745813e-01
9.680000000000000000e+02	3.809178350473610419e-01
9.690000000000000000e+02	3.511272246739300940e-01
9.700000000000000000e+02	3.235681947823814131e-01
9.710000000000000000e+02	2.980816720865763769e-01
9.720000000000000000e+02	2.745192774658517521e-01
9.730000000000000000e+02	2.527426566874957925e-01
9.740000000000000000e+02	2.326228493257791186e-01
9.750000000000000000e+02	2.140396939620336225e-01
9.760000000000000000e+02	1.968812678279029948e-01
9.770000000000000000e+02	1.810433591296973510e-01
9.780000000000000000e+02	1.664289703656347263e-01
9.790000000000000000e+02	1.529478510196563557e-01
9.800000000000000000e+02	1.405160580853968277e-01
9.810000000000000000e+02	1.290555429417562516e-01
9.820000000000000000e+02	1.184937631673899788e-01
9.830000000000000000e+02	1.087633179452080351e-01
9.840000000000000000e+02	9.980160576974377029e-02
9.850000000000000000e+02	9.155050322996248491e-02
9.860000000000000000e+02	8.395606369777457167e-02
9.870000000000000000e+02	7.696823480818004715e-02
9.880000000000000000e+02	7.054059367065690367e-02
9.890000000000000000e+02	6.463009880311151867e-02
9.900000000000000000e+02	5.919685782947604197e-02
9.910000000000000000e+02	5.420391002989168039e-02
9.920000000000000000e+02	4.961702287839229314e-02
9.930000000000000000e+02	4.540450174714542181e-02
9.940000000000000000e+02	4.153701199863862881e-02
9.950000000000000000e+02	3.798741272777590022e-02
9.960000000000000000e+02	3.473060145470846516e-02
9.970000000000000000e+02	3.174336910640591924e-02
9.980000000000000000e+02	2.900426466052937954e-02
9.990000000000000000e+02	2.649346885914171529e-02
1.000000000000000000e+03	2.419267643222562311e-02
