4.410000000000000000e+02	2.356787127439814924e+02
4.420000000000000000e+02	2.449480629008733388e+02
4.430000000000000000e+02	2.545307486745847996e+02
4.440000000000000000e+02	2.644350958766145254e+02
4.450000000000000000e+02	2.746695571935030102e+02
4.460000000000000000e+02	2.852427101882200304e+02
4.470000000000000000e+02	2.961632550959366199e+02
4.480000000000000000e+02	3.074400124089322048e+02
4.490000000000000000e+02	3.190819202454973151e+02
4.500000000000000000e+02	3.310980314977969670e+02
4.510000000000000000e+02	3.434975107537870258e+02
4.520000000000000000e+02	3.562896309884185939e+02
4.530000000000000000e+02	3.694837700195064940e+02
4.540000000000000000e+02	3.830894067238141361e+02
4.550000000000000000e+02	3.971161170090741166e+02
4.560000000000000000e+02	4.115735695378625678e+02
4.570000000000000000e+02	4.264715211994458173e+02
4.580000000000000000e+02	4.418198123259402905e+02
4.590000000000000000e+02	4.576283616493564637e+02
4.600000000000000000e+02	4.739071609963483525e+02
4.610000000000000000e+02	4.906662697177467294e+02
4.620000000000000000e+02	5.079158088502347823e+02
4.630000000000000000e+02	5.256659550078113625e+02
4.640000000000000000e+02	5.439269340009886946e+02
4.650000000000000000e+02	5.627090141820003737e+02
4.660000000000000000e+02	5.820224995146061246e+02
4.670000000000000000e+02	6.018777223674533161e+02
4.680000000000000000e+02	6.222850360302874151e+02
4.690000000000000000e+02	6.432548069526994823e+02
4.700000000000000000e+02	6.647974067054670968e+02
4.710000000000000000e+02	6.869232036649586917e+02
4.720000000000000000e+02	7.096425544214736192e+02
4.730000000000000000e+02	7.329657949128226164e+02
4.740000000000000000e+02	7.569032312848818265e+02
4.750000000000000000e+02	7.814651304813116894e+02
4.760000000000000000e+02	8.066617105650826716e+02
4.770000000000000000e+02	8.325031307749364942e+02
4.780000000000000000e+02	8.589994813204054935e+02
4.790000000000000000e+02	8.861607729198084371e+02
4.800000000000000000e+02	9.139969260882290882e+02
4.810000000000000000e+02	9.425177601979870587e+02
4.820000000000000000e+02	9.717329824327765664e+02
4.830000000000000000e+02	1.001652177353023035e+03
4.840000000000000000e+02	1.032284801134206646e+03
4.850000000000000000e+02	1.063640201869428438e+03
4.860000000000000000e+02	1.095727770143705584e+03
4.870000000000000000e+02	1.128557688395857440e+03
4.880000000000000000e+02	1.162144219501599309e+03
4.890000000000000000e+02	1.196518922018468174e+03
4.900000000000000000e+02	1.231779576685597931e+03
4.910000000000000000e+02	1.268257052863804802e+03
4.920000000000000000e+02	1.307038637904307279e+03
4.930000000000000000e+02	1.351473274423797648e+03
4.940000000000000000e+02	1.411127937259191867e+03
4.950000000000000000e+02	1.511243957509571374e+03
4.960000000000000000e+02	1.713147315764340874e+03
4.970000000000000000e+02	2.153613149960395276e+03
4.980000000000000000e+02	3.111541672952489535e+03
4.990000000000000000e+02	5.103980207407900707e+03
5.000000000000000000e+02	8.995157536762733798e+03
5.010000000000000000e+02	1.607015804570833461e+04
5.020000000000000000e+02	2.798869533768247493e+04
5.030000000000000000e+02	4.651990998332238814e+04
5.040000000000000000e+02	7.300160873102890037e+04
5.050000000000000000e+02	1.075875705383506138e+05
5.060000000000000000e+02	1.485171335304976674e+05
5.070000000000000000e+02	1.917725356152168533e+05
5.080000000000000000e+02	2.314642585893772193e+05
5.090000000000000000e+02	2.610413256422395352e+05
5.100000000000000000e+02	2.750341901235801051e+05
5.110000000000000000e+02	2.707051841899774736e+05
5.120000000000000000e+02	2.489249216195421468e+05
5.130000000000000000e+02	2.138903502020086162e+05
5.140000000000000000e+02	1.718095013417222945e+05
5.150000000000000000e+02	1.291175629131192400e+05
5.160000000000000000e+02	9.092345599196010153e+04
5.170000000000000000e+02	6.017755407118792209e+04
5.180000000000000000e+02	3.766173106316829944e+04
5.190000000000000000e+02	2.256377041588413704e+04
5.200000000000000000e+02	1.325814079392838903e+04
5.210000000000000000e+02	7.977068483818143250e+03
5.220000000000000000e+02	5.220083933477777464e+03
5.230000000000000000e+02	3.904544568119282758e+03
5.240000000000000000e+02	3.342925331002163603e+03
5.250000000000000000e+02	3.144013286417178278e+03
5.260000000000000000e+02	3.106223169804161898e+03
5.270000000000000000e+02	3.134842190684058096e+03
5.280000000000000000e+02	3.189100447150726723e+03
5.290000000000000000e+02	3.252861360809176404e+03
5.300000000000000000e+02	3.320234033572052340e+03
5.310000000000000000e+02	3.389227082040380992e+03
5.320000000000000000e+02	3.459211708598236328e+03
5.330000000000000000e+02	3.529997146205119861e+03
5.340000000000000000e+02	3.601522179790007158e+03
5.350000000000000000e+02	3.673760616716772347e+03
5.360000000000000000e+02	3.746694615778832031e+03
5.370000000000000000e+02	3.820307744547549646e+03
5.380000000000000000e+02	3.894583309001614907e+03
5.390000000000000000e+02	3.969503981485333952e+03
5.400000000000000000e+02	4.045051724145298067e+03
5.410000000000000000e+02	4.121207774979061469e+03
5.420000000000000000e+02	4.197952646652598560e+03
5.430000000000000000e+02	4.275266128243359162e+03
5.440000000000000000e+02	4.353127288119328114e+03
5.450000000000000000e+02	4.431514477660176453e+03
5.460000000000000000e+02	4.510405335782710608e+03
5.470000000000000000e+02	4.589776794272638654e+03
5.480000000000000000e+02	4.669605083929742250e+03
5.490000000000000000e+02	4.749865741533311848e+03
5.500000000000000000e+02	4.830533617633791437e+03
5.510000000000000000e+02	4.911582885175515003e+03
5.520000000000000000e+02	4.992987048954297279e+03
5.530000000000000000e+02	5.074718955912575439e+03
5.540000000000000000e+02	5.156750806273585113e+03
5.550000000000000000e+02	5.239054165514939086e+03
5.560000000000000000e+02	5.321599977180781934e+03
5.570000000000000000e+02	5.404358576530467872e+03
5.580000000000000000e+02	5.487299705020495821e+03
5.590000000000000000e+02	5.570392525615233353e+03
5.600000000000000000e+02	5.653605638920676938e+03
5.610000000000000000e+02	5.736907100134220855e+03
5.620000000000000000e+02	5.820264436802243836e+03
5.630000000000000000e+02	5.903644667375891913e+03
5.640000000000000000e+02	5.987014320554332699e+03
5.650000000000000000e+02	6.070339455403335705e+03
5.660000000000000000e+02	6.153585682235869172e+03
5.670000000000000000e+02	6.236718184240047776e+03
5.680000000000000000e+02	6.319701739838574213e+03
5.690000000000000000e+02	6.402500745762495171e+03
5.700000000000000000e+02	6.485079240820902669e+03
5.710000000000000000e+02	6.567400930346924724e+03
5.720000000000000000e+02	6.649429211299187955e+03
5.730000000000000000e+02	6.731127197996683208e+03
5.740000000000000000e+02	6.812457748463813914e+03
5.750000000000000000e+02	6.893383491361248161e+03
5.760000000000000000e+02	6.973866853477054974e+03
5.770000000000000000e+02	7.053870087751493884e+03
5.780000000000000000e+02	7.133355301807785509e+03
5.790000000000000000e+02	7.212284486960101276e+03
5.800000000000000000e+02	7.290619547669025451e+03
5.810000000000000000e+02	7.368322331413799475e+03
5.820000000000000000e+02	7.445354658949647273e+03
5.830000000000000000e+02	7.521678354917681645e+03
5.840000000000000000e+02	7.597255278773969621e+03
5.850000000000000000e+02	7.672047356003564346e+03
5.860000000000000000e+02	7.746016609584554317e+03
5.870000000000000000e+02	7.819125191666457795e+03
5.880000000000000000e+02	7.891335415426635336e+03
5.890000000000000000e+02	7.962609787067800426e+03
5.900000000000000000e+02	8.032911037919145201e+03
5.910000000000000000e+02	8.102202156603095318e+03
5.920000000000000000e+02	8.170446421229289626e+03
5.930000000000000000e+02	8.237607431576976524e+03
5.940000000000000000e+02	8.303649141226705979e+03
5.950000000000000000e+02	8.368535889601942472e+03
5.960000000000000000e+02	8.432232433881010365e+03
5.970000000000000000e+02	8.494703980739643157e+03
5.980000000000000000e+02	8.555916217884361686e+03
5.990000000000000000e+02	8.615835345336849059e+03
6.000000000000000000e+02	8.674428106429595573e+03
6.010000000000000000e+02	8.731661818473137828e+03
6.020000000000000000e+02	8.787504403055500006e+03
6.030000000000000000e+02	8.841924415934558056e+03
6.040000000000000000e+02	8.894891076484496807e+03
6.050000000000000000e+02	8.946374296657799277e+03
6.060000000000000000e+02	8.996344709424736720e+03
6.070000000000000000e+02	9.044773696652729996e+03
6.080000000000000000e+02	9.091633416388665864e+03
6.090000000000000000e+02	9.136896829507732036e+03
6.100000000000000000e+02	9.180537725693138782e+03
6.110000000000000000e+02	9.222530748711797060e+03
6.120000000000000000e+02	9.262851420951896216e+03
6.130000000000000000e+02	9.301476167189084663e+03
6.140000000000000000e+02	9.338382337549059230e+03
6.150000000000000000e+02	9.373548229635178359e+03
6.160000000000000000e+02	9.406953109790936651e+03
6.170000000000000000e+02	9.438577233468053237e+03
6.180000000000000000e+02	9.468401864672250667e+03
6.190000000000000000e+02	9.496409294459881494e+03
6.200000000000000000e+02	9.522582858459831186e+03
6.210000000000000000e+02	9.546906953396462995e+03
6.220000000000000000e+02	9.569367052590647290e+03
6.230000000000000000e+02	9.589949720417336721e+03
6.240000000000000000e+02	9.608642625699529162e+03
6.250000000000000000e+02	9.625434554019935604e+03
6.260000000000000000e+02	9.640315418933148976e+03
6.270000000000000000e+02	9.653276272062603311e+03
6.280000000000000000e+02	9.664309312068209692e+03
6.290000000000000000e+02	9.673407892472041567e+03
6.300000000000000000e+02	9.680566528331122754e+03
6.310000000000000000e+02	9.685780901747903044e+03
6.320000000000000000e+02	9.689047866210708889e+03
6.330000000000000000e+02	9.690365449758031900e+03
6.340000000000000000e+02	9.689732856962204096e+03
6.350000000000000000e+02	9.687150469729684119e+03
6.360000000000000000e+02	9.682619846916815732e+03
6.370000000000000000e+02	9.676143722761584286e+03
6.380000000000000000e+02	9.667726004133612150e+03
6.390000000000000000e+02	9.657371766606249366e+03
6.400000000000000000e+02	9.645087249356269240e+03
6.410000000000000000e+02	9.630879848898375712e+03
6.420000000000000000e+02	9.614758111663313684e+03
6.430000000000000000e+02	9.596731725430003280e+03
6.440000000000000000e+02	9.576811509623745224e+03
6.450000000000000000e+02	9.555009404494057890e+03
6.460000000000000000e+02	9.531338459187345507e+03
6.470000000000000000e+02	9.505812818731048537e+03
6.480000000000000000e+02	9.478447709947453404e+03
6.490000000000000000e+02	9.449259426316795725e+03
6.500000000000000000e+02	9.418265311810746425e+03
6.510000000000000000e+02	9.385483743718694313e+03
6.520000000000000000e+02	9.350934114490653883e+03
6.530000000000000000e+02	9.314636812621907666e+03
6.540000000000000000e+02	9.276613202605747574e+03
6.550000000000000000e+02	9.236885603981905660e+03
6.560000000000000000e+02	9.195477269509434336e+03
6.570000000000000000e+02	9.152412362493903856e+03
6.580000000000000000e+02	9.107715933299859898e+03
6.590000000000000000e+02	9.061413895080460861e+03
6.600000000000000000e+02	9.013532998757245878e+03
6.610000000000000000e+02	8.964100807283759423e+03
6.620000000000000000e+02	8.913145669227724284e+03
6.630000000000000000e+02	8.860696691707151331e+03
6.640000000000000000e+02	8.806783712716493028e+03
6.650000000000000000e+02	8.751437272879655211e+03
6.660000000000000000e+02	8.694688586667241907e+03
6.670000000000000000e+02	8.636569513115891823e+03
6.680000000000000000e+02	8.577112526088130835e+03
6.690000000000000000e+02	8.516350684111479495e+03
6.700000000000000000e+02	8.454317599835912915e+03
6.710000000000000000e+02	8.391047409149068699e+03
6.720000000000000000e+02	8.326574739988762303e+03
6.730000000000000000e+02	8.260934680892543838e+03
6.740000000000000000e+02	8.194162749324088509e+03
6.750000000000000000e+02	8.126294859816217468e+03
6.760000000000000000e+02	8.057367291970311271e+03
6.770000000000000000e+02	7.987416658351770820e+03
6.780000000000000000e+02	7.916479872320950562e+03
6.790000000000000000e+02	7.844594115838810467e+03
6.800000000000000000e+02	7.771796807286203148e+03
6.810000000000000000e+02	7.698125569335340515e+03
6.820000000000000000e+02	7.623618196911594168e+03
6.830000000000000000e+02	7.548312625283279885e+03
6.840000000000000000e+02	7.472246898316563602e+03
6.850000000000000000e+02	7.395459136932020556e+03
6.860000000000000000e+02	7.317987507798764454e+03
6.870000000000000000e+02	7.239870192301345014e+03
6.880000000000000000e+02	7.161145355813891911e+03
6.890000000000000000e+02	7.081851117315177362e+03
6.900000000000000000e+02	7.002025519377470118e+03
6.910000000000000000e+02	6.921706498561113222e+03
6.920000000000000000e+02	6.840931856245917515e+03
6.930000000000000000e+02	6.759739229929437897e+03
6.940000000000000000e+02	6.678166065021242503e+03
6.950000000000000000e+02	6.596249587161231830e+03
6.960000000000000000e+02	6.514026775089021612e+03
6.970000000000000000e+02	6.431534334090280936e+03
6.980000000000000000e+02	6.348808670044835708e+03
6.990000000000000000e+02	6.265885864100132494e+03
7.000000000000000000e+02	6.182801647992577273e+03
7.010000000000000000e+02	6.099591380037980343e+03
7.020000000000000000e+02	6.016290021811175393e+03
7.030000000000000000e+02	5.932932115533655633e+03
7.040000000000000000e+02	5.849551762186803899e+03
7.050000000000000000e+02	5.766182600367047598e+03
7.060000000000000000e+02	5.682857785898022485e+03
7.070000000000000000e+02	5.599609972213543188e+03
7.080000000000000000e+02	5.516471291523903346e+03
7.090000000000000000e+02	5.433473336776774886e+03
7.100000000000000000e+02	5.350647144422666315e+03
7.110000000000000000e+02	5.268023177993673926e+03
7.120000000000000000e+02	5.185631312502941000e+03
7.130000000000000000e+02	5.103500819671023237e+03
7.140000000000000000e+02	5.021660353984081667e+03
7.150000000000000000e+02	4.940137939587601977e+03
7.160000000000000000e+02	4.858960958018099518e+03
7.170000000000000000e+02	4.778156136774067818e+03
7.180000000000000000e+02	4.697749538726236096e+03
7.190000000000000000e+02	4.617766552366022552e+03
7.200000000000000000e+02	4.538231882889917870e+03
7.210000000000000000e+02	4.459169544116415636e+03
7.220000000000000000e+02	4.380602851230981287e+03
7.230000000000000000e+02	4.302554414353482571e+03
7.240000000000000000e+02	4.225046132921468597e+03
7.250000000000000000e+02	4.148099190881623144e+03
7.260000000000000000e+02	4.071734052680765672e+03
7.270000000000000000e+02	3.995970460046778044e+03
7.280000000000000000e+02	3.920827429548946384e+03
7.290000000000000000e+02	3.846323250926262062e+03
7.300000000000000000e+02	3.772475486171415014e+03
7.310000000000000000e+02	3.699300969357349459e+03
7.320000000000000000e+02	3.626815807192494958e+03
7.330000000000000000e+02	3.555035380290006742e+03
7.340000000000000000e+02	3.483974345135659860e+03
7.350000000000000000e+02	3.413646636738350935e+03
7.360000000000000000e+02	3.344065471946532398e+03
7.370000000000000000e+02	3.275243353413301975e+03
7.380000000000000000e+02	3.207192074192329528e+03
7.390000000000000000e+02	3.139922722946249905e+03
7.400000000000000000e+02	3.073445689748715722e+03
7.410000000000000000e+02	3.007770672460831975e+03
7.420000000000000000e+02	2.942906683662324212e+03
7.430000000000000000e+02	2.878862058117384095e+03
7.440000000000000000e+02	2.815644460754905140e+03
7.450000000000000000e+02	2.753260895142427671e+03
7.460000000000000000e+02	2.691717712432978260e+03
7.470000000000000000e+02	2.631020620763707939e+03
7.480000000000000000e+02	2.571174695085113399e+03
7.490000000000000000e+02	2.512184387399481238e+03
7.500000000000000000e+02	2.454053537387104825e+03
7.510000000000000000e+02	2.396785383398769682e+03
7.520000000000000000e+02	2.340382573792999210e+03
7.530000000000000000e+02	2.284847178596535741e+03
7.540000000000000000e+02	2.230180701466621031e+03
7.550000000000000000e+02	2.176384091933685795e+03
7.560000000000000000e+02	2.123457757903209767e+03
7.570000000000000000e+02	2.071401578395619708e+03
7.580000000000000000e+02	2.020214916503306313e+03
7.590000000000000000e+02	1.969896632544013528e+03
7.600000000000000000e+02	1.920445097390121418e+03
7.610000000000000000e+02	1.871858205953557217e+03
7.620000000000000000e+02	1.824133390806410262e+03
7.630000000000000000e+02	1.777267635917586858e+03
7.640000000000000000e+02	1.731257490486202187e+03
7.650000000000000000e+02	1.686099082852764923e+03
7.660000000000000000e+02	1.641788134469559509e+03
7.670000000000000000e+02	1.598319973912063233e+03
7.680000000000000000e+02	1.555689550913626135e+03
7.690000000000000000e+02	1.513891450406084004e+03
7.700000000000000000e+02	1.472919906549414918e+03
7.710000000000000000e+02	1.432768816734032271e+03
7.720000000000000000e+02	1.393431755539764708e+03
7.730000000000000000e+02	1.354901988636070882e+03
7.740000000000000000e+02	1.317172486608542613e+03
7.750000000000000000e+02	1.280235938697255733e+03
7.760000000000000000e+02	1.244084766433050163e+03
7.770000000000000000e+02	1.208711137158349629e+03
7.780000000000000000e+02	1.174106977419659643e+03
7.790000000000000000e+02	1.140263986219433946e+03
7.800000000000000000e+02	1.107173648115536935e+03
7.810000000000000000e+02	1.074827246157072523e+03
7.820000000000000000e+02	1.043215874645903114e+03
7.830000000000000000e+02	1.012330451713746811e+03
7.840000000000000000e+02	9.821617317052622411e+02
7.850000000000000000e+02	9.527003173581093733e+02
7.860000000000000000e+02	9.239366717715041659e+02
7.870000000000000000e+02	8.958611301553384010e+02
7.880000000000000000e+02	8.684639113524755203e+02
7.890000000000000000e+02	8.417351291273705556e+02
7.900000000000000000e+02	8.156648032146907781e+02
7.910000000000000000e+02	7.902428701221448364e+02
7.920000000000000000e+02	7.654591936822447451e+02
7.930000000000000000e+02	7.413035753482308792e+02
7.940000000000000000e+02	7.177657642299006966e+02
7.950000000000000000e+02	6.948354668655732667e+02
7.960000000000000000e+02	6.725023567268996203e+02
7.970000000000000000e+02	6.507560834537172241e+02
7.980000000000000000e+02	6.295862818165919634e+02
7.990000000000000000e+02	6.089825804051620253e+02
8.000000000000000000e+02	5.889346100408253051e+02
8.010000000000000000e+02	5.694320119127492035e+02
8.020000000000000000e+02	5.504644454365925412e+02
8.030000000000000000e+02	5.320215958357400723e+02
8.040000000000000000e+02	5.140931814452334265e+02
8.050000000000000000e+02	4.966689607389676553e+02
8.060000000000000000e+02	4.797387390810794727e+02
8.070000000000000000e+02	4.632923752028112290e+02
8.080000000000000000e+02	4.473197874064657071e+02
8.090000000000000000e+02	4.318109594983936290e+02
8.100000000000000000e+02	4.167559464532606057e+02
8.110000000000000000e+02	4.021448798121396635e+02
8.120000000000000000e+02	3.879679728172517912e+02
8.130000000000000000e+02	3.742155252864450858e+02
8.140000000000000000e+02	3.608779282307554581e+02
8.150000000000000000e+02	3.479456682186288390e+02
8.160000000000000000e+02	3.354093314906092473e+02
8.170000000000000000e+02	3.232596078285070007e+02
8.180000000000000000e+02	3.114872941832574043e+02
8.190000000000000000e+02	3.000832980658636870e+02
8.200000000000000000e+02	2.890386407059843350e+02
8.210000000000000000e+02	2.783444599828833361e+02
8.220000000000000000e+02	2.679920131336040185e+02
8.230000000000000000e+02	2.579726792433543778e+02
8.240000000000000000e+02	2.482779615232107346e+02
8.250000000000000000e+02	2.388994893803520938e+02
8.260000000000000000e+02	2.298290202861277010e+02
8.270000000000000000e+02	2.210584414473412664e+02
8.280000000000000000e+02	2.125797712862061815e+02
8.290000000000000000e+02	2.043851607344822412e+02
8.300000000000000000e+02	1.964668943473517686e+02
8.310000000000000000e+02	1.888173912426300376e+02
8.320000000000000000e+02	1.814292058709287403e+02
8.330000000000000000e+02	1.742950286224127012e+02
8.340000000000000000e+02	1.674076862757890183e+02
8.350000000000000000e+02	1.607601422951750578e+02
8.360000000000000000e+02	1.543454969804685959e+02
8.370000000000000000e+02	1.481569874768377701e+02
8.380000000000000000e+02	1.421879876489068408e+02
8.390000000000000000e+02	1.364320078251899133e+02
8.400000000000000000e+02	1.308826944182725640e+02
8.410000000000000000e+02	1.255338294262001142e+02
8.420000000000000000e+02	1.203793298204679303e+02
8.430000000000000000e+02	1.154132468259499973e+02
8.440000000000000000e+02	1.106297650980339995e+02
8.450000000000000000e+02	1.060232018021552989e+02
8.460000000000000000e+02	1.015880056008436441e+02
8.470000000000000000e+02	9.731875555331471617e+01
8.480000000000000000e+02	9.321015993254579257e+01
8.490000000000000000e+02	8.925705496468729905e+01
8.500000000000000000e+02	8.545440349556263016e+01
8.510000000000000000e+02	8.179729358890966751e+01
8.520000000000000000e+02	7.828093706091479476e+01
8.530000000000000000e+02	7.490066795548524681e+01
8.540000000000000000e+02	7.165194096459578077e+01
8.550000000000000000e+02	6.853032979793772483e+01
8.560000000000000000e+02	6.553152550598343851e+01
8.570000000000000000e+02	6.265133476046819538e+01
8.580000000000000000e+02	5.988567809617394744e+01
8.590000000000000000e+02	5.723058811778480504e+01
8.600000000000000000e+02	5.468220767546547734e+01
8.610000000000000000e+02	5.223678801269748107e+01
8.620000000000000000e+02	4.989068688978876764e+01
8.630000000000000000e+02	4.764036668635468175e+01
8.640000000000000000e+02	4.548239248594969553e+01
8.650000000000000000e+02	4.341343014591198823e+01
8.660000000000000000e+02	4.143024435536450767e+01
8.670000000000000000e+02	3.952969668420065119e+01
8.680000000000000000e+02	3.770874362576560657e+01
8.690000000000000000e+02	3.596443463583009503e+01
8.700000000000000000e+02	3.429391017033967159e+01
8.710000000000000000e+02	3.269439972430987495e+01
8.720000000000000000e+02	3.116321987412618100e+01
8.730000000000000000e+02	2.969777232539988532e+01
8.740000000000000000e+02	2.829554196842113001e+01
8.750000000000000000e+02	2.695409494314648313e+01
8.760000000000000000e+02	2.567107671555269022e+01
8.770000000000000000e+02	2.444421016708776762e+01
8.780000000000000000e+02	2.327129369884981358e+01
8.790000000000000000e+02	2.215019935202655432e+01
8.800000000000000000e+02	2.107887094603274036e+01
8.810000000000000000e+02	2.005532223569044703e+01
8.820000000000000000e+02	1.907763508870509739e+01
8.830000000000000000e+02	1.814395768460275349e+01
8.840000000000000000e+02	1.725250273620765995e+01
8.850000000000000000e+02	1.640154573465586196e+01
8.860000000000000000e+02	1.558942321885970728e+01
8.870000000000000000e+02	1.481453107025937221e+01
8.880000000000000000e+02	1.407532283362185055e+01
8.890000000000000000e+02	1.337030806457479315e+01
8.900000000000000000e+02	1.269805070449096007e+01
8.910000000000000000e+02	1.205716748327177434e+01
8.920000000000000000e+02	1.144632635051194569e+01
8.930000000000000000e+02	1.086424493546475745e+01
8.940000000000000000e+02	1.030968903616596677e+01
8.950000000000000000e+02	9.781471138017291622e+00
8.960000000000000000e+02	9.278448962073666095e+00
8.970000000000000000e+02	8.799524043226153225e+00
8.980000000000000000e+02	8.343640338420815539e+00
8.990000000000000000e+02	7.909782865006034669e+00
9.000000000000000000e+02	7.496976369254324091e+00
9.010000000000000000e+02	7.104284025060868757e+00
9.020000000000000000e+02	6.730806162780011981e+00
9.030000000000000000e+02	6.375679028120748271e+00
9.040000000000000000e+02	6.038073570986182581e+00
9.050000000000000000e+02	5.717194264105929236e+00
9.060000000000000000e+02	5.412277951278358756e+00
9.070000000000000000e+02	5.122592725008069614e+00
9.080000000000000000e+02	4.847436833295377667e+00
9.090000000000000000e+02	4.586137615307593229e+00
9.100000000000000000e+02	4.338050465636478670e+00
9.110000000000000000e+02	4.102557826823320930e+00
9.120000000000000000e+02	3.879068209811005197e+00
9.130000000000000000e+02	3.667015241963138106e+00
9.140000000000000000e+02	3.465856742271444801e+00
9.150000000000000000e+02	3.275073823356527747e+00
9.160000000000000000e+02	3.094170019851510745e+00
9.170000000000000000e+02	2.922670442744747632e+00
9.180000000000000000e+02	2.760120959245301542e+00
9.190000000000000000e+02	2.606087397724094146e+00
9.200000000000000000e+02	2.460154777274111471e+00
9.210000000000000000e+02	2.321926561424441982e+00
9.220000000000000000e+02	2.191023935536116962e+00
9.230000000000000000e+02	2.067085107401410493e+00
9.240000000000000000e+02	1.949764630563439960e+00
9.250000000000000000e+02	1.838732749869082417e+00
9.260000000000000000e+02	1.733674768765112839e+00
9.270000000000000000e+02	1.634290437845681510e+00
9.280000000000000000e+02	1.540293364157968803e+00
9.290000000000000000e+02	1.451410440772760158e+00
9.300000000000000000e+02	1.367381296126983781e+00
9.310000000000000000e+02	1.287957762646742221e+00
9.320000000000000000e+02	1.212903364161127984e+00
9.330000000000000000e+02	1.141992821619808529e+00
9.340000000000000000e+02	1.075011576630600096e+00
9.350000000000000000e+02	1.011755332336947921e+00
9.360000000000000000e+02	9.520296111596368016e-01
9.370000000000000000e+02	8.956493289317731810e-01
9.380000000000000000e+02	8.424383849614297537e-01
9.390000000000000000e+02	7.922292675619287960e-01
9.400000000000000000e+02	7.448626745958568662e-01
9.410000000000000000e+02	7.001871485852988464e-01
9.420000000000000000e+02	6.580587259474967032e-01
9.430000000000000000e+02	6.183405999221674998e-01
9.440000000000000000e+02	5.809027967639636136e-01
9.450000000000000000e+02	5.456218647810973099e-01
9.460000000000000000e+02	5.123805758088054718e-01
9.470000000000000000e+02	4.810676387142723276e-01
9.480000000000000000e+02	4.515774245376027451e-01
9.490000000000000000e+02	4.238097028816328882e-01
9.500000000000000000e+02	3.976693891716477358e-01
9.510000000000000000e+02	3.730663024143786033e-01
9.520000000000000000e+02	3.499149330941420666e-01
9.530000000000000000e+02	3.281342208523866932e-01
9.540000000000000000e+02	3.076473416054665844e-01
9.550000000000000000e+02	2.883815037639220757e-01
9.560000000000000000e+02	2.702677532250933323e-01
9.570000000000000000e+02	2.532407868193611855e-01
9.580000000000000000e+02	2.372387738987755401e-01
9.590000000000000000e+02	2.222031857652365661e-01
9.600000000000000000e+02	2.080786326437632505e-01
9.610000000000000000e+02	1.948127079146637630e-01
9.620000000000000000e+02	1.823558393266326016e-01
9.630000000000000000e+02	1.706611469209367848e-01
9.640000000000000000e+02	1.596843074048615863e-01
9.650000000000000000e+02	1.493834247205278465e-01
9.660000000000000000e+02	1.397189065630023430e-01
9.670000000000000000e+02	1.306533466093063034e-01
9.680000000000000000e+02	1.221514122275191988e-01
9.690000000000000000e+02	1.141797374425986278e-01
9.700000000000000000e+02	1.067068209428598674e-01
9.710000000000000000e+02	9.970292891822152281e-02
9.720000000000000000e+02	9.314000252835849536e-02
9.730000000000000000e+02	8.699156980578780229e-02
9.740000000000000000e+02	8.123266180564750472e-02
9.750000000000000000e+02	7.583973282052627884e-02
9.760000000000000000e+02	7.079058448512745572e-02
9.770000000000000000e+02	6.606429360184945532e-02
9.780000000000000000e+02	6.164114352448658851e-02
9.790000000000000000e+02	5.750255894323990508e-02
9.800000000000000000e+02	5.363104392004769405e-02
9.810000000000000000e+02	5.001012302891802430e-02
9.820000000000000000e+02	4.662428546146370895e-02
9.830000000000000000e+02	4.345893196319933205e-02
9.840000000000000000e+02	4.050032447137758701e-02
9.850000000000000000e+02	3.773553833019915871e-02
9.860000000000000000e+02	3.515241696414351386e-02
9.870000000000000000e+02	3.273952889493047386e-02
9.880000000000000000e+02	3.048612699223897729e-02
9.890000000000000000e+02	2.838210985278543166e-02
9.900000000000000000e+02	2.641798520668774825e-02
9.910000000000000000e+02	2.458483525423928173e-02
9.920000000000000000e+02	2.287428384026180678e-02
9.930000000000000000e+02	2.127846537712942826e-02
9.940000000000000000e+02	1.978999543133416403e-02
9.950000000000000000e+02	1.840194289212259901e-02
9.960000000000000000e+02	1.710780364425372457e-02
9.970000000000000000e+02	1.590147567033383183e-02
9.980000000000000000e+02	1.477723551145965035e-02
9.990000000000000000e+02	1.372971601806286662e-02
1.000000000000000000e+03	1.275388532589091274e-02
