4.410000000000000000e+02	9.792133175463778372e+00
4.420000000000000000e+02	1.039354019929317552e+01
4.430000000000000000e+02	1.102913263865502635e+01
4.440000000000000000e+02	1.170067428675156052e+01
4.450000000000000000e+02	1.241000884728235931e+01
4.460000000000000000e+02	1.315906290497069797e+01
4.470000000000000000e+02	1.394984897009453562e+01
4.480000000000000000e+02	1.478446859681551118e+01
4.490000000000000000e+02	1.566511557495504015e+01
4.500000000000000000e+02	1.659407919471276571e+01
4.510000000000000000e+02	1.757374758366156087e+01
4.520000000000000000e+02	1.860661111518376742e+01
4.530000000000000000e+02	1.969526588733489092e+01
4.540000000000000000e+02	2.084241727093516516e+01
4.550000000000000000e+02	2.205088352549342545e+01
4.560000000000000000e+02	2.332359948136530647e+01
4.570000000000000000e+02	2.466362028633405501e+01
4.580000000000000000e+02	2.607412521458307708e+01
4.590000000000000000e+02	2.755842153579772713e+01
4.600000000000000000e+02	2.911994844189783294e+01
4.610000000000000000e+02	3.076228102865415437e+01
4.620000000000000000e+02	3.248913432918721611e+01
4.630000000000000000e+02	3.430436739608439467e+01
4.640000000000000000e+02	3.621198742859723296e+01
4.650000000000000000e+02	3.821615394110354202e+01
4.660000000000000000e+02	4.032118296872946672e+01
4.670000000000000000e+02	4.253155130573136233e+01
4.680000000000000000e+02	4.485190077193594504e+01
4.690000000000000000e+02	4.728704250222511263e+01
4.700000000000000000e+02	4.984196125373738084e+01
4.710000000000000000e+02	5.252181972513245967e+01
4.720000000000000000e+02	5.533196288193844481e+01
4.730000000000000000e+02	5.827792228166425303e+01
4.740000000000000000e+02	6.136542039202246457e+01
4.750000000000000000e+02	6.460037489525956289e+01
4.760000000000000000e+02	6.798890297124562210e+01
4.770000000000000000e+02	7.153732555162106621e+01
4.780000000000000000e+02	7.525217153694373451e+01
4.790000000000000000e+02	7.914018196843015573e+01
4.800000000000000000e+02	8.320831414558213623e+01
4.810000000000000000e+02	8.746374568109260395e+01
4.820000000000000000e+02	9.191387848750170519e+01
4.830000000000000000e+02	9.656634271324807628e+01
4.840000000000000000e+02	1.014290007940642226e+02
4.850000000000000000e+02	1.065099526496445321e+02
4.860000000000000000e+02	1.118175476754014284e+02
4.870000000000000000e+02	1.173604318461496092e+02
4.880000000000000000e+02	1.231477601134577071e+02
4.890000000000000000e+02	1.291901225470512031e+02
4.900000000000000000e+02	1.355032969628184389e+02
4.910000000000000000e+02	1.421222474735621120e+02
4.920000000000000000e+02	1.491490274069071233e+02
4.930000000000000000e+02	1.569027197508199265e+02
4.940000000000000000e+02	1.663472831191427304e+02
4.950000000000000000e+02	1.801995627660731998e+02
4.960000000000000000e+02	2.055176084019933000e+02
4.970000000000000000e+02	2.591055063770371021e+02
4.980000000000000000e+02	3.774586605614013024e+02
4.990000000000000000e+02	6.324862645380492268e+02
5.000000000000000000e+02	1.151754851007283605e+03
5.010000000000000000e+02	2.136613660047528356e+03
5.020000000000000000e+02	3.864102559548652152e+03
5.030000000000000000e+02	6.653096200124939060e+03
5.040000000000000000e+02	1.077889598227034912e+04
5.050000000000000000e+02	1.633977171835037552e+04
5.060000000000000000e+02	2.311195606440433403e+04
5.070000000000000000e+02	3.046089758192597583e+04
5.080000000000000000e+02	3.738130277341187320e+04
5.090000000000000000e+02	4.269867963836257695e+04
5.100000000000000000e+02	4.538906990975328517e+04
5.110000000000000000e+02	4.490054179358023976e+04
5.120000000000000000e+02	4.133852841235150845e+04
5.130000000000000000e+02	3.542986047733367013e+04
5.140000000000000000e+02	2.828227902258692120e+04
5.150000000000000000e+02	2.104830715969076482e+04
5.160000000000000000e+02	1.463248926111541550e+04
5.170000000000000000e+02	9.539204022458628970e+03
5.180000000000000000e+02	5.878809150140043130e+03
5.190000000000000000e+02	3.482142528034798488e+03
5.200000000000000000e+02	2.048023289408038181e+03
5.210000000000000000e+02	1.264020087161437687e+03
5.220000000000000000e+02	8.750237456881832259e+02
5.230000000000000000e+02	7.038929007950411005e+02
5.240000000000000000e+02	6.425781169176899539e+02
5.250000000000000000e+02	6.321943193599809092e+02
5.260000000000000000e+02	6.437786544361759979e+02
5.270000000000000000e+02	6.643924032751273216e+02
5.280000000000000000e+02	6.887656555995206418e+02
5.290000000000000000e+02	7.149398454362941493e+02
5.300000000000000000e+02	7.422547151491177146e+02
5.310000000000000000e+02	7.705143269621316904e+02
5.320000000000000000e+02	7.996747247390262601e+02
5.330000000000000000e+02	8.297376016894531858e+02
5.340000000000000000e+02	8.607172552687392226e+02
5.350000000000000000e+02	8.926311768912872822e+02
5.360000000000000000e+02	9.254975823868019233e+02
5.370000000000000000e+02	9.593348045616768331e+02
5.380000000000000000e+02	9.941611430733025827e+02
5.390000000000000000e+02	1.029994817017294508e+03
5.400000000000000000e+02	1.066853938318707606e+03
5.410000000000000000e+02	1.104756488579862889e+03
5.420000000000000000e+02	1.143720296016318798e+03
5.430000000000000000e+02	1.183763011887750281e+03
5.440000000000000000e+02	1.224902086337548099e+03
5.450000000000000000e+02	1.267154743641210644e+03
5.460000000000000000e+02	1.310537956878294608e+03
5.470000000000000000e+02	1.355068422046150317e+03
5.480000000000000000e+02	1.400762531635554978e+03
5.490000000000000000e+02	1.447636347690022376e+03
5.500000000000000000e+02	1.495705574372246701e+03
5.510000000000000000e+02	1.544985530062781208e+03
5.520000000000000000e+02	1.595491119017766323e+03
5.530000000000000000e+02	1.647236802614145518e+03
5.540000000000000000e+02	1.700236570212532570e+03
5.550000000000000000e+02	1.754503909669516588e+03
5.560000000000000000e+02	1.810051777532887400e+03
5.570000000000000000e+02	1.866892568954871194e+03
5.580000000000000000e+02	1.925038087360117288e+03
5.590000000000000000e+02	1.984499513906771426e+03
5.600000000000000000e+02	2.045287376780542445e+03
5.610000000000000000e+02	2.107411520363212730e+03
5.620000000000000000e+02	2.170881074318559968e+03
5.630000000000000000e+02	2.235704422640117627e+03
5.640000000000000000e+02	2.301889172706627960e+03
5.650000000000000000e+02	2.369442124392404821e+03
5.660000000000000000e+02	2.438369239281161299e+03
5.670000000000000000e+02	2.508675610033097655e+03
5.680000000000000000e+02	2.580365429956255866e+03
5.690000000000000000e+02	2.653441962834259357e+03
5.700000000000000000e+02	2.727907513063632450e+03
5.710000000000000000e+02	2.803763396154855855e+03
5.720000000000000000e+02	2.881009909652219903e+03
5.730000000000000000e+02	2.959646304528333530e+03
5.740000000000000000e+02	3.039670757109899569e+03
5.750000000000000000e+02	3.121080341591954493e+03
5.760000000000000000e+02	3.203871003198324615e+03
5.770000000000000000e+02	3.288037532046463639e+03
5.780000000000000000e+02	3.373573537775159366e+03
5.790000000000000000e+02	3.460471424993816072e+03
5.800000000000000000e+02	3.548722369612090915e+03
5.810000000000000000e+02	3.638316296108666393e+03
5.820000000000000000e+02	3.729241855797797598e+03
5.830000000000000000e+02	3.821486406152002019e+03
5.840000000000000000e+02	3.915035991238877614e+03
5.850000000000000000e+02	4.009875323329528783e+03
5.860000000000000000e+02	4.105987765735428184e+03
5.870000000000000000e+02	4.203355316929786568e+03
5.880000000000000000e+02	4.301958596008578752e+03
5.890000000000000000e+02	4.401776829545329747e+03
5.900000000000000000e+02	4.502787839892648662e+03
5.910000000000000000e+02	4.604968034982115569e+03
5.920000000000000000e+02	4.708292399672731335e+03
5.930000000000000000e+02	4.812734488696564767e+03
5.940000000000000000e+02	4.918266421248495135e+03
5.950000000000000000e+02	5.024858877265138290e+03
5.960000000000000000e+02	5.132481095436030046e+03
5.970000000000000000e+02	5.241100872988082301e+03
5.980000000000000000e+02	5.350684567282027274e+03
5.990000000000000000e+02	5.461197099257280570e+03
6.000000000000000000e+02	5.572601958759096306e+03
6.010000000000000000e+02	5.684861211779335463e+03
6.020000000000000000e+02	5.797935509639390148e+03
6.030000000000000000e+02	5.911784100141045201e+03
6.040000000000000000e+02	6.026364840708005431e+03
6.050000000000000000e+02	6.141634213537884534e+03
6.060000000000000000e+02	6.257547342781169391e+03
6.070000000000000000e+02	6.374058013760553877e+03
6.080000000000000000e+02	6.491118694240591140e+03
6.090000000000000000e+02	6.608680557754230904e+03
6.100000000000000000e+02	6.726693508989355905e+03
6.110000000000000000e+02	6.845106211234746297e+03
6.120000000000000000e+02	6.963866115881390215e+03
6.130000000000000000e+02	7.082919493971263364e+03
6.140000000000000000e+02	7.202211469782017957e+03
6.150000000000000000e+02	7.321686056432223268e+03
6.160000000000000000e+02	7.441286193487925630e+03
6.170000000000000000e+02	7.560953786547560412e+03
6.180000000000000000e+02	7.680629748778234898e+03
6.190000000000000000e+02	7.800254044372658427e+03
6.200000000000000000e+02	7.919765733892038952e+03
6.210000000000000000e+02	8.039103021456410715e+03
6.220000000000000000e+02	8.158203303740011506e+03
6.230000000000000000e+02	8.277003220725509891e+03
6.240000000000000000e+02	8.395438708167028381e+03
6.250000000000000000e+02	8.513445051708260507e+03
6.260000000000000000e+02	8.630956942598175374e+03
6.270000000000000000e+02	8.747908534943204359e+03
6.280000000000000000e+02	8.864233504431287656e+03
6.290000000000000000e+02	8.979865108459573094e+03
6.300000000000000000e+02	9.094736247594248198e+03
6.310000000000000000e+02	9.208779528287628636e+03
6.320000000000000000e+02	9.321927326774462927e+03
6.330000000000000000e+02	9.434111854066331944e+03
6.340000000000000000e+02	9.545265221960022245e+03
6.350000000000000000e+02	9.655319509973012828e+03
6.360000000000000000e+02	9.764206833116430062e+03
6.370000000000000000e+02	9.871859410413373553e+03
6.380000000000000000e+02	9.978209634068074593e+03
6.390000000000000000e+02	1.008319013918917517e+04
6.400000000000000000e+02	1.018673387396829821e+04
6.410000000000000000e+02	1.028877417021331166e+04
6.420000000000000000e+02	1.038924481413385547e+04
6.430000000000000000e+02	1.048808011727533449e+04
6.440000000000000000e+02	1.058521498749615603e+04
6.450000000000000000e+02	1.068058499988194308e+04
6.460000000000000000e+02	1.077412646748949555e+04
6.470000000000000000e+02	1.086577651181261899e+04
6.480000000000000000e+02	1.095547313286137251e+04
6.490000000000000000e+02	1.104315527874606232e+04
6.500000000000000000e+02	1.112876291465718896e+04
6.510000000000000000e+02	1.121223709113277073e+04
6.520000000000000000e+02	1.129352001150473552e+04
6.530000000000000000e+02	1.137255509841675848e+04
6.540000000000000000e+02	1.144928705930666365e+04
6.550000000000000000e+02	1.152366195074753523e+04
6.560000000000000000e+02	1.159562724154299758e+04
6.570000000000000000e+02	1.166513187447348173e+04
6.580000000000000000e+02	1.173212632659206429e+04
6.590000000000000000e+02	1.179656266797031822e+04
6.600000000000000000e+02	1.185839461879672672e+04
6.610000000000000000e+02	1.191757760473249618e+04
6.620000000000000000e+02	1.197406881043221074e+04
6.630000000000000000e+02	1.202782723113935026e+04
6.640000000000000000e+02	1.207881372226971507e+04
6.650000000000000000e+02	1.212699104689885462e+04
6.660000000000000000e+02	1.217232392107287160e+04
6.670000000000000000e+02	1.221477905686544182e+04
6.680000000000000000e+02	1.225432520310749896e+04
6.690000000000000000e+02	1.229093318371985515e+04
6.700000000000000000e+02	1.232457593358292615e+04
6.710000000000000000e+02	1.235522853188182671e+04
6.720000000000000000e+02	1.238286823286935214e+04
6.730000000000000000e+02	1.240747449399366087e+04
6.740000000000000000e+02	1.242902900134199444e+04
6.750000000000000000e+02	1.244751569235629722e+04
6.760000000000000000e+02	1.246292077578129829e+04
6.770000000000000000e+02	1.247523274881039470e+04
6.780000000000000000e+02	1.248444241139946644e+04
6.790000000000000000e+02	1.249054287772370662e+04
6.800000000000000000e+02	1.249352958475750347e+04
6.810000000000000000e+02	1.249340029796237286e+04
6.820000000000000000e+02	1.249015511407306258e+04
6.830000000000000000e+02	1.248379646097692057e+04
6.840000000000000000e+02	1.247432909468678372e+04
6.850000000000000000e+02	1.246176009341261670e+04
6.860000000000000000e+02	1.244609884874230374e+04
6.870000000000000000e+02	1.242735705394692013e+04
6.880000000000000000e+02	1.240554868943091788e+04
6.890000000000000000e+02	1.238069000535254236e+04
6.900000000000000000e+02	1.235279950144471877e+04
6.910000000000000000e+02	1.232189790407150576e+04
6.920000000000000000e+02	1.228800814055995033e+04
6.930000000000000000e+02	1.225115531085181829e+04
6.940000000000000000e+02	1.221136665652428564e+04
6.950000000000000000e+02	1.216867152723312029e+04
6.960000000000000000e+02	1.212310134463619033e+04
6.970000000000000000e+02	1.207468956385940510e+04
6.980000000000000000e+02	1.202347163257119792e+04
6.990000000000000000e+02	1.196948494773566927e+04
7.000000000000000000e+02	1.191276881011818114e+04
7.010000000000000000e+02	1.185336437662092067e+04
7.020000000000000000e+02	1.179131461052927261e+04
7.030000000000000000e+02	1.172666422975321984e+04
7.040000000000000000e+02	1.165945965315096510e+04
7.050000000000000000e+02	1.158974894502496682e+04
7.060000000000000000e+02	1.151758175788317021e+04
7.070000000000000000e+02	1.144300927356082320e+04
7.080000000000000000e+02	1.136608414280046964e+04
7.090000000000000000e+02	1.128686042338985681e+04
7.100000000000000000e+02	1.120539351695936602e+04
7.110000000000000000e+02	1.112174010454217569e+04
7.120000000000000000e+02	1.103595808100192153e+04
7.130000000000000000e+02	1.094810648843373383e+04
7.140000000000000000e+02	1.085824544864561540e+04
7.150000000000000000e+02	1.076643609482788452e+04
7.160000000000000000e+02	1.067274050251894550e+04
7.170000000000000000e+02	1.057722161997608055e+04
7.180000000000000000e+02	1.047994319805998566e+04
7.190000000000000000e+02	1.038096971974175540e+04
7.200000000000000000e+02	1.028036632934068621e+04
7.210000000000000000e+02	1.017819876160077183e+04
7.220000000000000000e+02	1.007453327071302374e+04
7.230000000000000000e+02	9.969436559389812828e+03
7.240000000000000000e+02	9.862975708096340895e+03
7.250000000000000000e+02	9.755218104542933361e+03
7.260000000000000000e+02	9.646231373540445929e+03
7.270000000000000000e+02	9.536083307319222513e+03
7.280000000000000000e+02	9.424841796410295501e+03
7.290000000000000000e+02	9.312574761185345778e+03
7.300000000000000000e+02	9.199350084149749819e+03
7.310000000000000000e+02	9.085235543080661955e+03
7.320000000000000000e+02	8.970298745099493317e+03
7.330000000000000000e+02	8.854607061765473190e+03
7.340000000000000000e+02	8.738227565274139124e+03
7.350000000000000000e+02	8.621226965841648052e+03
7.360000000000000000e+02	8.503671550352662962e+03
7.370000000000000000e+02	8.385627122346448232e+03
7.380000000000000000e+02	8.267158943412407098e+03
7.390000000000000000e+02	8.148331676062968654e+03
7.400000000000000000e+02	8.029209328148154782e+03
7.410000000000000000e+02	7.909855198872681285e+03
7.420000000000000000e+02	7.790331826472697685e+03
7.430000000000000000e+02	7.670700937605665786e+03
7.440000000000000000e+02	7.551023398503042699e+03
7.450000000000000000e+02	7.431359167931678712e+03
7.460000000000000000e+02	7.311767252005994123e+03
7.470000000000000000e+02	7.192305660889156570e+03
7.480000000000000000e+02	7.073031367417572255e+03
7.490000000000000000e+02	6.954000267679180070e+03
7.500000000000000000e+02	6.835267143572101304e+03
7.510000000000000000e+02	6.716885627366389599e+03
7.520000000000000000e+02	6.598908168287728586e+03
7.530000000000000000e+02	6.481386001138156644e+03
7.540000000000000000e+02	6.364369116965038302e+03
7.550000000000000000e+02	6.247906235785880199e+03
7.560000000000000000e+02	6.132044781372745092e+03
7.570000000000000000e+02	6.016830858096554039e+03
7.580000000000000000e+02	5.902309229827837953e+03
7.590000000000000000e+02	5.788523300887153709e+03
7.600000000000000000e+02	5.675515099034825653e+03
7.610000000000000000e+02	5.563325260486476509e+03
7.620000000000000000e+02	5.451993016937441098e+03
7.630000000000000000e+02	5.341556184576120359e+03
7.640000000000000000e+02	5.232051155063208171e+03
7.650000000000000000e+02	5.123512888450839455e+03
7.660000000000000000e+02	5.015974908012828564e+03
7.670000000000000000e+02	4.909469296954523088e+03
7.680000000000000000e+02	4.804026696968097895e+03
7.690000000000000000e+02	4.699676308596761373e+03
7.700000000000000000e+02	4.596445893368879297e+03
7.710000000000000000e+02	4.494361777660882581e+03
7.720000000000000000e+02	4.393448858245677911e+03
7.730000000000000000e+02	4.293730609481336614e+03
7.740000000000000000e+02	4.195229092093004510e+03
7.750000000000000000e+02	4.097964963499265650e+03
7.760000000000000000e+02	4.001957489632653505e+03
7.770000000000000000e+02	3.907224558202514800e+03
7.780000000000000000e+02	3.813782693347227450e+03
7.790000000000000000e+02	3.721647071621525356e+03
7.800000000000000000e+02	3.630831539263704144e+03
7.810000000000000000e+02	3.541348630686578417e+03
7.820000000000000000e+02	3.453209588135301601e+03
7.830000000000000000e+02	3.366424382454522402e+03
7.840000000000000000e+02	3.281001734906854381e+03
7.850000000000000000e+02	3.196949139984254089e+03
7.860000000000000000e+02	3.114272889153670803e+03
7.870000000000000000e+02	3.032978095478169962e+03
7.880000000000000000e+02	2.953068719054755547e+03
7.890000000000000000e+02	2.874547593210199011e+03
7.900000000000000000e+02	2.797416451396406501e+03
7.910000000000000000e+02	2.721675954727200860e+03
7.920000000000000000e+02	2.647325720098796864e+03
7.930000000000000000e+02	2.574364348836814770e+03
7.940000000000000000e+02	2.502789455813294808e+03
7.950000000000000000e+02	2.432597698977901018e+03
7.960000000000000000e+02	2.363784809248346846e+03
7.970000000000000000e+02	2.296345620705923920e+03
7.980000000000000000e+02	2.230274101043074097e+03
7.990000000000000000e+02	2.165563382210937561e+03
8.000000000000000000e+02	2.102205791215994850e+03
8.010000000000000000e+02	2.040192881016078218e+03
8.020000000000000000e+02	1.979515461467342902e+03
8.030000000000000000e+02	1.920163630275063269e+03
8.040000000000000000e+02	1.862126803902531947e+03
8.050000000000000000e+02	1.805393748393739543e+03
8.060000000000000000e+02	1.749952610067008891e+03
8.070000000000000000e+02	1.695790946038255015e+03
8.080000000000000000e+02	1.642895754534081561e+03
8.090000000000000000e+02	1.591253504956520601e+03
8.100000000000000000e+02	1.540850167662815920e+03
8.110000000000000000e+02	1.491671243425277680e+03
8.120000000000000000e+02	1.443701792537881147e+03
8.130000000000000000e+02	1.396926463537941345e+03
8.140000000000000000e+02	1.351329521512865085e+03
8.150000000000000000e+02	1.306894875963647792e+03
8.160000000000000000e+02	1.263606108198474885e+03
8.170000000000000000e+02	1.221446498231434816e+03
8.180000000000000000e+02	1.180399051163046352e+03
8.190000000000000000e+02	1.140446523020939139e+03
8.200000000000000000e+02	1.101571446040691171e+03
8.210000000000000000e+02	1.063756153368437481e+03
8.220000000000000000e+02	1.026982803168499686e+03
8.230000000000000000e+02	9.912334021208473587e+02
8.240000000000000000e+02	9.564898282948043970e+02
8.250000000000000000e+02	9.227338533869115054e+02
8.260000000000000000e+02	8.899471643124018101e+02
8.270000000000000000e+02	8.581113841411937528e+02
8.280000000000000000e+02	8.272080923707738975e+02
8.290000000000000000e+02	7.972188445297291537e+02
8.300000000000000000e+02	7.681251911070750111e+02
8.310000000000000000e+02	7.399086958038349167e+02
8.320000000000000000e+02	7.125509531046459415e+02
8.330000000000000000e+02	6.860336051683756295e+02
8.340000000000000000e+02	6.603383580379722844e+02
8.350000000000000000e+02	6.354469971709062293e+02
8.360000000000000000e+02	6.113414022926822327e+02
8.370000000000000000e+02	5.880035615769712649e+02
8.380000000000000000e+02	5.654155851569269089e+02
8.390000000000000000e+02	5.435597179732200175e+02
8.400000000000000000e+02	5.224183519652626728e+02
8.410000000000000000e+02	5.019740376129545893e+02
8.420000000000000000e+02	4.822094948371243959e+02
8.430000000000000000e+02	4.631076232676172708e+02
8.440000000000000000e+02	4.446515118887052722e+02
8.450000000000000000e+02	4.268244480721970717e+02
8.460000000000000000e+02	4.096099260092473173e+02
8.470000000000000000e+02	3.929916545524639560e+02
8.480000000000000000e+02	3.769535644804612389e+02
8.490000000000000000e+02	3.614798151974933944e+02
8.500000000000000000e+02	3.465548008812716603e+02
8.510000000000000000e+02	3.321631560924703308e+02
8.520000000000000000e+02	3.182897608597951375e+02
8.530000000000000000e+02	3.049197452548182241e+02
8.540000000000000000e+02	2.920384934710614289e+02
8.550000000000000000e+02	2.796316474220550958e+02
8.560000000000000000e+02	2.676851098733110348e+02
8.570000000000000000e+02	2.561850471233056510e+02
8.580000000000000000e+02	2.451178912487076218e+02
8.590000000000000000e+02	2.344703419291762998e+02
8.600000000000000000e+02	2.242293678671198904e+02
8.610000000000000000e+02	2.143822078178307606e+02
8.620000000000000000e+02	2.049163712454137567e+02
8.630000000000000000e+02	1.958196386198876553e+02
8.640000000000000000e+02	1.870800613707835964e+02
8.650000000000000000e+02	1.786859615124729714e+02
8.660000000000000000e+02	1.706259309563433817e+02
8.670000000000000000e+02	1.628888305248018185e+02
8.680000000000000000e+02	1.554637886819278378e+02
8.690000000000000000e+02	1.483401999954083976e+02
8.700000000000000000e+02	1.415077233441892872e+02
8.710000000000000000e+02	1.349562798860507371e+02
8.720000000000000000e+02	1.286760507990811107e+02
8.730000000000000000e+02	1.226574748107570940e+02
8.740000000000000000e+02	1.168912455280783433e+02
8.750000000000000000e+02	1.113683085819107532e+02
8.760000000000000000e+02	1.060798585984007474e+02
8.770000000000000000e+02	1.010173360100150433e+02
8.780000000000000000e+02	9.617242371843553883e+01
8.790000000000000000e+02	9.153704362122198290e+01
8.800000000000000000e+02	8.710335301381152817e+01
8.810000000000000000e+02	8.286374087808817990e+01
8.820000000000000000e+02	7.881082406840636168e+01
8.830000000000000000e+02	7.493744340560253647e+01
8.840000000000000000e+02	7.123665968917306657e+01
8.850000000000000000e+02	6.770174963744076990e+01
8.860000000000000000e+02	6.432620176517190203e+01
8.870000000000000000e+02	6.110371220774712242e+01
8.880000000000000000e+02	5.802818050063014965e+01
8.890000000000000000e+02	5.509370532251773511e+01
8.900000000000000000e+02	5.229458021019996750e+01
8.910000000000000000e+02	4.962528925280172132e+01
8.920000000000000000e+02	4.708050277272712236e+01
8.930000000000000000e+02	4.465507300027910986e+01
8.940000000000000000e+02	4.234402974858095803e+01
8.950000000000000000e+02	4.014257609508984359e+01
8.960000000000000000e+02	3.804608407565481798e+01
8.970000000000000000e+02	3.605009039674562388e+01
8.980000000000000000e+02	3.415029217115456817e+01
8.990000000000000000e+02	3.234254268215763517e+01
9.000000000000000000e+02	3.062284718081286883e+01
9.010000000000000000e+02	2.898735872076990105e+01
9.020000000000000000e+02	2.743237403467163560e+01
9.030000000000000000e+02	2.595432945594061991e+01
9.040000000000000000e+02	2.454979688946454530e+01
9.050000000000000000e+02	2.321547983442284036e+01
9.060000000000000000e+02	2.194820946223530811e+01
9.070000000000000000e+02	2.074494075235737611e+01
9.080000000000000000e+02	1.960274868840175344e+01
9.090000000000000000e+02	1.851882451682876507e+01
9.100000000000000000e+02	1.749047207021795458e+01
9.110000000000000000e+02	1.651510415691446454e+01
9.120000000000000000e+02	1.559023901863129069e+01
9.130000000000000000e+02	1.471349685738611512e+01
9.140000000000000000e+02	1.388259643295681833e+01
9.150000000000000000e+02	1.309535173185404844e+01
9.160000000000000000e+02	1.234966870863202892e+01
9.170000000000000000e+02	1.164354210018960778e+01
9.180000000000000000e+02	1.097505231355321875e+01
9.190000000000000000e+02	1.034236238748041004e+01
9.200000000000000000e+02	9.743715028078836937e+00
9.210000000000000000e+02	9.177429718498151701e+00
9.220000000000000000e+02	8.641899902624267327e+00
9.230000000000000000e+02	8.135590242583241150e+00
9.240000000000000000e+02	7.657033949748967672e+00
9.250000000000000000e+02	7.204830188841554239e+00
9.260000000000000000e+02	6.777641554603846430e+00
9.270000000000000000e+02	6.374191620450742057e+00
9.280000000000000000e+02	5.993262558399568896e+00
9.290000000000000000e+02	5.633692829510218658e+00
9.300000000000000000e+02	5.294374943989929250e+00
9.310000000000000000e+02	4.974253290050297593e+00
9.320000000000000000e+02	4.672322030542252591e+00
9.330000000000000000e+02	4.387623066338431244e+00
9.340000000000000000e+02	4.119244065381961306e+00
9.350000000000000000e+02	3.866316556274584038e+00
9.360000000000000000e+02	3.628014085236830777e+00
9.370000000000000000e+02	3.403550435236624150e+00
9.380000000000000000e+02	3.192177906051591130e+00
9.390000000000000000e+02	2.993185654003013063e+00
9.400000000000000000e+02	2.805898090076551554e+00
9.410000000000000000e+02	2.629673335125664924e+00
9.420000000000000000e+02	2.463901730838344406e+00
9.430000000000000000e+02	2.308004405135824832e+00
9.440000000000000000e+02	2.161431890663505051e+00
9.450000000000000000e+02	2.023662795028704942e+00
9.460000000000000000e+02	1.894202521437605258e+00
9.470000000000000000e+02	1.772582038383770930e+00
9.480000000000000000e+02	1.658356697043654071e+00
9.490000000000000000e+02	1.551105095039698512e+00
9.500000000000000000e+02	1.450427985239153283e+00
9.510000000000000000e+02	1.355947228266387805e+00
9.520000000000000000e+02	1.267304787417909973e+00
9.530000000000000000e+02	1.184161764682717388e+00
9.540000000000000000e+02	1.106197476585561335e+00
9.550000000000000000e+02	1.033108568587066234e+00
9.560000000000000000e+02	9.646081667926165171e-01
9.570000000000000000e+02	9.004250657408260361e-01
9.580000000000000000e+02	8.403029510627388898e-01
9.590000000000000000e+02	7.839996558239548108e-01
9.600000000000000000e+02	7.312864493840280922e-01
9.610000000000000000e+02	6.819473576302652607e-01
9.620000000000000000e+02	6.357785134666100735e-01
9.630000000000000000e+02	5.925875364623877095e-01
9.640000000000000000e+02	5.521929405902511467e-01
9.650000000000000000e+02	5.144235690077177958e-01
9.660000000000000000e+02	4.791180548619464186e-01
9.670000000000000000e+02	4.461243071230008295e-01
9.680000000000000000e+02	4.152990204765746318e-01
9.690000000000000000e+02	3.865072083330043373e-01
9.700000000000000000e+02	3.596217580352517040e-01
9.710000000000000000e+02	3.345230073744490107e-01
9.720000000000000000e+02	3.110983415473697056e-01
9.730000000000000000e+02	2.892418097158662160e-01
9.740000000000000000e+02	2.688537603538414533e-01
9.750000000000000000e+02	2.498404945925916942e-01
9.760000000000000000e+02	2.321139368004122294e-01
9.770000000000000000e+02	2.155913216571175295e-01
9.780000000000000000e+02	2.001948970085380974e-01
9.790000000000000000e+02	1.858516418101555379e-01
9.800000000000000000e+02	1.724929984927197901e-01
9.810000000000000000e+02	1.600546191060007728e-01
9.820000000000000000e+02	1.484761246196811546e-01
9.830000000000000000e+02	1.377008767828445668e-01
9.840000000000000000e+02	1.276757619654464715e-01
9.850000000000000000e+02	1.183509864266768657e-01
9.860000000000000000e+02	1.096798824760991525e-01
9.870000000000000000e+02	1.016187250139675563e-01
9.880000000000000000e+02	9.412655795712090989e-02
9.890000000000000000e+02	8.716503007632966926e-02
9.900000000000000000e+02	8.069823978995215030e-02
9.910000000000000000e+02	7.469258847719821570e-02
9.920000000000000000e+02	6.911664189222981036e-02
9.930000000000000000e+02	6.394099927773165548e-02
9.940000000000000000e+02	5.913816979347410324e-02
9.950000000000000000e+02	5.468245589175425858e-02
9.960000000000000000e+02	5.054984328745563277e-02
9.970000000000000000e+02	4.671789718580862671e-02
9.980000000000000000e+02	4.316566444576602074e-02
9.990000000000000000e+02	3.987358137124858565e-02
1.000000000000000000e+03	3.682338683635590082e-02
