4.410000000000000000e+02	2.922982298471128004e+01
4.420000000000000000e+02	3.137595313879358727e+01
4.430000000000000000e+02	3.366747321760220046e+01
4.440000000000000000e+02	3.611328307743930566e+01
4.450000000000000000e+02	3.872275730320617271e+01
4.460000000000000000e+02	4.150576563950689035e+01
4.470000000000000000e+02	4.447269397418170200e+01
4.480000000000000000e+02	4.763446586701461172e+01
4.490000000000000000e+02	5.100256461440930877e+01
4.500000000000000000e+02	5.458905583876131828e+01
4.510000000000000000e+02	5.840661058907694780e+01
4.520000000000000000e+02	6.246852893709606036e+01
4.530000000000000000e+02	6.678876405076644573e+01
4.540000000000000000e+02	7.138194672439674093e+01
4.550000000000000000e+02	7.626341034217607273e+01
4.560000000000000000e+02	8.144921624899673418e+01
4.570000000000000000e+02	8.695617949965404136e+01
4.580000000000000000e+02	9.280189495452441406e+01
4.590000000000000000e+02	9.900476368673773209e+01
4.600000000000000000e+02	1.055840196626782017e+02
4.610000000000000000e+02	1.125597566543563772e+02
4.620000000000000000e+02	1.199529553388131120e+02
4.630000000000000000e+02	1.277855105362350798e+02
4.640000000000000000e+02	1.360802585349046865e+02
4.650000000000000000e+02	1.448610044474597487e+02
4.660000000000000000e+02	1.541525495392377252e+02
4.670000000000000000e+02	1.639807184657705932e+02
4.680000000000000000e+02	1.743723863530496772e+02
4.690000000000000000e+02	1.853555056522341715e+02
4.700000000000000000e+02	1.969591327057404442e+02
4.710000000000000000e+02	2.092134539990091753e+02
4.720000000000000000e+02	2.221498122451163511e+02
4.730000000000000000e+02	2.358007331652758864e+02
4.740000000000000000e+02	2.501999566098942012e+02
4.750000000000000000e+02	2.653824859000292236e+02
4.760000000000000000e+02	2.813847049875490143e+02
4.770000000000000000e+02	2.982447312061050297e+02
4.780000000000000000e+02	3.160035416927950678e+02
4.790000000000000000e+02	3.347085091970479311e+02
4.800000000000000000e+02	3.544240556758718981e+02
4.810000000000000000e+02	3.752622395363197825e+02
4.820000000000000000e+02	3.974662057016895460e+02
4.830000000000000000e+02	4.216261930477790543e+02
4.840000000000000000e+02	4.492092676978020336e+02
4.850000000000000000e+02	4.837882184027043309e+02
4.860000000000000000e+02	5.337332142919125317e+02
4.870000000000000000e+02	6.177648780499991972e+02
4.880000000000000000e+02	7.757114984223301235e+02
4.890000000000000000e+02	1.087993341639658638e+03
4.900000000000000000e+02	1.708424397674521060e+03
4.910000000000000000e+02	2.915081169059961667e+03
4.920000000000000000e+02	5.181924106586973721e+03
4.930000000000000000e+02	9.267954976658915257e+03
4.940000000000000000e+02	1.630976162888767612e+04
4.950000000000000000e+02	2.788784704889106069e+04
4.960000000000000000e+02	4.602083505856598640e+04
4.970000000000000000e+02	7.303209165568080789e+04
4.980000000000000000e+02	1.112408440777438809e+05
4.990000000000000000e+02	1.624636076690674818e+05
5.000000000000000000e+02	2.273731883391013835e+05
5.010000000000000000e+02	3.048397765475807246e+05
5.020000000000000000e+02	3.914448803978906944e+05
5.030000000000000000e+02	4.813791808925479418e+05
5.040000000000000000e+02	5.668818412924215663e+05
5.050000000000000000e+02	6.392478444705798756e+05
5.060000000000000000e+02	6.902530103351295693e+05
5.070000000000000000e+02	7.136844860608504387e+05
5.080000000000000000e+02	7.065855051167509519e+05
5.090000000000000000e+02	6.698702567239477066e+05
5.100000000000000000e+02	6.081323608587748604e+05
5.110000000000000000e+02	5.287023393301134929e+05
5.120000000000000000e+02	4.402210593745533261e+05
5.130000000000000000e+02	3.511118270223089494e+05
5.140000000000000000e+02	2.683195608179660048e+05
5.150000000000000000e+02	1.965603183497980062e+05
5.160000000000000000e+02	1.381468548238471558e+05
5.170000000000000000e+02	9.329421968678556732e+04
5.180000000000000000e+02	6.071276586090731871e+04
5.190000000000000000e+02	3.827908500082132377e+04
5.200000000000000000e+02	2.362139915443202335e+04
5.210000000000000000e+02	1.453141439671991247e+04
5.220000000000000000e+02	9.187025100820850639e+03
5.230000000000000000e+02	6.219368823073202293e+03
5.240000000000000000e+02	4.678462080964190136e+03
5.250000000000000000e+02	3.949898920002235172e+03
5.260000000000000000e+02	3.661219592535650918e+03
5.270000000000000000e+02	3.599941744212707363e+03
5.280000000000000000e+02	3.651663883828749931e+03
5.290000000000000000e+02	3.758135012551551426e+03
5.300000000000000000e+02	3.891266157630269845e+03
5.310000000000000000e+02	4.038223183937989234e+03
5.320000000000000000e+02	4.193454814599648671e+03
5.330000000000000000e+02	4.354697898699287180e+03
5.340000000000000000e+02	4.521094833632522750e+03
5.350000000000000000e+02	4.692356860244141899e+03
5.360000000000000000e+02	4.868412566995482848e+03
5.370000000000000000e+02	5.049268036863086309e+03
5.380000000000000000e+02	5.234954022896389688e+03
5.390000000000000000e+02	5.425506931251501555e+03
5.400000000000000000e+02	5.620962231717454415e+03
5.410000000000000000e+02	5.821352197227074612e+03
5.420000000000000000e+02	6.026705074273538230e+03
5.430000000000000000e+02	6.237044703050185490e+03
5.440000000000000000e+02	6.452390272772421667e+03
5.450000000000000000e+02	6.672756116771423876e+03
5.460000000000000000e+02	6.898151520134353632e+03
5.470000000000000000e+02	7.128580532777996268e+03
5.480000000000000000e+02	7.364041786475209847e+03
5.490000000000000000e+02	7.604528315855633991e+03
5.500000000000000000e+02	7.850027383786479731e+03
5.510000000000000000e+02	8.100520311635815233e+03
5.520000000000000000e+02	8.355982314946242695e+03
5.530000000000000000e+02	8.616382345054738835e+03
5.540000000000000000e+02	8.881682937197303545e+03
5.550000000000000000e+02	9.151840065637661610e+03
5.560000000000000000e+02	9.426803006358140919e+03
5.570000000000000000e+02	9.706514207848073056e+03
5.580000000000000000e+02	9.990909170520635598e+03
5.590000000000000000e+02	1.027991633528293096e+04
5.600000000000000000e+02	1.057345698177623672e+04
5.610000000000000000e+02	1.087144513679376360e+04
5.620000000000000000e+02	1.117378749337189947e+04
5.630000000000000000e+02	1.148038334103773741e+04
5.640000000000000000e+02	1.179112450768072813e+04
5.650000000000000000e+02	1.210589531349961180e+04
5.660000000000000000e+02	1.242457253745714661e+04
5.670000000000000000e+02	1.274702539665497534e+04
5.680000000000000000e+02	1.307311553901877232e+04
5.690000000000000000e+02	1.340269704966010795e+04
5.700000000000000000e+02	1.373561647125591480e+04
5.710000000000000000e+02	1.407171283875928930e+04
5.720000000000000000e+02	1.441081772872661713e+04
5.730000000000000000e+02	1.475275532351558832e+04
5.740000000000000000e+02	1.509734249057696798e+04
5.750000000000000000e+02	1.544438887702957618e+04
5.760000000000000000e+02	1.579369701967342371e+04
5.770000000000000000e+02	1.614506247055996573e+04
5.780000000000000000e+02	1.649827393820144789e+04
5.790000000000000000e+02	1.685311344446297517e+04
5.800000000000000000e+02	1.720935649714204555e+04
5.810000000000000000e+02	1.756677227819987820e+04
5.820000000000000000e+02	1.792512384756838946e+04
5.830000000000000000e+02	1.828416836241491910e+04
5.840000000000000000e+02	1.864365731170499930e+04
5.850000000000000000e+02	1.900333676586090951e+04
5.860000000000000000e+02	1.936294764127107919e+04
5.870000000000000000e+02	1.972222597936270904e+04
5.880000000000000000e+02	2.008090323990694014e+04
5.890000000000000000e+02	2.043870660818339456e+04
5.900000000000000000e+02	2.079535931558835364e+04
5.910000000000000000e+02	2.115058097322899994e+04
5.920000000000000000e+02	2.150408791800462859e+04
5.930000000000000000e+02	2.185559357063503558e+04
5.940000000000000000e+02	2.220480880505664391e+04
5.950000000000000000e+02	2.255144232856780945e+04
5.960000000000000000e+02	2.289520107206741886e+04
5.970000000000000000e+02	2.323579058969428661e+04
5.980000000000000000e+02	2.357291546714003198e+04
5.990000000000000000e+02	2.390627973787479641e+04
6.000000000000000000e+02	2.423558730649346035e+04
6.010000000000000000e+02	2.456054237836029642e+04
6.020000000000000000e+02	2.488084989470203072e+04
6.030000000000000000e+02	2.519621597227373786e+04
6.040000000000000000e+02	2.550634834669820702e+04
6.050000000000000000e+02	2.581095681855837393e+04
6.060000000000000000e+02	2.610975370130337978e+04
6.070000000000000000e+02	2.640245427001266944e+04
6.080000000000000000e+02	2.668877721004850537e+04
6.090000000000000000e+02	2.696844506461647688e+04
6.100000000000000000e+02	2.724118468024491813e+04
6.110000000000000000e+02	2.750672764918867324e+04
6.120000000000000000e+02	2.776481074775989691e+04
6.130000000000000000e+02	2.801517636958858930e+04
6.140000000000000000e+02	2.825757295281862025e+04
6.150000000000000000e+02	2.849175540025093505e+04
6.160000000000000000e+02	2.871748549145438301e+04
6.170000000000000000e+02	2.893453228587654667e+04
6.180000000000000000e+02	2.914267251600143572e+04
6.190000000000000000e+02	2.934169096961870309e+04
6.200000000000000000e+02	2.953138086028927501e+04
6.210000000000000000e+02	2.971154418511566473e+04
6.220000000000000000e+02	2.988199206895124007e+04
6.230000000000000000e+02	3.004254509421127659e+04
6.240000000000000000e+02	3.019303361548014800e+04
6.250000000000000000e+02	3.033329805814259453e+04
6.260000000000000000e+02	3.046318920030357185e+04
6.270000000000000000e+02	3.058256843729948378e+04
6.280000000000000000e+02	3.069130802814465278e+04
6.290000000000000000e+02	3.078929132329966160e+04
6.300000000000000000e+02	3.087641297319313526e+04
6.310000000000000000e+02	3.095257911697516465e+04
6.320000000000000000e+02	3.101770755102904513e+04
6.330000000000000000e+02	3.107172787681775662e+04
6.340000000000000000e+02	3.111458162769304545e+04
6.350000000000000000e+02	3.114622237434731505e+04
6.360000000000000000e+02	3.116661580864209100e+04
6.370000000000000000e+02	3.117573980560116979e+04
6.380000000000000000e+02	3.117358446341172385e+04
6.390000000000000000e+02	3.116015212133200475e+04
6.400000000000000000e+02	3.113545735546043943e+04
6.410000000000000000e+02	3.109952695237669832e+04
6.420000000000000000e+02	3.105239986072159809e+04
6.430000000000000000e+02	3.099412712083823135e+04
6.440000000000000000e+02	3.092477177265234423e+04
6.450000000000000000e+02	3.084440874202462510e+04
6.460000000000000000e+02	3.075312470586175914e+04
6.470000000000000000e+02	3.065101793632613408e+04
6.480000000000000000e+02	3.053819812453620762e+04
6.490000000000000000e+02	3.041478618420023122e+04
6.500000000000000000e+02	3.028091403567539237e+04
6.510000000000000000e+02	3.013672437099222952e+04
6.520000000000000000e+02	2.998237040043007437e+04
6.530000000000000000e+02	2.981801558127352837e+04
6.540000000000000000e+02	2.964383332942211564e+04
6.550000000000000000e+02	2.946000671456502823e+04
6.560000000000000000e+02	2.926672813967092952e+04
6.570000000000000000e+02	2.906419900557787332e+04
6.580000000000000000e+02	2.885262936150135647e+04
6.590000000000000000e+02	2.863223754230894338e+04
6.600000000000000000e+02	2.840324979343738232e+04
6.610000000000000000e+02	2.816589988435327541e+04
6.620000000000000000e+02	2.792042871148042832e+04
6.630000000000000000e+02	2.766708389153639291e+04
6.640000000000000000e+02	2.740611934623717752e+04
6.650000000000000000e+02	2.713779487934269491e+04
6.660000000000000000e+02	2.686237574702619531e+04
6.670000000000000000e+02	2.658013222255854635e+04
6.680000000000000000e+02	2.629133915630320917e+04
6.690000000000000000e+02	2.599627553201947740e+04
6.700000000000000000e+02	2.569522402047061041e+04
6.710000000000000000e+02	2.538847053132969813e+04
6.720000000000000000e+02	2.507630376436924053e+04
6.730000000000000000e+02	2.475901476091122458e+04
6.740000000000000000e+02	2.443689645650210514e+04
6.750000000000000000e+02	2.411024323576253300e+04
6.760000000000000000e+02	2.377935049034418626e+04
6.770000000000000000e+02	2.344451418090643347e+04
6.780000000000000000e+02	2.310603040400327154e+04
6.790000000000000000e+02	2.276419496474671905e+04
6.800000000000000000e+02	2.241930295608616507e+04
6.810000000000000000e+02	2.207164834551458262e+04
6.820000000000000000e+02	2.172152356998213872e+04
6.830000000000000000e+02	2.136921913976523138e+04
6.840000000000000000e+02	2.101502325200514315e+04
6.850000000000000000e+02	2.065922141459501290e+04
6.860000000000000000e+02	2.030209608105687585e+04
6.870000000000000000e+02	1.994392629701248370e+04
6.880000000000000000e+02	1.958498735881236644e+04
6.890000000000000000e+02	1.922555048484740109e+04
6.900000000000000000e+02	1.886588250002625500e+04
6.910000000000000000e+02	1.850624553386029584e+04
6.920000000000000000e+02	1.814689673255550224e+04
6.930000000000000000e+02	1.778808798546837352e+04
6.940000000000000000e+02	1.743006566623995241e+04
6.950000000000000000e+02	1.707307038887944873e+04
6.960000000000000000e+02	1.671733677902589989e+04
6.970000000000000000e+02	1.636309326057390354e+04
6.980000000000000000e+02	1.601056185780710075e+04
6.990000000000000000e+02	1.565995801314126766e+04
7.000000000000000000e+02	1.531149042053759695e+04
7.010000000000000000e+02	1.496536087460634189e+04
7.020000000000000000e+02	1.462176413538105226e+04
7.030000000000000000e+02	1.428088780870505616e+04
7.040000000000000000e+02	1.394291224213388523e+04
7.050000000000000000e+02	1.360801043622083853e+04
7.060000000000000000e+02	1.327634797101737240e+04
7.070000000000000000e+02	1.294808294758589182e+04
7.080000000000000000e+02	1.262336594428990065e+04
7.090000000000000000e+02	1.230233998759499809e+04
7.100000000000000000e+02	1.198514053708467509e+04
7.110000000000000000e+02	1.167189548436654150e+04
7.120000000000000000e+02	1.136272516551816625e+04
7.130000000000000000e+02	1.105774238669684019e+04
7.140000000000000000e+02	1.075705246251437529e+04
7.150000000000000000e+02	1.046075326675676297e+04
7.160000000000000000e+02	1.016893529500876866e+04
7.170000000000000000e+02	9.881681738725768810e+03
7.180000000000000000e+02	9.599068570279021515e+03
7.190000000000000000e+02	9.321164638486368858e+03
7.200000000000000000e+02	9.048031774127795870e+03
7.210000000000000000e+02	8.779724904934671940e+03
7.220000000000000000e+02	8.516292179532518276e+03
7.230000000000000000e+02	8.257775099809947278e+03
7.240000000000000000e+02	8.004208661180999115e+03
7.250000000000000000e+02	7.755621500204224503e+03
7.260000000000000000e+02	7.512036049019792699e+03
7.270000000000000000e+02	7.273468696065307086e+03
7.280000000000000000e+02	7.039929952532004791e+03
7.290000000000000000e+02	6.811424624025557023e+03
7.300000000000000000e+02	6.587951986899609437e+03
7.310000000000000000e+02	6.369505968735553324e+03
7.320000000000000000e+02	6.156075332448669542e+03
7.330000000000000000e+02	5.947643863508757022e+03
7.340000000000000000e+02	5.744190559772424422e+03
7.350000000000000000e+02	5.545689823434551727e+03
7.360000000000000000e+02	5.352111654617643580e+03
7.370000000000000000e+02	5.163421846130228914e+03
7.380000000000000000e+02	4.979582178938509969e+03
7.390000000000000000e+02	4.800550617909675566e+03
7.400000000000000000e+02	4.626281507399960901e+03
7.410000000000000000e+02	4.456725766276183094e+03
7.420000000000000000e+02	4.291831081975462439e+03
7.430000000000000000e+02	4.131542103224643142e+03
7.440000000000000000e+02	3.975800631057942610e+03
7.450000000000000000e+02	3.824545807788986167e+03
7.460000000000000000e+02	3.677714303611189280e+03
7.470000000000000000e+02	3.535240500518593763e+03
7.480000000000000000e+02	3.397056673257578495e+03
7.490000000000000000e+02	3.263093167038290176e+03
7.500000000000000000e+02	3.133278571753151482e+03
7.510000000000000000e+02	3.007539892468302241e+03
7.520000000000000000e+02	2.885802715972239184e+03
7.530000000000000000e+02	2.767991373184322583e+03
7.540000000000000000e+02	2.654029097243867000e+03
7.550000000000000000e+02	2.543838177118573640e+03
7.560000000000000000e+02	2.437340106588638264e+03
7.570000000000000000e+02	2.334455728480308153e+03
7.580000000000000000e+02	2.235105374039577782e+03
7.590000000000000000e+02	2.139208997353371160e+03
7.600000000000000000e+02	2.046686304741695494e+03
7.610000000000000000e+02	1.957456879059971925e+03
7.620000000000000000e+02	1.871440298865944214e+03
7.630000000000000000e+02	1.788556252420251667e+03
7.640000000000000000e+02	1.708724646503888607e+03
7.650000000000000000e+02	1.631865710049348763e+03
7.660000000000000000e+02	1.557900092595216847e+03
7.670000000000000000e+02	1.486748957586365350e+03
7.680000000000000000e+02	1.418334070553659330e+03
7.690000000000000000e+02	1.352577882218224204e+03
7.700000000000000000e+02	1.289403606575842559e+03
7.710000000000000000e+02	1.228735294026876090e+03
7.720000000000000000e+02	1.170497899626409207e+03
7.730000000000000000e+02	1.114617346537823551e+03
7.740000000000000000e+02	1.061020584781033222e+03
7.750000000000000000e+02	1.009635645373887087e+03
7.760000000000000000e+02	9.603916899719750973e+02
7.770000000000000000e+02	9.132190561181364501e+02
7.780000000000000000e+02	8.680492982184515540e+02
7.790000000000000000e+02	8.248152243663765830e+02
7.800000000000000000e+02	7.834509291409762000e+02
7.810000000000000000e+02	7.438918225089514635e+02
7.820000000000000000e+02	7.060746549633298628e+02
7.830000000000000000e+02	6.699375390343323033e+02
7.840000000000000000e+02	6.354199673100860082e+02
7.850000000000000000e+02	6.024628271064607361e+02
7.860000000000000000e+02	5.710084119264895435e+02
7.870000000000000000e+02	5.410004298505299403e+02
7.880000000000000000e+02	5.123840089986002795e+02
7.890000000000000000e+02	4.851057002061822345e+02
7.900000000000000000e+02	4.591134770542510068e+02
7.910000000000000000e+02	4.343567333933895611e+02
7.920000000000000000e+02	4.107862785006117292e+02
7.930000000000000000e+02	3.883543300059273520e+02
7.940000000000000000e+02	3.670145047238355573e+02
7.950000000000000000e+02	3.467218075227584677e+02
7.960000000000000000e+02	3.274326183630350897e+02
7.970000000000000000e+02	3.091046776314437352e+02
7.980000000000000000e+02	2.916970698973602794e+02
7.990000000000000000e+02	2.751702062126120722e+02
8.000000000000000000e+02	2.594858050738550332e+02
8.010000000000000000e+02	2.446068721629228548e+02
8.020000000000000000e+02	2.304976789770879861e+02
8.030000000000000000e+02	2.171237404575329890e+02
8.040000000000000000e+02	2.044517917206174218e+02
8.050000000000000000e+02	1.924497639927037369e+02
8.060000000000000000e+02	1.810867598454489098e+02
8.070000000000000000e+02	1.703330278245337865e+02
8.080000000000000000e+02	1.601599365608689993e+02
8.090000000000000000e+02	1.505399484493307796e+02
8.100000000000000000e+02	1.414465929761181826e+02
8.110000000000000000e+02	1.328544397718497407e+02
8.120000000000000000e+02	1.247390714635801459e+02
8.130000000000000000e+02	1.170770563949975553e+02
8.140000000000000000e+02	1.098459212801950429e+02
8.150000000000000000e+02	1.030241238525881329e+02
8.160000000000000000e+02	9.659102556679374629e+01
8.170000000000000000e+02	9.052686440759219977e+01
8.180000000000000000e+02	8.481272785648310730e+01
8.190000000000000000e+02	7.943052606281331407e+01
8.200000000000000000e+02	7.436296526301302379e+01
8.210000000000000000e+02	6.959352148812727989e+01
8.220000000000000000e+02	6.510641459658201313e+01
8.230000000000000000e+02	6.088658266597550295e+01
8.240000000000000000e+02	5.691965677464596496e+01
8.250000000000000000e+02	5.319193620083468232e+01
8.260000000000000000e+02	4.969036406444192977e+01
8.270000000000000000e+02	4.640250343366736985e+01
8.280000000000000000e+02	4.331651391623028502e+01
8.290000000000000000e+02	4.042112875238733949e+01
8.300000000000000000e+02	3.770563242460145403e+01
8.310000000000000000e+02	3.515983879646521615e+01
8.320000000000000000e+02	3.277406979134858744e+01
8.330000000000000000e+02	3.053913461921731454e+01
8.340000000000000000e+02	2.844630955816117890e+01
8.350000000000000000e+02	2.648731829537077687e+01
8.360000000000000000e+02	2.465431283061255741e+01
8.370000000000000000e+02	2.293985494366764399e+01
8.380000000000000000e+02	2.133689822572215533e+01
8.390000000000000000e+02	1.983877067331899013e+01
8.400000000000000000e+02	1.843915784220301646e+01
8.410000000000000000e+02	1.713208655721058093e+01
8.420000000000000000e+02	1.591190917326565035e+01
8.430000000000000000e+02	1.477328838154656054e+01
8.440000000000000000e+02	1.371118255397670538e+01
8.450000000000000000e+02	1.272083161836417631e+01
8.460000000000000000e+02	1.179774345576939254e+01
8.470000000000000000e+02	1.093768081100814094e+01
8.480000000000000000e+02	1.013664870660193706e+01
8.490000000000000000e+02	9.390882349960165243e+00
8.500000000000000000e+02	8.696835523118961575e+00
8.510000000000000000e+02	8.051169443965090267e+00
8.520000000000000000e+02	7.450742087536043279e+00
8.530000000000000000e+02	6.892597955707577384e+00
8.540000000000000000e+02	6.373958283352918919e+00
8.550000000000000000e+02	5.892211668880927178e+00
8.560000000000000000e+02	5.444905116930100597e+00
8.570000000000000000e+02	5.029735480909641510e+00
8.580000000000000000e+02	4.644541293032563800e+00
8.590000000000000000e+02	4.287294969478432805e+00
8.600000000000000000e+02	3.956095378350590330e+00
8.610000000000000000e+02	3.649160758151860140e+00
8.620000000000000000e+02	3.364821974592247411e+00
8.630000000000000000e+02	3.101516103657793622e+00
8.640000000000000000e+02	2.857780329010743081e+00
8.650000000000000000e+02	2.632246141953929808e+00
8.660000000000000000e+02	2.423633832375289732e+00
8.670000000000000000e+02	2.230747259289262097e+00
8.680000000000000000e+02	2.052468889808412911e+00
8.690000000000000000e+02	1.887755095609216838e+00
8.700000000000000000e+02	1.735631696198734142e+00
8.710000000000000000e+02	1.595189738541733515e+00
8.720000000000000000e+02	1.465581502869935271e+00
8.730000000000000000e+02	1.346016724763843264e+00
8.740000000000000000e+02	1.235759023872727402e+00
8.750000000000000000e+02	1.134122529917603650e+00
8.760000000000000000e+02	1.040468696904715218e+00
8.770000000000000000e+02	9.542032967617779526e-01
8.780000000000000000e+02	8.747735838950801979e-01
8.790000000000000000e+02	8.016656224513425411e-01
8.800000000000000000e+02	7.344017683533580199e-01
8.810000000000000000e+02	6.725382984617770399e-01
8.820000000000000000e+02	6.156631794964599891e-01
8.830000000000000000e+02	5.633939696287139087e-01
8.840000000000000000e+02	5.153758459300427086e-01
8.850000000000000000e+02	4.712797511330136802e-01
8.860000000000000000e+02	4.308006534252440956e-01
8.870000000000000000e+02	3.936559132576412656e-01
8.880000000000000000e+02	3.595837514027450665e-01
8.890000000000000000e+02	3.283418127478652804e-01
8.900000000000000000e+02	2.997058205504494199e-01
8.910000000000000000e+02	2.734683161195041734e-01
8.920000000000000000e+02	2.494374791168105510e-01
8.930000000000000000e+02	2.274360238948294477e-01
8.940000000000000000e+02	2.073001675046482195e-01
8.950000000000000000e+02	1.888786652168442937e-01
8.960000000000000000e+02	1.720319096007731641e-01
8.970000000000000000e+02	1.566310894034785850e-01
8.980000000000000000e+02	1.425574046581766230e-01
8.990000000000000000e+02	1.297013346341111539e-01
9.000000000000000000e+02	1.179619554145681370e-01
9.010000000000000000e+02	1.072463040580398930e-01
9.020000000000000000e+02	9.746878645903332694e-02
9.030000000000000000e+02	8.855062617991081575e-02
9.040000000000000000e+02	8.041935167357545933e-02
9.050000000000000000e+02	7.300831945886084029e-02
9.060000000000000000e+02	6.625627094633004810e-02
9.070000000000000000e+02	6.010692074194572132e-02
9.080000000000000000e+02	5.450857437991713655e-02
9.090000000000000000e+02	4.941377355411123024e-02
9.100000000000000000e+02	4.477896702990229183e-02
9.110000000000000000e+02	4.056420552539700269e-02
9.120000000000000000e+02	3.673285895277989682e-02
9.130000000000000000e+02	3.325135450725390934e-02
9.140000000000000000e+02	3.008893418287784949e-02
9.150000000000000000e+02	2.721743038170260434e-02
9.160000000000000000e+02	2.461105836515489406e-02
9.170000000000000000e+02	2.224622437478891365e-02
9.180000000000000000e+02	2.010134832349547498e-02
9.190000000000000000e+02	1.815670002819102721e-02
9.200000000000000000e+02	1.639424802108436705e-02
9.210000000000000000e+02	1.479752003899081209e-02
9.220000000000000000e+02	1.335147434900626172e-02
9.230000000000000000e+02	1.204238112431579681e-02
9.240000000000000000e+02	1.085771313615751556e-02
9.250000000000000000e+02	9.786045077137178749e-03
9.260000000000000000e+02	8.816960877343127390e-03
9.270000000000000000e+02	7.940968418186894473e-03
9.280000000000000000e+02	7.149421089729439578e-03
9.290000000000000000e+02	6.434445675581514784e-03
9.300000000000000000e+02	5.788876085418346099e-03
9.310000000000000000e+02	5.206192488847178126e-03
9.320000000000000000e+02	4.680465435932635448e-03
9.330000000000000000e+02	4.206304579233750493e-03
9.340000000000000000e+02	3.778811639848906473e-03
9.350000000000000000e+02	3.393537285806780875e-03
9.360000000000000000e+02	3.046441615285347838e-03
9.370000000000000000e+02	2.733857959681988085e-03
9.380000000000000000e+02	2.452459742592374460e-03
9.390000000000000000e+02	2.199230150367861326e-03
9.400000000000000000e+02	1.971434388200186613e-03
9.410000000000000000e+02	1.766594312704243813e-03
9.420000000000000000e+02	1.582465247814252973e-03
9.430000000000000000e+02	1.417014805546555969e-03
9.440000000000000000e+02	1.268403546883098030e-03
9.450000000000000000e+02	1.134967330758982450e-03
9.460000000000000000e+02	1.015201210956395445e-03
9.470000000000000000e+02	9.077447516750905944e-04
9.480000000000000000e+02	8.113686427213672586e-04
9.490000000000000000e+02	7.249625046852273139e-04
9.500000000000000000e+02	6.475237832088866349e-04
9.510000000000000000e+02	5.781476395352421393e-04
9.520000000000000000e+02	5.160177520059411500e-04
9.530000000000000000e+02	4.603979500969601754e-04
9.540000000000000000e+02	4.106246089733488571e-04
9.550000000000000000e+02	3.660997384508593729e-04
9.560000000000000000e+02	3.262847057043228140e-04
9.570000000000000000e+02	2.906945360932881211e-04
9.580000000000000000e+02	2.588927411142982814e-04
9.590000000000000000e+02	2.304866267646522382e-04
9.600000000000000000e+02	2.051230395406600335e-04
9.610000000000000000e+02	1.824845109190824691e-04
9.620000000000000000e+02	1.622857645064508980e-04
9.630000000000000000e+02	1.442705531089176344e-04
9.640000000000000000e+02	1.282087957950821646e-04
9.650000000000000000e+02	1.138939876146555994e-04
9.660000000000000000e+02	1.011408570142092843e-04
9.670000000000000000e+02	8.978324817376927248e-05
9.680000000000000000e+02	7.967220748981208064e-05
9.690000000000000000e+02	7.067425526520209114e-05
9.700000000000000000e+02	6.266982534786948167e-05
9.710000000000000000e+02	5.555185699958907540e-05
9.720000000000000000e+02	4.922452468531654459e-05
9.730000000000000000e+02	4.360209276254851767e-05
9.740000000000000000e+02	3.860788322871703610e-05
9.750000000000000000e+02	3.417334576163051494e-05
9.760000000000000000e+02	3.023722027166340245e-05
9.770000000000000000e+02	2.674478308240835583e-05
9.780000000000000000e+02	2.364716867588390463e-05
9.790000000000000000e+02	2.090075968563631745e-05
9.800000000000000000e+02	1.846663850219987908e-05
9.810000000000000000e+02	1.631009447591670510e-05
9.820000000000000000e+02	1.440018126717662386e-05
9.830000000000000000e+02	1.270931940841663487e-05
9.840000000000000000e+02	1.121293961005225361e-05
9.850000000000000000e+02	9.889162767878276867e-06
9.860000000000000000e+02	8.718513016043991752e-06
9.870000000000000000e+02	7.683660520834095952e-06
9.880000000000000000e+02	6.769191029270870007e-06
9.890000000000000000e+02	5.961399475829791704e-06
9.900000000000000000e+02	5.248105212930396710e-06
9.910000000000000000e+02	4.618486668716983150e-06
9.920000000000000000e+02	4.062933451163469733e-06
9.930000000000000000e+02	3.572914112724896378e-06
9.940000000000000000e+02	3.140857966449154105e-06
9.950000000000000000e+02	2.760049504330700558e-06
9.960000000000000000e+02	2.424534113264978386e-06
9.970000000000000000e+02	2.129033914649344203e-06
9.980000000000000000e+02	1.868872671749740711e-06
9.990000000000000000e+02	1.639908815579277218e-06
1.000000000000000000e+03	1.438475736279404767e-06
