4.410000000000000000e+02	1.859617413213875992e+01
4.420000000000000000e+02	1.975549343552142645e+01
4.430000000000000000e+02	2.098121109982778876e+01
4.440000000000000000e+02	2.227673915664504989e+01
4.450000000000000000e+02	2.364564038355014475e+01
4.460000000000000000e+02	2.509163349983044355e+01
4.470000000000000000e+02	2.661859845729104634e+01
4.480000000000000000e+02	2.823058182283513773e+01
4.490000000000000000e+02	2.993180224911480636e+01
4.500000000000000000e+02	3.172665602914593919e+01
4.510000000000000000e+02	3.361972273036275283e+01
4.520000000000000000e+02	3.561577090315304872e+01
4.530000000000000000e+02	3.771976385846826219e+01
4.540000000000000000e+02	3.993686550863773022e+01
4.550000000000000000e+02	4.227244626504245417e+01
4.560000000000000000e+02	4.473208898581003012e+01
4.570000000000000000e+02	4.732159496619207317e+01
4.580000000000000000e+02	5.004698996376620102e+01
4.590000000000000000e+02	5.291453025007838562e+01
4.600000000000000000e+02	5.593070867979974992e+01
4.610000000000000000e+02	5.910226076792375949e+01
4.620000000000000000e+02	6.243617076496602891e+01
4.630000000000000000e+02	6.593967771956283741e+01
4.640000000000000000e+02	6.962028151728543435e+01
4.650000000000000000e+02	7.348574888390130866e+01
4.660000000000000000e+02	7.754411934072740564e+01
4.670000000000000000e+02	8.180371109911992278e+01
4.680000000000000000e+02	8.627312688055206991e+01
4.690000000000000000e+02	9.096125964812623010e+01
4.700000000000000000e+02	9.587729823477108937e+01
4.710000000000000000e+02	1.010307328527698303e+02
4.720000000000000000e+02	1.064313604686941801e+02
4.730000000000000000e+02	1.120892900273234574e+02
4.740000000000000000e+02	1.180149475082078681e+02
4.750000000000000000e+02	1.242190808016920442e+02
4.760000000000000000e+02	1.307127644106772664e+02
4.770000000000000000e+02	1.375074040844446586e+02
4.780000000000000000e+02	1.446147419644287879e+02
4.790000000000000000e+02	1.520468649155533001e+02
4.800000000000000000e+02	1.598162273776208053e+02
4.810000000000000000e+02	1.679357335669928091e+02
4.820000000000000000e+02	1.764190448009340173e+02
4.830000000000000000e+02	1.852816846438767868e+02
4.840000000000000000e+02	1.945447874581294911e+02
4.850000000000000000e+02	2.042470265611112836e+02
4.860000000000000000e+02	2.144801381500722641e+02
4.870000000000000000e+02	2.254877490456287319e+02
4.880000000000000000e+02	2.379216613005989416e+02
4.890000000000000000e+02	2.534597256527817706e+02
4.900000000000000000e+02	2.761859231212085888e+02
4.910000000000000000e+02	3.154328196780812732e+02
4.920000000000000000e+02	3.911439278374714377e+02
4.930000000000000000e+02	5.430462400905425966e+02
4.940000000000000000e+02	8.446407135319595909e+02
4.950000000000000000e+02	1.421642639810660057e+03
4.960000000000000000e+02	2.471507737033060948e+03
4.970000000000000000e+02	4.276121345495779678e+03
4.980000000000000000e+02	7.194939757659444695e+03
4.990000000000000000e+02	1.162382276876788637e+04
5.000000000000000000e+02	1.790940429066240540e+04
5.010000000000000000e+02	2.622281732827350788e+04
5.020000000000000000e+02	3.641835129674785276e+04
5.030000000000000000e+02	4.792432586933923449e+04
5.040000000000000000e+02	5.972251522237232712e+04
5.050000000000000000e+02	7.045755464977356314e+04
5.060000000000000000e+02	7.867717207109135052e+04
5.070000000000000000e+02	8.315067577705500298e+04
5.080000000000000000e+02	8.317106371339484758e+04
5.090000000000000000e+02	7.873889020343623997e+04
5.100000000000000000e+02	7.056212496103772719e+04
5.110000000000000000e+02	5.987205571751096431e+04
5.120000000000000000e+02	4.812107865652536566e+04
5.130000000000000000e+02	3.666426203159397119e+04
5.140000000000000000e+02	2.651927774402001523e+04
5.150000000000000000e+02	1.825719444371623831e+04
5.160000000000000000e+02	1.202321722419389334e+04
5.170000000000000000e+02	7.645900816315745033e+03
5.180000000000000000e+02	4.778500177517596057e+03
5.190000000000000000e+02	3.025199662434652055e+03
5.200000000000000000e+02	2.026676684604385628e+03
5.210000000000000000e+02	1.501210344199970450e+03
5.220000000000000000e+02	1.251501242042536205e+03
5.230000000000000000e+02	1.151964293351116567e+03
5.240000000000000000e+02	1.129199698788047499e+03
5.250000000000000000e+02	1.143557455727517208e+03
5.260000000000000000e+02	1.175154008814063900e+03
5.270000000000000000e+02	1.214706052682884547e+03
5.280000000000000000e+02	1.258172667152614167e+03
5.290000000000000000e+02	1.303915605639616388e+03
5.300000000000000000e+02	1.351320693586236530e+03
5.310000000000000000e+02	1.400180667395865157e+03
5.320000000000000000e+02	1.450439191492833970e+03
5.330000000000000000e+02	1.502092134580062520e+03
5.340000000000000000e+02	1.555152063012310691e+03
5.350000000000000000e+02	1.609636294930717668e+03
5.360000000000000000e+02	1.665563120854179260e+03
5.370000000000000000e+02	1.722950662993550168e+03
5.380000000000000000e+02	1.781816530739650261e+03
5.390000000000000000e+02	1.842177700645174127e+03
5.400000000000000000e+02	1.904050455462341233e+03
5.410000000000000000e+02	1.967450337526493740e+03
5.420000000000000000e+02	2.032392105211346916e+03
5.430000000000000000e+02	2.098889689828396513e+03
5.440000000000000000e+02	2.166956152435536751e+03
5.450000000000000000e+02	2.236603640495565742e+03
5.460000000000000000e+02	2.307843344428159071e+03
5.470000000000000000e+02	2.380685454121312887e+03
5.480000000000000000e+02	2.455139115474338723e+03
5.490000000000000000e+02	2.531212387047436550e+03
5.500000000000000000e+02	2.608912196895131729e+03
5.510000000000000000e+02	2.688244299662952471e+03
5.520000000000000000e+02	2.769213234028678471e+03
5.530000000000000000e+02	2.851822280571289866e+03
5.540000000000000000e+02	2.936073420152465587e+03
5.550000000000000000e+02	3.021967292897013522e+03
5.560000000000000000e+02	3.109503157860000556e+03
5.570000000000000000e+02	3.198678853469616115e+03
5.580000000000000000e+02	3.289490758835854194e+03
5.590000000000000000e+02	3.381933756016022471e+03
5.600000000000000000e+02	3.476001193328779664e+03
5.610000000000000000e+02	3.571684849808960280e+03
5.620000000000000000e+02	3.668974900895781502e+03
5.630000000000000000e+02	3.767859885447145189e+03
5.640000000000000000e+02	3.868326674172696585e+03
5.650000000000000000e+02	3.970360439578025762e+03
5.660000000000000000e+02	4.073944627511879844e+03
5.670000000000000000e+02	4.179060930407556043e+03
5.680000000000000000e+02	4.285689262308659636e+03
5.690000000000000000e+02	4.393807735768317798e+03
5.700000000000000000e+02	4.503392640709412262e+03
5.710000000000000000e+02	4.614418425331869912e+03
5.720000000000000000e+02	4.726857679151081356e+03
5.730000000000000000e+02	4.840681118249449355e+03
5.740000000000000000e+02	4.955857572820694259e+03
5.750000000000000000e+02	5.072353977083947939e+03
5.760000000000000000e+02	5.190135361641829149e+03
5.770000000000000000e+02	5.309164848353643720e+03
5.780000000000000000e+02	5.429403647791524236e+03
5.790000000000000000e+02	5.550811059343802299e+03
5.800000000000000000e+02	5.673344474026137505e+03
5.810000000000000000e+02	5.796959380056955524e+03
5.820000000000000000e+02	5.921609371249512151e+03
5.830000000000000000e+02	6.047246158268516410e+03
5.840000000000000000e+02	6.173819582794597409e+03
5.850000000000000000e+02	6.301277634635102004e+03
5.860000000000000000e+02	6.429566471814670876e+03
5.870000000000000000e+02	6.558630443673857371e+03
5.880000000000000000e+02	6.688412116998698366e+03
5.890000000000000000e+02	6.818852305198600334e+03
5.900000000000000000e+02	6.949890100544220331e+03
5.910000000000000000e+02	7.081462909471223611e+03
5.920000000000000000e+02	7.213506490949802355e+03
5.930000000000000000e+02	7.345954997913829175e+03
5.940000000000000000e+02	7.478741021737322626e+03
5.950000000000000000e+02	7.611795639739601938e+03
5.960000000000000000e+02	7.745048465694292645e+03
5.970000000000000000e+02	7.878427703310798279e+03
5.980000000000000000e+02	8.011860202650542305e+03
5.990000000000000000e+02	8.145271519433759750e+03
6.000000000000000000e+02	8.278585977186137825e+03
6.010000000000000000e+02	8.411726732168144736e+03
6.020000000000000000e+02	8.544615841023422036e+03
6.030000000000000000e+02	8.677174331076177623e+03
6.040000000000000000e+02	8.809322273201196367e+03
6.050000000000000000e+02	8.940978857183703440e+03
6.060000000000000000e+02	9.072062469480206346e+03
6.070000000000000000e+02	9.202490773285231626e+03
6.080000000000000000e+02	9.332180790802991396e+03
6.090000000000000000e+02	9.461048987617052262e+03
6.100000000000000000e+02	9.589011359045500285e+03
6.110000000000000000e+02	9.715983518363482290e+03
6.120000000000000000e+02	9.841880786769761471e+03
6.130000000000000000e+02	9.966618284968686567e+03
6.140000000000000000e+02	1.009011102623419538e+04
6.150000000000000000e+02	1.021227401081769494e+04
6.160000000000000000e+02	1.033302232155729689e+04
6.170000000000000000e+02	1.045227122054174470e+04
6.180000000000000000e+02	1.056993624667841868e+04
6.190000000000000000e+02	1.068593331401132127e+04
6.200000000000000000e+02	1.080017881063159075e+04
6.210000000000000000e+02	1.091258969802015054e+04
6.220000000000000000e+02	1.102308361065950885e+04
6.230000000000000000e+02	1.113157895574933718e+04
6.240000000000000000e+02	1.123799501285862425e+04
6.250000000000000000e+02	1.134225203334547768e+04
6.260000000000000000e+02	1.144427133937456165e+04
6.270000000000000000e+02	1.154397542236117442e+04
6.280000000000000000e+02	1.164128804067055898e+04
6.290000000000000000e+02	1.173613431640092313e+04
6.300000000000000000e+02	1.182844083107894221e+04
6.310000000000000000e+02	1.191813572009715244e+04
6.320000000000000000e+02	1.200514876572373942e+04
6.330000000000000000e+02	1.208941148851669277e+04
6.340000000000000000e+02	1.217085723697607500e+04
6.350000000000000000e+02	1.224942127527044613e+04
6.360000000000000000e+02	1.232504086887607082e+04
6.370000000000000000e+02	1.239765536797052118e+04
6.380000000000000000e+02	1.246720628842566657e+04
6.390000000000000000e+02	1.253363739024880670e+04
6.400000000000000000e+02	1.259689475332474285e+04
6.410000000000000000e+02	1.265692685031612564e+04
6.420000000000000000e+02	1.271368461658412889e+04
6.430000000000000000e+02	1.276712151699673450e+04
6.440000000000000000e+02	1.281719360949725888e+04
6.450000000000000000e+02	1.286385960531166529e+04
6.460000000000000000e+02	1.290708092567913809e+04
6.470000000000000000e+02	1.294682175499686127e+04
6.480000000000000000e+02	1.298304909027649592e+04
6.490000000000000000e+02	1.301573278681679949e+04
6.500000000000000000e+02	1.304484560000386955e+04
6.510000000000000000e+02	1.307036322315789403e+04
6.520000000000000000e+02	1.309226432135283903e+04
6.530000000000000000e+02	1.311053056114314131e+04
6.540000000000000000e+02	1.312514663613949233e+04
6.550000000000000000e+02	1.313610028838370272e+04
6.560000000000000000e+02	1.314338232548093401e+04
6.570000000000000000e+02	1.314698663345569912e+04
6.580000000000000000e+02	1.314691018530653673e+04
6.590000000000000000e+02	1.314315304524254316e+04
6.600000000000000000e+02	1.313571836859350151e+04
6.610000000000000000e+02	1.312461239739376833e+04
6.620000000000000000e+02	1.310984445164857243e+04
6.630000000000000000e+02	1.309142691629982437e+04
6.640000000000000000e+02	1.306937522391696439e+04
6.650000000000000000e+02	1.304370783314672917e+04
6.660000000000000000e+02	1.301444620296389985e+04
6.670000000000000000e+02	1.298161476277341353e+04
6.680000000000000000e+02	1.294524087842204972e+04
6.690000000000000000e+02	1.290535481418596100e+04
6.700000000000000000e+02	1.286198969080791358e+04
6.710000000000000000e+02	1.281518143966571552e+04
6.720000000000000000e+02	1.276496875316059231e+04
6.730000000000000000e+02	1.271139303142138851e+04
6.740000000000000000e+02	1.265449832542736840e+04
6.750000000000000000e+02	1.259433127665897882e+04
6.760000000000000000e+02	1.253094105339227826e+04
6.770000000000000000e+02	1.246437928375882439e+04
6.780000000000000000e+02	1.239469998569856034e+04
6.790000000000000000e+02	1.232195949393865703e+04
6.800000000000000000e+02	1.224621638413647088e+04
6.810000000000000000e+02	1.216753139432946045e+04
6.820000000000000000e+02	1.208596734383945295e+04
6.830000000000000000e+02	1.200158904978265855e+04
6.840000000000000000e+02	1.191446324134061069e+04
6.850000000000000000e+02	1.182465847195050992e+04
6.860000000000000000e+02	1.173224502957649565e+04
6.870000000000000000e+02	1.163729484522590792e+04
6.880000000000000000e+02	1.153988139987684372e+04
6.890000000000000000e+02	1.144007962998511539e+04
6.900000000000000000e+02	1.133796583174019179e+04
6.910000000000000000e+02	1.123361756424071064e+04
6.920000000000000000e+02	1.112711355176080906e+04
6.930000000000000000e+02	1.101853358527882301e+04
6.940000000000000000e+02	1.090795842343975346e+04
6.950000000000000000e+02	1.079546969312242436e+04
6.960000000000000000e+02	1.068114978978134604e+04
6.970000000000000000e+02	1.056508177773212628e+04
6.980000000000000000e+02	1.044734929054757959e+04
6.990000000000000000e+02	1.032803643172980082e+04
7.000000000000000000e+02	1.020722767582107736e+04
7.010000000000000000e+02	1.008500777011395257e+04
7.020000000000000000e+02	9.961461637117714417e+03
7.030000000000000000e+02	9.836674277935317150e+03
7.040000000000000000e+02	9.710730676701146876e+03
7.050000000000000000e+02	9.583715706226132170e+03
7.060000000000000000e+02	9.455714034992612142e+03
7.070000000000000000e+02	9.326810035636804969e+03
7.080000000000000000e+02	9.197087695052183335e+03
7.090000000000000000e+02	9.066630526242068299e+03
7.100000000000000000e+02	8.935521482044618097e+03
7.110000000000000000e+02	8.803842870848089660e+03
7.120000000000000000e+02	8.671676274408669997e+03
7.130000000000000000e+02	8.539102467877541130e+03
7.140000000000000000e+02	8.406201342137916072e+03
7.150000000000000000e+02	8.273051828546844263e+03
7.160000000000000000e+02	8.139731826170474051e+03
7.170000000000000000e+02	8.006318131595176965e+03
7.180000000000000000e+02	7.872886371390764907e+03
7.190000000000000000e+02	7.739510937295501208e+03
7.200000000000000000e+02	7.606264924186314602e+03
7.210000000000000000e+02	7.473220070891110481e+03
7.220000000000000000e+02	7.340446703893579979e+03
7.230000000000000000e+02	7.208013683974472769e+03
7.240000000000000000e+02	7.075988355826789302e+03
7.250000000000000000e+02	6.944436500675956268e+03
7.260000000000000000e+02	6.813422291929603489e+03
7.270000000000000000e+02	6.683008253875293121e+03
7.280000000000000000e+02	6.553255223438243775e+03
7.290000000000000000e+02	6.424222315004954908e+03
7.300000000000000000e+02	6.295966888312581432e+03
7.310000000000000000e+02	6.168544519397923978e+03
7.320000000000000000e+02	6.042008974594127722e+03
7.330000000000000000e+02	5.916412187557497418e+03
7.340000000000000000e+02	5.791804239301277448e+03
7.350000000000000000e+02	5.668233341207935155e+03
7.360000000000000000e+02	5.545745820986258877e+03
7.370000000000000000e+02	5.424386111534616248e+03
7.380000000000000000e+02	5.304196742666847967e+03
7.390000000000000000e+02	5.185218335652723908e+03
7.400000000000000000e+02	5.067489600520430940e+03
7.410000000000000000e+02	4.951047336064372757e+03
7.420000000000000000e+02	4.835926432497625683e+03
7.430000000000000000e+02	4.722159876684571827e+03
7.440000000000000000e+02	4.609778759885765794e+03
7.450000000000000000e+02	4.498812287943766023e+03
7.460000000000000000e+02	4.389287793835612320e+03
7.470000000000000000e+02	4.281230752514800770e+03
7.480000000000000000e+02	4.174664797963013370e+03
7.490000000000000000e+02	4.069611742369556396e+03
7.500000000000000000e+02	3.966091597354283294e+03
7.510000000000000000e+02	3.864122597147960732e+03
7.520000000000000000e+02	3.763721223642395216e+03
7.530000000000000000e+02	3.664902233221212100e+03
7.540000000000000000e+02	3.567678685281039634e+03
7.550000000000000000e+02	3.472061972351910299e+03
7.560000000000000000e+02	3.378061851724966346e+03
7.570000000000000000e+02	3.285686478495078518e+03
7.580000000000000000e+02	3.194942439925715462e+03
7.590000000000000000e+02	3.105834791043343557e+03
7.600000000000000000e+02	3.018367091368765159e+03
7.610000000000000000e+02	2.932541442693179761e+03
7.620000000000000000e+02	2.848358527807260998e+03
7.630000000000000000e+02	2.765817650092303666e+03
7.640000000000000000e+02	2.684916773883376209e+03
7.650000000000000000e+02	2.605652565515505557e+03
7.660000000000000000e+02	2.528020434965179447e+03
7.670000000000000000e+02	2.452014578000831989e+03
7.680000000000000000e+02	2.377628018757554855e+03
7.690000000000000000e+02	2.304852652652957659e+03
7.700000000000000000e+02	2.233679289562929171e+03
7.710000000000000000e+02	2.164097697178017825e+03
7.720000000000000000e+02	2.096096644463185839e+03
7.730000000000000000e+02	2.029663945145910020e+03
7.740000000000000000e+02	1.964786501159822819e+03
7.750000000000000000e+02	1.901450345973506728e+03
7.760000000000000000e+02	1.839640687736443397e+03
7.770000000000000000e+02	1.779341952176676841e+03
7.780000000000000000e+02	1.720537825187301905e+03
7.790000000000000000e+02	1.663211295041547601e+03
7.800000000000000000e+02	1.607344694178877489e+03
7.810000000000000000e+02	1.552919740507281404e+03
7.820000000000000000e+02	1.499917578169666967e+03
7.830000000000000000e+02	1.448318817725026065e+03
7.840000000000000000e+02	1.398103575697869928e+03
7.850000000000000000e+02	1.349251513452190920e+03
7.860000000000000000e+02	1.301741875349033535e+03
7.870000000000000000e+02	1.255553526149539721e+03
7.880000000000000000e+02	1.210664987628107383e+03
7.890000000000000000e+02	1.167054474363071904e+03
7.900000000000000000e+02	1.124699928675049705e+03
7.910000000000000000e+02	1.083579054685791334e+03
7.920000000000000000e+02	1.043669351473046618e+03
7.930000000000000000e+02	1.004948145299584326e+03
7.940000000000000000e+02	9.673926208970676726e+02
7.950000000000000000e+02	9.309798517880400368e+02
7.960000000000000000e+02	8.956868296317061322e+02
7.970000000000000000e+02	8.614904925816418881e+02
7.980000000000000000e+02	8.283677526458826605e+02
7.990000000000000000e+02	7.962955220421325748e+02
8.000000000000000000e+02	7.652507385430402564e+02
8.010000000000000000e+02	7.352103898086210165e+02
8.020000000000000000e+02	7.061515367049635188e+02
8.030000000000000000e+02	6.780513356103400611e+02
8.040000000000000000e+02	6.508870597117462466e+02
8.050000000000000000e+02	6.246361192967010538e+02
8.060000000000000000e+02	5.992760810468960244e+02
8.070000000000000000e+02	5.747846863419194960e+02
8.080000000000000000e+02	5.511398685828576163e+02
8.090000000000000000e+02	5.283197695470607869e+02
8.100000000000000000e+02	5.063027547867606017e+02
8.110000000000000000e+02	4.850674280855349707e+02
8.120000000000000000e+02	4.645926449878587619e+02
8.130000000000000000e+02	4.448575254181089349e+02
8.140000000000000000e+02	4.258414654064670799e+02
8.150000000000000000e+02	4.075241479401345259e+02
8.160000000000000000e+02	3.898855529591770619e+02
8.170000000000000000e+02	3.729059665171286042e+02
8.180000000000000000e+02	3.565659891272261461e+02
8.190000000000000000e+02	3.408465433158064570e+02
8.200000000000000000e+02	3.257288804049788951e+02
8.210000000000000000e+02	3.111945865472028458e+02
8.220000000000000000e+02	2.972255880348322421e+02
8.230000000000000000e+02	2.838041559080667184e+02
8.240000000000000000e+02	2.709129098850411879e+02
8.250000000000000000e+02	2.585348216380276654e+02
8.260000000000000000e+02	2.466532174398966788e+02
8.270000000000000000e+02	2.352517802050923024e+02
8.280000000000000000e+02	2.243145509494363523e+02
8.290000000000000000e+02	2.138259296930703215e+02
8.300000000000000000e+02	2.037706758307920154e+02
8.310000000000000000e+02	1.941339079939359351e+02
8.320000000000000000e+02	1.849011034277979206e+02
8.330000000000000000e+02	1.760580969084020637e+02
8.340000000000000000e+02	1.675910792221679628e+02
8.350000000000000000e+02	1.594865952317573772e+02
8.360000000000000000e+02	1.517315415510562957e+02
8.370000000000000000e+02	1.443131638519020896e+02
8.380000000000000000e+02	1.372190538247687925e+02
8.390000000000000000e+02	1.304371458152196510e+02
8.400000000000000000e+02	1.239557131574842543e+02
8.410000000000000000e+02	1.177633642260518059e+02
8.420000000000000000e+02	1.118490382256821931e+02
8.430000000000000000e+02	1.062020007397267563e+02
8.440000000000000000e+02	1.008118390561153888e+02
8.450000000000000000e+02	9.566845728982960395e+01
8.460000000000000000e+02	9.076207132011660406e+01
8.470000000000000000e+02	8.608320356013170738e+01
8.480000000000000000e+02	8.162267757611658681e+01
8.490000000000000000e+02	7.737161257263046821e+01
8.500000000000000000e+02	7.332141775976290887e+01
8.510000000000000000e+02	6.946378661765201912e+01
8.520000000000000000e+02	6.579069107304034958e+01
8.530000000000000000e+02	6.229437560198975632e+01
8.540000000000000000e+02	5.896735127228637907e+01
8.550000000000000000e+02	5.580238973845941075e+01
8.560000000000000000e+02	5.279251720174986673e+01
8.570000000000000000e+02	4.993100834676958755e+01
8.580000000000000000e+02	4.721138026601131799e+01
8.590000000000000000e+02	4.462738638278985803e+01
8.600000000000000000e+02	4.217301038262779400e+01
8.610000000000000000e+02	3.984246016253749900e+01
8.620000000000000000e+02	3.763016180710205560e+01
8.630000000000000000e+02	3.553075359971854397e+01
8.640000000000000000e+02	3.353908007683716619e+01
8.650000000000000000e+02	3.165018613251728397e+01
8.660000000000000000e+02	2.985931118011461294e+01
8.670000000000000000e+02	2.816188337742711667e+01
8.680000000000000000e+02	2.655351392114827291e+01
8.690000000000000000e+02	2.502999141601675603e+01
8.700000000000000000e+02	2.358727632360132276e+01
8.710000000000000000e+02	2.222149549522950807e+01
8.720000000000000000e+02	2.092893679314760291e+01
8.730000000000000000e+02	1.970604380359952401e+01
8.740000000000000000e+02	1.854941064512162185e+01
8.750000000000000000e+02	1.745577687498025909e+01
8.760000000000000000e+02	1.642202249632002165e+01
8.770000000000000000e+02	1.544516306824995766e+01
8.780000000000000000e+02	1.452234492076747152e+01
8.790000000000000000e+02	1.365084047610866769e+01
8.800000000000000000e+02	1.282804367781708876e+01
8.810000000000000000e+02	1.205146552854101571e+01
8.820000000000000000e+02	1.131872973730271958e+01
8.830000000000000000e+02	1.062756847672998362e+01
8.840000000000000000e+02	9.975818250502117124e+00
8.850000000000000000e+02	9.361415871037626957e+00
8.860000000000000000e+02	8.782394547240230054e+00
8.870000000000000000e+02	8.236880081921453822e+00
8.880000000000000000e+02	7.723087178334050229e+00
8.890000000000000000e+02	7.239315855077581574e+00
8.900000000000000000e+02	6.783947968478117652e+00
8.910000000000000000e+02	6.355443841395511662e+00
8.920000000000000000e+02	5.952338997275632870e+00
8.930000000000000000e+02	5.573240998138981439e+00
8.940000000000000000e+02	5.216826385082818263e+00
8.950000000000000000e+02	4.881837719769443140e+00
8.960000000000000000e+02	4.567080725278600539e+00
8.970000000000000000e+02	4.271421524617451837e+00
8.980000000000000000e+02	3.993783975105362760e+00
8.990000000000000000e+02	3.733147096784047658e+00
9.000000000000000000e+02	3.488542592944537724e+00
9.010000000000000000e+02	3.259052460811986851e+00
9.020000000000000000e+02	3.043806690385742808e+00
9.030000000000000000e+02	2.841981049396253400e+00
9.040000000000000000e+02	2.652794952310976839e+00
9.050000000000000000e+02	2.475509411298456364e+00
9.060000000000000000e+02	2.309425067043068935e+00
9.070000000000000000e+02	2.153880297291496770e+00
9.080000000000000000e+02	2.008249401006304780e+00
9.090000000000000000e+02	1.871940856001026665e+00
9.100000000000000000e+02	1.744395647935000682e+00
9.110000000000000000e+02	1.625085668554210772e+00
9.120000000000000000e+02	1.513512181076693386e+00
9.130000000000000000e+02	1.409204350636732217e+00
9.140000000000000000e+02	1.311717837721501301e+00
9.150000000000000000e+02	1.220633452556185716e+00
9.160000000000000000e+02	1.135555868418893111e+00
9.170000000000000000e+02	1.056112391894695968e+00
9.180000000000000000e+02	9.819517881083261734e-01
9.190000000000000000e+02	9.127431590075653078e-01
9.200000000000000000e+02	8.481748728036775375e-01
9.210000000000000000e+02	7.879535427112323021e-01
9.220000000000000000e+02	7.318030531672325978e-01
9.230000000000000000e+02	6.794636317482009025e-01
9.240000000000000000e+02	6.306909650438000670e-01
9.250000000000000000e+02	5.852553567863759687e-01
9.260000000000000000e+02	5.429409265774239879e-01
9.270000000000000000e+02	5.035448475941353141e-01
9.280000000000000000e+02	4.668766217018507914e-01
9.290000000000000000e+02	4.327573904412302941e-01
9.300000000000000000e+02	4.010192804021200930e-01
9.310000000000000000e+02	3.715047815393348607e-01
9.320000000000000000e+02	3.440661570288083282e-01
9.330000000000000000e+02	3.185648833056339280e-01
9.340000000000000000e+02	2.948711189683964062e-01
9.350000000000000000e+02	2.728632012766765147e-01
9.360000000000000000e+02	2.524271690108159660e-01
9.370000000000000000e+02	2.334563105046388587e-01
9.380000000000000000e+02	2.158507357030073626e-01
9.390000000000000000e+02	1.995169711365804011e-01
9.400000000000000000e+02	1.843675767460706272e-01
9.410000000000000000e+02	1.703207835274606619e-01
9.420000000000000000e+02	1.573001510080995480e-01
9.430000000000000000e+02	1.452342436012730442e-01
9.440000000000000000e+02	1.340563249236987331e-01
9.450000000000000000e+02	1.237040691964356176e-01
9.460000000000000000e+02	1.141192888848510251e-01
9.470000000000000000e+02	1.052476777675805386e-01
9.480000000000000000e+02	9.703856865780934038e-02
9.490000000000000000e+02	8.944470503268299455e-02
9.500000000000000000e+02	8.242202585822491767e-02
9.510000000000000000e+02	7.592946292778873785e-02
9.520000000000000000e+02	6.992875006179374853e-02
9.530000000000000000e+02	6.438424354529796723e-02
9.540000000000000000e+02	5.926275320783686712e-02
9.550000000000000000e+02	5.453338357692909255e-02
9.560000000000000000e+02	5.016738456270128377e-02
9.570000000000000000e+02	4.613801115624551613e-02
9.580000000000000000e+02	4.242039164858754652e-02
9.590000000000000000e+02	3.899140390053715960e-02
9.600000000000000000e+02	3.582955921622244660e-02
9.610000000000000000e+02	3.291489339478400472e-02
9.620000000000000000e+02	3.022886455555664695e-02
9.630000000000000000e+02	2.775425735209583952e-02
9.640000000000000000e+02	2.547509320963916787e-02
9.650000000000000000e+02	2.337654623904494161e-02
9.660000000000000000e+02	2.144486449794495708e-02
9.670000000000000000e+02	1.966729628679694114e-02
9.680000000000000000e+02	1.803202118375328566e-02
9.690000000000000000e+02	1.652808553778924508e-02
9.700000000000000000e+02	1.514534215438169754e-02
9.710000000000000000e+02	1.387439392221544165e-02
9.720000000000000000e+02	1.270654114294173138e-02
9.730000000000000000e+02	1.163373233893863143e-02
9.740000000000000000e+02	1.064851832635408009e-02
9.750000000000000000e+02	9.744009352461039178e-03
9.760000000000000000e+02	8.913835107546166578e-03
9.770000000000000000e+02	8.152107432208458709e-03
9.780000000000000000e+02	7.453385551079219455e-03
9.790000000000000000e+02	6.812643673612463723e-03
9.800000000000000000e+02	6.225240811751917361e-03
9.810000000000000000e+02	5.686892672978027287e-03
9.820000000000000000e+02	5.193645495492915133e-03
9.830000000000000000e+02	4.741851700131853586e-03
9.840000000000000000e+02	4.328147241013506098e-03
9.850000000000000000e+02	3.949430543976311346e-03
9.860000000000000000e+02	3.602842928510065473e-03
9.870000000000000000e+02	3.285750415198275976e-03
9.880000000000000000e+02	2.995726826651756800e-03
9.890000000000000000e+02	2.730538095555060628e-03
9.900000000000000000e+02	2.488127698777494335e-03
9.910000000000000000e+02	2.266603141535308494e-03
9.920000000000000000e+02	2.064223420344706537e-03
9.930000000000000000e+02	1.879387397989972517e-03
9.940000000000000000e+02	1.710623027960628262e-03
9.950000000000000000e+02	1.556577369798032000e-03
9.960000000000000000e+02	1.416007340547901670e-03
9.970000000000000000e+02	1.287771151052104256e-03
9.980000000000000000e+02	1.170820379141837000e-03
9.990000000000000000e+02	1.064192634925925900e-03
1.000000000000000000e+03	9.670047763125734020e-04
