4.410000000000000000e+02	1.993914399281089445e+01
4.420000000000000000e+02	2.108402983910580630e+01
4.430000000000000000e+02	2.228929780282904716e+01
4.440000000000000000e+02	2.355780396394421317e+01
4.450000000000000000e+02	2.489252043336390230e+01
4.460000000000000000e+02	2.629653901941209426e+01
4.470000000000000000e+02	2.777307495465097276e+01
4.480000000000000000e+02	2.932547068097010623e+01
4.490000000000000000e+02	3.095719969061558174e+01
4.500000000000000000e+02	3.267187042061037516e+01
4.510000000000000000e+02	3.447323019778129094e+01
4.520000000000000000e+02	3.636516923136590407e+01
4.530000000000000000e+02	3.835172464992179187e+01
4.540000000000000000e+02	4.043708457900399367e+01
4.550000000000000000e+02	4.262559225581003375e+01
4.560000000000000000e+02	4.492175017672222737e+01
4.570000000000000000e+02	4.733022427339621885e+01
4.580000000000000000e+02	4.985584811276054751e+01
4.590000000000000000e+02	5.250362711600089227e+01
4.600000000000000000e+02	5.527874279130323742e+01
4.610000000000000000e+02	5.818655697483018940e+01
4.620000000000000000e+02	6.123261607409264684e+01
4.630000000000000000e+02	6.442265530756849046e+01
4.640000000000000000e+02	6.776260293410155100e+01
4.650000000000000000e+02	7.125858446529049672e+01
4.660000000000000000e+02	7.491692685375623739e+01
4.670000000000000000e+02	7.874416264984328961e+01
4.680000000000000000e+02	8.274703411898504157e+01
4.690000000000000000e+02	8.693249731162669036e+01
4.700000000000000000e+02	9.130772607726966328e+01
4.710000000000000000e+02	9.588011601386502036e+01
4.720000000000000000e+02	1.006572883434523789e+02
4.730000000000000000e+02	1.056470937046072152e+02
4.740000000000000000e+02	1.108576158519289550e+02
4.750000000000000000e+02	1.162971752524767339e+02
4.760000000000000000e+02	1.219743325687321089e+02
4.770000000000000000e+02	1.278978920173527598e+02
4.780000000000000000e+02	1.340769045926617480e+02
4.790000000000000000e+02	1.405206711435165801e+02
4.800000000000000000e+02	1.472387452919108739e+02
4.810000000000000000e+02	1.542409361814855799e+02
4.820000000000000000e+02	1.615373110447885097e+02
4.830000000000000000e+02	1.691381975847511114e+02
4.840000000000000000e+02	1.770541862126879948e+02
4.850000000000000000e+02	1.852961324804660705e+02
4.860000000000000000e+02	1.938751617532541616e+02
4.870000000000000000e+02	2.028026872552715929e+02
4.880000000000000000e+02	2.120904969739372063e+02
4.890000000000000000e+02	2.217511632849151226e+02
4.900000000000000000e+02	2.317998401313076613e+02
4.910000000000000000e+02	2.422615332044607612e+02
4.920000000000000000e+02	2.531981374257462392e+02
4.930000000000000000e+02	2.648006704824256303e+02
4.940000000000000000e+02	2.776771441809787575e+02
4.950000000000000000e+02	2.936719123380310634e+02
4.960000000000000000e+02	3.179830232925553446e+02
4.970000000000000000e+02	3.640998619580229274e+02
4.980000000000000000e+02	4.641010418105653343e+02
4.990000000000000000e+02	6.875912116696381418e+02
5.000000000000000000e+02	1.171644254177792845e+03
5.010000000000000000e+02	2.159422916810870447e+03
5.020000000000000000e+02	4.034975894037136641e+03
5.030000000000000000e+02	7.327564252274039063e+03
5.040000000000000000e+02	1.264839393276881674e+04
5.050000000000000000e+02	2.052938396012886369e+04
5.060000000000000000e+02	3.116967214996909752e+04
5.070000000000000000e+02	4.415790166798238351e+04
5.080000000000000000e+02	5.829831077447824646e+04
5.090000000000000000e+02	7.167933855190720351e+04
5.100000000000000000e+02	8.205010684257157845e+04
5.110000000000000000e+02	8.742692208860223764e+04
5.120000000000000000e+02	8.671154487064100977e+04
5.130000000000000000e+02	8.005796271792675543e+04
5.140000000000000000e+02	6.882005791119619971e+04
5.150000000000000000e+02	5.510450256226027705e+04
5.160000000000000000e+02	4.113093586504298582e+04
5.170000000000000000e+02	2.866440906388644726e+04
5.180000000000000000e+02	1.871060962197220942e+04
5.190000000000000000e+02	1.151465681319071155e+04
5.200000000000000000e+02	6.772899987312045596e+03
5.210000000000000000e+02	3.914673218494393950e+03
5.220000000000000000e+02	2.337545598150236401e+03
5.230000000000000000e+02	1.544044355078787930e+03
5.240000000000000000e+02	1.185537899759117863e+03
5.250000000000000000e+02	1.047578083504063670e+03
5.260000000000000000e+02	1.012341728087471779e+03
5.270000000000000000e+02	1.021404828538814286e+03
5.280000000000000000e+02	1.048447571736177451e+03
5.290000000000000000e+02	1.082651422704966308e+03
5.300000000000000000e+02	1.119950038477839144e+03
5.310000000000000000e+02	1.158947702000906474e+03
5.320000000000000000e+02	1.199212176917840452e+03
5.330000000000000000e+02	1.240629294751829775e+03
5.340000000000000000e+02	1.283181142563829098e+03
5.350000000000000000e+02	1.326876474050610796e+03
5.360000000000000000e+02	1.371730708999956505e+03
5.370000000000000000e+02	1.417760644061086168e+03
5.380000000000000000e+02	1.464983151712690642e+03
5.390000000000000000e+02	1.513414869655188795e+03
5.400000000000000000e+02	1.563072115769273978e+03
5.410000000000000000e+02	1.613970850039025436e+03
5.420000000000000000e+02	1.666126645196016852e+03
5.430000000000000000e+02	1.719554658575285885e+03
5.440000000000000000e+02	1.774269603844687254e+03
5.450000000000000000e+02	1.830285722408101037e+03
5.460000000000000000e+02	1.887616754477476206e+03
5.470000000000000000e+02	1.946275909840310760e+03
5.480000000000000000e+02	2.006275838355090400e+03
5.490000000000000000e+02	2.067628600209249726e+03
5.500000000000000000e+02	2.130345635975811092e+03
5.510000000000000000e+02	2.194437736506298279e+03
5.520000000000000000e+02	2.259915012698985265e+03
5.530000000000000000e+02	2.326786865182907604e+03
5.540000000000000000e+02	2.395061953959474522e+03
5.550000000000000000e+02	2.464748168044798604e+03
5.560000000000000000e+02	2.535852595157172800e+03
5.570000000000000000e+02	2.608381491495337741e+03
5.580000000000000000e+02	2.682340251654373333e+03
5.590000000000000000e+02	2.757733378727172294e+03
5.600000000000000000e+02	2.834564454640484200e+03
5.610000000000000000e+02	2.912836110775557245e+03
5.620000000000000000e+02	2.992549998924314878e+03
5.630000000000000000e+02	3.073706762632827122e+03
5.640000000000000000e+02	3.156306008984666278e+03
5.650000000000000000e+02	3.240346280877389290e+03
5.660000000000000000e+02	3.325825029846022971e+03
5.670000000000000000e+02	3.412738589487931677e+03
5.680000000000000000e+02	3.501082149543892683e+03
5.690000000000000000e+02	3.590849730690537399e+03
5.700000000000000000e+02	3.682034160099542987e+03
5.710000000000000000e+02	3.774627047819103154e+03
5.720000000000000000e+02	3.868618764033224579e+03
5.730000000000000000e+02	3.963998417254340893e+03
5.740000000000000000e+02	4.060753833504529666e+03
5.750000000000000000e+02	4.158871536540312263e+03
5.760000000000000000e+02	4.258336729175630353e+03
5.770000000000000000e+02	4.359133275757038064e+03
5.780000000000000000e+02	4.461243685844503489e+03
5.790000000000000000e+02	4.564649099150460643e+03
5.800000000000000000e+02	4.669329271788842561e+03
5.810000000000000000e+02	4.775262563884839437e+03
5.820000000000000000e+02	4.882425928594966535e+03
5.830000000000000000e+02	4.990794902585808813e+03
5.840000000000000000e+02	5.100343598018366720e+03
5.850000000000000000e+02	5.211044696083526105e+03
5.860000000000000000e+02	5.322869442132444419e+03
5.870000000000000000e+02	5.435787642443987352e+03
5.880000000000000000e+02	5.549767662669424681e+03
5.890000000000000000e+02	5.664776427992670506e+03
5.900000000000000000e+02	5.780779425042191178e+03
5.910000000000000000e+02	5.897740705588547826e+03
5.920000000000000000e+02	6.015622892059171136e+03
5.930000000000000000e+02	6.134387184899562271e+03
5.940000000000000000e+02	6.253993371807538097e+03
5.950000000000000000e+02	6.374399838864535923e+03
5.960000000000000000e+02	6.495563583585210836e+03
5.970000000000000000e+02	6.617440229903735599e+03
5.980000000000000000e+02	6.739984045112270906e+03
5.990000000000000000e+02	6.863147958764094255e+03
6.000000000000000000e+02	6.986883583550705225e+03
6.010000000000000000e+02	7.111141238159120803e+03
6.020000000000000000e+02	7.235869972112293908e+03
6.030000000000000000e+02	7.361017592592263100e+03
6.040000000000000000e+02	7.486530693242321831e+03
6.050000000000000000e+02	7.612354684941008600e+03
6.060000000000000000e+02	7.738433828537297813e+03
6.070000000000000000e+02	7.864711269532856932e+03
6.080000000000000000e+02	7.991129074693658367e+03
6.090000000000000000e+02	8.117628270569727647e+03
6.100000000000000000e+02	8.244148883898156782e+03
6.110000000000000000e+02	8.370629983860995708e+03
6.120000000000000000e+02	8.497009726165957545e+03
6.130000000000000000e+02	8.623225398914339166e+03
6.140000000000000000e+02	8.749213470216960559e+03
6.150000000000000000e+02	8.874909637515371287e+03
6.160000000000000000e+02	9.000248878562017126e+03
6.170000000000000000e+02	9.125165504009628421e+03
6.180000000000000000e+02	9.249593211556571987e+03
6.190000000000000000e+02	9.373465141591588690e+03
6.200000000000000000e+02	9.496713934277935550e+03
6.210000000000000000e+02	9.619271788013758851e+03
6.220000000000000000e+02	9.741070519202274227e+03
6.230000000000000000e+02	9.862041623262306530e+03
6.240000000000000000e+02	9.982116336806648178e+03
6.250000000000000000e+02	1.010122570091289344e+04
6.260000000000000000e+02	1.021930062540850668e+04
6.270000000000000000e+02	1.033627195408931948e+04
6.280000000000000000e+02	1.045207053078796707e+04
6.290000000000000000e+02	1.056662726620648573e+04
6.300000000000000000e+02	1.067987320542491398e+04
6.310000000000000000e+02	1.079173959599561385e+04
6.320000000000000000e+02	1.090215795653110217e+04
6.330000000000000000e+02	1.101106014569125364e+04
6.340000000000000000e+02	1.111837843147412968e+04
6.350000000000000000e+02	1.122404556071316438e+04
6.360000000000000000e+02	1.132799482868211635e+04
6.370000000000000000e+02	1.143016014870799336e+04
6.380000000000000000e+02	1.153047612169128661e+04
6.390000000000000000e+02	1.162887810543191699e+04
6.400000000000000000e+02	1.172530228365884795e+04
6.410000000000000000e+02	1.181968573466079579e+04
6.420000000000000000e+02	1.191196649941530814e+04
6.430000000000000000e+02	1.200208364911347053e+04
6.440000000000000000e+02	1.208997735197764632e+04
6.450000000000000000e+02	1.217558893927005192e+04
6.460000000000000000e+02	1.225886097039059314e+04
6.470000000000000000e+02	1.233973729696306145e+04
6.480000000000000000e+02	1.241816312580990598e+04
6.490000000000000000e+02	1.249408508071686083e+04
6.500000000000000000e+02	1.256745126289015207e+04
6.510000000000000000e+02	1.263821131001056892e+04
6.520000000000000000e+02	1.270631645379043584e+04
6.530000000000000000e+02	1.277171957594152445e+04
6.540000000000000000e+02	1.283437526246404013e+04
6.550000000000000000e+02	1.289423985616919344e+04
6.560000000000000000e+02	1.295127150735038413e+04
6.570000000000000000e+02	1.300543022252069568e+04
6.580000000000000000e+02	1.305667791113727071e+04
6.590000000000000000e+02	1.310497843023619498e+04
6.600000000000000000e+02	1.315029762690465759e+04
6.610000000000000000e+02	1.319260337852057637e+04
6.620000000000000000e+02	1.323186563069327531e+04
6.630000000000000000e+02	1.326805643284253892e+04
6.640000000000000000e+02	1.330114997135705198e+04
6.650000000000000000e+02	1.333112260027717639e+04
6.660000000000000000e+02	1.335795286945101179e+04
6.670000000000000000e+02	1.338162155011679351e+04
6.680000000000000000e+02	1.340211165786895981e+04
6.690000000000000000e+02	1.341940847296941865e+04
6.700000000000000000e+02	1.343349955797008261e+04
6.710000000000000000e+02	1.344437477261710228e+04
6.720000000000000000e+02	1.345202628601179640e+04
6.730000000000000000e+02	1.345644858600785665e+04
6.740000000000000000e+02	1.345763848582908213e+04
6.750000000000000000e+02	1.345559512789645669e+04
6.760000000000000000e+02	1.345031998485818804e+04
6.770000000000000000e+02	1.344181685782095519e+04
6.780000000000000000e+02	1.343009187178533466e+04
6.790000000000000000e+02	1.341515346829309783e+04
6.800000000000000000e+02	1.339701239529869963e+04
6.810000000000000000e+02	1.337568169428201873e+04
6.820000000000000000e+02	1.335117668462393885e+04
6.830000000000000000e+02	1.332351494527100294e+04
6.840000000000000000e+02	1.329271629371983545e+04
6.850000000000000000e+02	1.325880276235654128e+04
6.860000000000000000e+02	1.322179857219057885e+04
6.870000000000000000e+02	1.318173010402698310e+04
6.880000000000000000e+02	1.313862586712493794e+04
6.890000000000000000e+02	1.309251646539484500e+04
6.900000000000000000e+02	1.304343456118996619e+04
6.910000000000000000e+02	1.299141483675263771e+04
6.920000000000000000e+02	1.293649395337870737e+04
6.930000000000000000e+02	1.287871050836755057e+04
6.940000000000000000e+02	1.281810498982834724e+04
6.950000000000000000e+02	1.275471972941675813e+04
6.960000000000000000e+02	1.268859885307912919e+04
6.970000000000000000e+02	1.261978822988449065e+04
6.980000000000000000e+02	1.254833541902732031e+04
6.990000000000000000e+02	1.247428961508676184e+04
7.000000000000000000e+02	1.239770159163041899e+04
7.010000000000000000e+02	1.231862364325317139e+04
7.020000000000000000e+02	1.223710952614349299e+04
7.030000000000000000e+02	1.215321439727175675e+04
7.040000000000000000e+02	1.206699475229664131e+04
7.050000000000000000e+02	1.197850836228733897e+04
7.060000000000000000e+02	1.188781420936054928e+04
7.070000000000000000e+02	1.179497242133242071e+04
7.080000000000000000e+02	1.170004420548645430e+04
7.090000000000000000e+02	1.160309178155920563e+04
7.100000000000000000e+02	1.150417831404605568e+04
7.110000000000000000e+02	1.140336784392973823e+04
7.120000000000000000e+02	1.130072521993433293e+04
7.130000000000000000e+02	1.119631602940750781e+04
7.140000000000000000e+02	1.109020652893336228e+04
7.150000000000000000e+02	1.098246357477790662e+04
7.160000000000000000e+02	1.087315455326848496e+04
7.170000000000000000e+02	1.076234731120762444e+04
7.180000000000000000e+02	1.065011008642080560e+04
7.190000000000000000e+02	1.053651143853637768e+04
7.200000000000000000e+02	1.042162018009455460e+04
7.210000000000000000e+02	1.030550530808078656e+04
7.220000000000000000e+02	1.018823593597716899e+04
7.230000000000000000e+02	1.006988122642361122e+04
7.240000000000000000e+02	9.950510324578490327e+03
7.250000000000000000e+02	9.830192292266328877e+03
7.260000000000000000e+02	9.708996042997707264e+03
7.270000000000000000e+02	9.586990277944178160e+03
7.280000000000000000e+02	9.464243422948342413e+03
7.290000000000000000e+02	9.340823566646553445e+03
7.300000000000000000e+02	9.216798399778888779e+03
7.310000000000000000e+02	9.092235155758096880e+03
7.320000000000000000e+02	8.967200552566206170e+03
7.330000000000000000e+02	8.841760736044332589e+03
7.340000000000000000e+02	8.715981224638069762e+03
7.350000000000000000e+02	8.589926855657502529e+03
7.360000000000000000e+02	8.463661733107597684e+03
7.370000000000000000e+02	8.337249177141258770e+03
7.380000000000000000e+02	8.210751675183919360e+03
7.390000000000000000e+02	8.084230834775055882e+03
7.400000000000000000e+02	7.957747338168353053e+03
7.410000000000000000e+02	7.831360898728889879e+03
7.420000000000000000e+02	7.705130219161927016e+03
7.430000000000000000e+02	7.579112951604411137e+03
7.440000000000000000e+02	7.453365659606665758e+03
7.450000000000000000e+02	7.327943782028175519e+03
7.460000000000000000e+02	7.202901598867722896e+03
7.470000000000000000e+02	7.078292199044697554e+03
7.480000000000000000e+02	6.954167450144711438e+03
7.490000000000000000e+02	6.830577970139306672e+03
7.500000000000000000e+02	6.707573101085963572e+03
7.510000000000000000e+02	6.585200884811291871e+03
7.520000000000000000e+02	6.463508040576874009e+03
7.530000000000000000e+02	6.342539944723976078e+03
7.540000000000000000e+02	6.222340612290084209e+03
7.550000000000000000e+02	6.102952680587098257e+03
7.560000000000000000e+02	5.984417394727893225e+03
7.570000000000000000e+02	5.866774595085025794e+03
7.580000000000000000e+02	5.750062706662379242e+03
7.590000000000000000e+02	5.634318730357803361e+03
7.600000000000000000e+02	5.519578236092020234e+03
7.610000000000000000e+02	5.405875357776491001e+03
7.620000000000000000e+02	5.293242790090415838e+03
7.630000000000000000e+02	5.181711787034605550e+03
7.640000000000000000e+02	5.071312162227716726e+03
7.650000000000000000e+02	4.962072290908104151e+03
7.660000000000000000e+02	4.854019113602519610e+03
7.670000000000000000e+02	4.747178141420907195e+03
7.680000000000000000e+02	4.641573462934733470e+03
7.690000000000000000e+02	4.537227752594547383e+03
7.700000000000000000e+02	4.434162280640927747e+03
7.710000000000000000e+02	4.332396924461451817e+03
7.720000000000000000e+02	4.231950181345007877e+03
7.730000000000000000e+02	4.132839182583523325e+03
7.740000000000000000e+02	4.035079708870151990e+03
7.750000000000000000e+02	3.938686206941848013e+03
7.760000000000000000e+02	3.843671807413563783e+03
7.770000000000000000e+02	3.750048343750437198e+03
7.780000000000000000e+02	3.657826372323789656e+03
7.790000000000000000e+02	3.567015193496240045e+03
7.800000000000000000e+02	3.477622873680847079e+03
7.810000000000000000e+02	3.389656268318926777e+03
7.820000000000000000e+02	3.303121045721046357e+03
7.830000000000000000e+02	3.218021711715627134e+03
7.840000000000000000e+02	3.134361635049661800e+03
7.850000000000000000e+02	3.052143073486205594e+03
7.860000000000000000e+02	2.971367200543571926e+03
7.870000000000000000e+02	2.892034132821506773e+03
7.880000000000000000e+02	2.814142957860090974e+03
7.890000000000000000e+02	2.737691762477648354e+03
7.900000000000000000e+02	2.662677661534587969e+03
7.910000000000000000e+02	2.589096827070799918e+03
7.920000000000000000e+02	2.516944517765054570e+03
7.930000000000000000e+02	2.446215108665686330e+03
7.940000000000000000e+02	2.376902121142843498e+03
7.950000000000000000e+02	2.308998253013532121e+03
7.960000000000000000e+02	2.242495408791817226e+03
7.970000000000000000e+02	2.177384730017650327e+03
7.980000000000000000e+02	2.113656625618988983e+03
7.990000000000000000e+02	2.051300802263139303e+03
8.000000000000000000e+02	1.990306294654502608e+03
8.010000000000000000e+02	1.930661495737297855e+03
8.020000000000000000e+02	1.872354186763162033e+03
8.030000000000000000e+02	1.815371567184958849e+03
8.040000000000000000e+02	1.759700284339578275e+03
8.050000000000000000e+02	1.705326462883957674e+03
8.060000000000000000e+02	1.652235733950058147e+03
8.070000000000000000e+02	1.600413263986054062e+03
8.080000000000000000e+02	1.549843783252493722e+03
8.090000000000000000e+02	1.500511613943750035e+03
8.100000000000000000e+02	1.452400697906628693e+03
8.110000000000000000e+02	1.405494623929528871e+03
8.120000000000000000e+02	1.359776654577148747e+03
8.130000000000000000e+02	1.315229752547227918e+03
8.140000000000000000e+02	1.271836606527401955e+03
8.150000000000000000e+02	1.229579656531779619e+03
8.160000000000000000e+02	1.188441118698352739e+03
8.170000000000000000e+02	1.148403009529892643e+03
8.180000000000000000e+02	1.109447169562463614e+03
8.190000000000000000e+02	1.071555286447156732e+03
8.200000000000000000e+02	1.034708917432122462e+03
8.210000000000000000e+02	9.988895112333777888e+02
8.220000000000000000e+02	9.640784292842863579e+02
8.230000000000000000e+02	9.302569663549844563e+02
8.240000000000000000e+02	8.974063705343495485e+02
8.250000000000000000e+02	8.655078625684390090e+02
8.260000000000000000e+02	8.345426545505899867e+02
8.270000000000000000e+02	8.044919679596098376e+02
8.280000000000000000e+02	7.753370510437038092e+02
8.290000000000000000e+02	7.470591955489303473e+02
8.300000000000000000e+02	7.196397527921174060e+02
8.310000000000000000e+02	6.930601490792487311e+02
8.320000000000000000e+02	6.673019004713773938e+02
8.330000000000000000e+02	6.423466269011188388e+02
8.340000000000000000e+02	6.181760656437447778e+02
8.350000000000000000e+02	5.947720841478039802e+02
8.360000000000000000e+02	5.721166922310818563e+02
8.370000000000000000e+02	5.501920536485271214e+02
8.380000000000000000e+02	5.289804970395665578e+02
8.390000000000000000e+02	5.084645262629720719e+02
8.400000000000000000e+02	4.886268301281357367e+02
8.410000000000000000e+02	4.694502915322718195e+02
8.420000000000000000e+02	4.509179960136654586e+02
8.430000000000000000e+02	4.330132397316700690e+02
8.440000000000000000e+02	4.157195368846702195e+02
8.450000000000000000e+02	3.990206265777147223e+02
8.460000000000000000e+02	3.829004791519742525e+02
8.470000000000000000e+02	3.673433019885708859e+02
8.480000000000000000e+02	3.523335447996983021e+02
8.490000000000000000e+02	3.378559044202708606e+02
8.500000000000000000e+02	3.238953291136294297e+02
8.510000000000000000e+02	3.104370224050773004e+02
8.520000000000000000e+02	2.974664464572382485e+02
8.530000000000000000e+02	2.849693250013992269e+02
8.540000000000000000e+02	2.729316458391526226e+02
8.550000000000000000e+02	2.613396629287570363e+02
8.560000000000000000e+02	2.501798980707184796e+02
8.570000000000000000e+02	2.394391422071459203e+02
8.580000000000000000e+02	2.291044563494415911e+02
8.590000000000000000e+02	2.191631721488979565e+02
8.600000000000000000e+02	2.096028921247157655e+02
8.610000000000000000e+02	2.004114895639145004e+02
8.620000000000000000e+02	1.915771081075042446e+02
8.630000000000000000e+02	1.830881610371928900e+02
8.640000000000000000e+02	1.749333302767627174e+02
8.650000000000000000e+02	1.671015651220957068e+02
8.660000000000000000e+02	1.595820807136661870e+02
8.670000000000000000e+02	1.523643562651168111e+02
8.680000000000000000e+02	1.454381330613359182e+02
8.690000000000000000e+02	1.387934122392238123e+02
8.700000000000000000e+02	1.324204523641046762e+02
8.710000000000000000e+02	1.263097668144819039e+02
8.720000000000000000e+02	1.204521209875785672e+02
8.730000000000000000e+02	1.148385293378223366e+02
8.740000000000000000e+02	1.094602522601524157e+02
8.750000000000000000e+02	1.043087928297327522e+02
8.760000000000000000e+02	9.937589340934856352e+01
8.770000000000000000e+02	9.465353213546019617e+01
8.780000000000000000e+02	9.013391929356401988e+01
8.790000000000000000e+02	8.580949359319808423e+01
8.800000000000000000e+02	8.167291835259926813e+01
8.810000000000000000e+02	7.771707760269127618e+01
8.820000000000000000e+02	7.393507211975411053e+01
8.830000000000000000e+02	7.032021539579049829e+01
8.840000000000000000e+02	6.686602955527354197e+01
8.850000000000000000e+02	6.356624122662337584e+01
8.860000000000000000e+02	6.041477737643214851e+01
8.870000000000000000e+02	5.740576111411926519e+01
8.880000000000000000e+02	5.453350747437450963e+01
8.890000000000000000e+02	5.179251918441542557e+01
8.900000000000000000e+02	4.917748242276219628e+01
8.910000000000000000e+02	4.668326257591427009e+01
8.920000000000000000e+02	4.430489999899285891e+01
8.930000000000000000e+02	4.203760578610553722e+01
8.940000000000000000e+02	3.987675755587816440e+01
8.950000000000000000e+02	3.781789525730060575e+01
8.960000000000000000e+02	3.585671700073543633e+01
8.970000000000000000e+02	3.398907491864855501e+01
8.980000000000000000e+02	3.221097106033844426e+01
8.990000000000000000e+02	3.051855332466246296e+01
9.000000000000000000e+02	2.890811143448969744e+01
9.010000000000000000e+02	2.737607295634602877e+01
9.020000000000000000e+02	2.591899936846219887e+01
9.030000000000000000e+02	2.453358218018683345e+01
9.040000000000000000e+02	2.321663910548570087e+01
9.050000000000000000e+02	2.196511029301644058e+01
9.060000000000000000e+02	2.077605461504076345e+01
9.070000000000000000e+02	1.964664601722097359e+01
9.080000000000000000e+02	1.857416993113617565e+01
9.090000000000000000e+02	1.755601975115282443e+01
9.100000000000000000e+02	1.658969337708986203e+01
9.110000000000000000e+02	1.567278982393312070e+01
9.120000000000000000e+02	1.480300589967499292e+01
9.130000000000000000e+02	1.397813295218490026e+01
9.140000000000000000e+02	1.319605368585395588e+01
9.150000000000000000e+02	1.245473904860094549e+01
9.160000000000000000e+02	1.175224518968038190e+01
9.170000000000000000e+02	1.108671048859164898e+01
9.180000000000000000e+02	1.045635265525697832e+01
9.190000000000000000e+02	9.859465901508418284e+00
9.200000000000000000e+02	9.294418183806662626e+00
9.210000000000000000e+02	8.759648517001778600e+00
9.220000000000000000e+02	8.253664358840859805e+00
9.230000000000000000e+02	7.775039064829290858e+00
9.240000000000000000e+02	7.322409412959525632e+00
9.250000000000000000e+02	6.894473197735755399e+00
9.260000000000000000e+02	6.489986892842430244e+00
9.270000000000000000e+02	6.107763381730566543e+00
9.280000000000000000e+02	5.746669755327510565e+00
9.290000000000000000e+02	5.405625176012287980e+00
9.300000000000000000e+02	5.083598806941637349e+00
9.310000000000000000e+02	4.779607805758563366e+00
9.320000000000000000e+02	4.492715381668122454e+00
9.330000000000000000e+02	4.222028914821715162e+00
9.340000000000000000e+02	3.966698136913044515e+00
9.350000000000000000e+02	3.725913371854681522e+00
9.360000000000000000e+02	3.498903835374200355e+00
9.370000000000000000e+02	3.284935992342926880e+00
9.380000000000000000e+02	3.083311970628224152e+00
9.390000000000000000e+02	2.893368030241428634e+00
9.400000000000000000e+02	2.714473086538597979e+00
9.410000000000000000e+02	2.546027286219193719e+00
9.420000000000000000e+02	2.387460634858996844e+00
9.430000000000000000e+02	2.238231674707505725e+00
9.440000000000000000e+02	2.097826211476946145e+00
9.450000000000000000e+02	1.965756088849314853e+00
9.460000000000000000e+02	1.841558009429593135e+00
9.470000000000000000e+02	1.724792400877320997e+00
9.480000000000000000e+02	1.615042325954795688e+00
9.490000000000000000e+02	1.511912435238305985e+00
9.500000000000000000e+02	1.415027961248584765e+00
9.510000000000000000e+02	1.324033752768395411e+00
9.520000000000000000e+02	1.238593348128189886e+00
9.530000000000000000e+02	1.158388086255401239e+00
9.540000000000000000e+02	1.083116254298778225e+00
9.550000000000000000e+02	1.012492270656264903e+00
9.560000000000000000e+02	9.462459022530186337e-01
9.570000000000000000e+02	8.841215149353084390e-01
9.580000000000000000e+02	8.258773558659902037e-01
9.590000000000000000e+02	7.712848668279949083e-01
9.600000000000000000e+02	7.201280273637031826e-01
9.610000000000000000e+02	6.722027267000643125e-01
9.620000000000000000e+02	6.273161634318058510e-01
9.630000000000000000e+02	5.852862719580724793e-01
9.640000000000000000e+02	5.459411746910073360e-01
9.650000000000000000e+02	5.091186590784279042e-01
9.660000000000000000e+02	4.746656785064185535e-01
9.670000000000000000e+02	4.424378761716341035e-01
9.680000000000000000e+02	4.122991310370140439e-01
9.690000000000000000e+02	3.841211250086620232e-01
9.700000000000000000e+02	3.577829304956162693e-01
9.710000000000000000e+02	3.331706175381238810e-01
9.720000000000000000e+02	3.101768797138588218e-01
9.730000000000000000e+02	2.887006780551236163e-01
9.740000000000000000e+02	2.686469022335357670e-01
9.750000000000000000e+02	2.499260482918789494e-01
9.760000000000000000e+02	2.324539122257512358e-01
9.770000000000000000e+02	2.161512987402860464e-01
9.780000000000000000e+02	2.009437445295244318e-01
9.790000000000000000e+02	1.867612554480117537e-01
9.800000000000000000e+02	1.735380569657856697e-01
9.810000000000000000e+02	1.612123573191517611e-01
9.820000000000000000e+02	1.497261227904512215e-01
9.830000000000000000e+02	1.390248645704290076e-01
9.840000000000000000e+02	1.290574366767733017e-01
9.850000000000000000e+02	1.197758444219248208e-01
9.860000000000000000e+02	1.111350629423175779e-01
9.870000000000000000e+02	1.030928653198354417e-01
9.880000000000000000e+02	9.560965984440637777e-02
9.890000000000000000e+02	8.864833598433849438e-02
9.900000000000000000e+02	8.217411864820386991e-02
9.910000000000000000e+02	7.615443033880835155e-02
9.920000000000000000e+02	7.055876081603794370e-02
9.930000000000000000e+02	6.535854390115550250e-02
9.940000000000000000e+02	6.052704107042859022e-02
9.950000000000000000e+02	5.603923150081048521e-02
9.960000000000000000e+02	5.187170824476448894e-02
9.970000000000000000e+02	4.800258022523863632e-02
9.980000000000000000e+02	4.441137975524508258e-02
9.990000000000000000e+02	4.107897529950935850e-02
1.000000000000000000e+03	3.798748920820635422e-02
