4.410000000000000000e+02	8.196880404270905274e+01
4.420000000000000000e+02	8.669222673574940075e+01
4.430000000000000000e+02	9.166539433387033853e+01
4.440000000000000000e+02	9.690012945684061663e+01
4.450000000000000000e+02	1.024087338687390911e+02
4.460000000000000000e+02	1.082040034547986380e+02
4.470000000000000000e+02	1.142992434298217148e+02
4.480000000000000000e+02	1.207082837683713734e+02
4.490000000000000000e+02	1.274454948459950145e+02
4.500000000000000000e+02	1.345258032797609076e+02
4.510000000000000000e+02	1.419647079553757010e+02
4.520000000000000000e+02	1.497782962271155895e+02
4.530000000000000000e+02	1.579832602757252289e+02
4.540000000000000000e+02	1.665969136083469380e+02
4.550000000000000000e+02	1.756372076834060465e+02
4.560000000000000000e+02	1.851227486422238542e+02
4.570000000000000000e+02	1.950728141279480212e+02
4.580000000000000000e+02	2.055073701711779108e+02
4.590000000000000000e+02	2.164470881204276509e+02
4.600000000000000000e+02	2.279133615943204063e+02
4.610000000000000000e+02	2.399283234311194235e+02
4.620000000000000000e+02	2.525148626099168609e+02
4.630000000000000000e+02	2.656966411164763713e+02
4.640000000000000000e+02	2.794981107254039898e+02
4.650000000000000000e+02	2.939445296689768270e+02
4.660000000000000000e+02	3.090619791616020393e+02
4.670000000000000000e+02	3.248773797475265610e+02
4.680000000000000000e+02	3.414185074380371248e+02
4.690000000000000000e+02	3.587140096030355494e+02
4.700000000000000000e+02	3.767934205804890553e+02
4.710000000000000000e+02	3.956871769658982316e+02
4.720000000000000000e+02	4.154266325425647324e+02
4.730000000000000000e+02	4.360440728120805147e+02
4.740000000000000000e+02	4.575727290831371761e+02
4.750000000000000000e+02	4.800467920754170450e+02
4.760000000000000000e+02	5.035014249940491595e+02
4.770000000000000000e+02	5.279727760288271838e+02
4.780000000000000000e+02	5.534979902312404647e+02
4.790000000000000000e+02	5.801152207217464820e+02
4.800000000000000000e+02	6.078636391826727277e+02
4.810000000000000000e+02	6.367834456175495461e+02
4.820000000000000000e+02	6.669158775151811369e+02
4.830000000000000000e+02	6.983032194381074760e+02
4.840000000000000000e+02	7.309888186183076186e+02
4.850000000000000000e+02	7.650171340677674152e+02
4.860000000000000000e+02	8.004339443965550345e+02
4.870000000000000000e+02	8.372872425083492089e+02
4.880000000000000000e+02	8.756308814713171387e+02
4.890000000000000000e+02	9.155384332235133797e+02
4.900000000000000000e+02	9.571521460934973220e+02
4.910000000000000000e+02	1.000843354386281135e+03
4.920000000000000000e+02	1.047698996146069021e+03
4.930000000000000000e+02	1.100884260846663665e+03
4.940000000000000000e+02	1.169156146356884619e+03
4.950000000000000000e+02	1.275169751784231039e+03
4.960000000000000000e+02	1.473380001693260056e+03
4.970000000000000000e+02	1.884923889789613440e+03
4.980000000000000000e+02	2.758277725308294976e+03
4.990000000000000000e+02	4.561281141153513090e+03
5.000000000000000000e+02	8.097429922559958868e+03
5.010000000000000000e+02	1.461361166722681082e+04
5.020000000000000000e+02	2.583103330474972245e+04
5.030000000000000000e+02	4.380218902805414837e+04
5.040000000000000000e+02	7.050363862931437325e+04
5.050000000000000000e+02	1.071467870829562744e+05
5.060000000000000000e+02	1.533309461299056420e+05
5.070000000000000000e+02	2.063282818397548108e+05
5.080000000000000000e+02	2.608829208740534668e+05
5.090000000000000000e+02	3.098265480106441537e+05
5.100000000000000000e+02	3.455316039424208575e+05
5.110000000000000000e+02	3.618370145765175694e+05
5.120000000000000000e+02	3.557873572217578767e+05
5.130000000000000000e+02	3.285123311292664148e+05
5.140000000000000000e+02	2.848874881701309932e+05
5.150000000000000000e+02	2.321159970898229221e+05
5.160000000000000000e+02	1.777974714307120594e+05
5.170000000000000000e+02	1.281914296164619882e+05
5.180000000000000000e+02	8.719924644655406883e+04
5.190000000000000000e+02	5.621717978060597670e+04
5.200000000000000000e+02	3.466422614712310315e+04
5.210000000000000000e+02	2.081334794528597558e+04
5.220000000000000000e+02	1.257842759300181388e+04
5.230000000000000000e+02	8.055174118287355668e+03
5.240000000000000000e+02	5.776139346700099850e+03
5.250000000000000000e+02	4.746333615210505741e+03
5.260000000000000000e+02	4.359903272114654101e+03
5.270000000000000000e+02	4.281651232140751745e+03
5.280000000000000000e+02	4.341820606835715807e+03
5.290000000000000000e+02	4.461328418815519399e+03
5.300000000000000000e+02	4.606176398137475189e+03
5.310000000000000000e+02	4.762856675552545312e+03
5.320000000000000000e+02	4.926417702189664851e+03
5.330000000000000000e+02	5.095202766121694367e+03
5.340000000000000000e+02	5.268728161512930456e+03
5.350000000000000000e+02	5.446896743004808741e+03
5.360000000000000000e+02	5.629729050064067451e+03
5.370000000000000000e+02	5.817278251606953745e+03
5.380000000000000000e+02	6.009605158531190682e+03
5.390000000000000000e+02	6.206771351254873480e+03
5.400000000000000000e+02	6.408837360472881301e+03
5.410000000000000000e+02	6.615862153615022180e+03
5.420000000000000000e+02	6.827902933646011661e+03
5.430000000000000000e+02	7.045015006479537988e+03
5.440000000000000000e+02	7.267251661620129198e+03
5.450000000000000000e+02	7.494664054426882103e+03
5.460000000000000000e+02	7.727301087828257550e+03
5.470000000000000000e+02	7.965209293208685267e+03
5.480000000000000000e+02	8.208432710543920621e+03
5.490000000000000000e+02	8.457012767928788890e+03
5.500000000000000000e+02	8.710988160656357650e+03
5.510000000000000000e+02	8.970394730014901143e+03
5.520000000000000000e+02	9.235265341974722105e+03
5.530000000000000000e+02	9.505629765942243466e+03
5.540000000000000000e+02	9.781514553764118318e+03
5.550000000000000000e+02	1.006294291916897237e+04
5.560000000000000000e+02	1.034993461783911880e+04
5.570000000000000000e+02	1.064250582830929488e+04
5.580000000000000000e+02	1.094066903389344225e+04
5.590000000000000000e+02	1.124443290584480746e+04
5.600000000000000000e+02	1.155380218795807741e+04
5.610000000000000000e+02	1.186877758282581271e+04
5.620000000000000000e+02	1.218935563996440942e+04
5.630000000000000000e+02	1.251552864602752561e+04
5.640000000000000000e+02	1.284728451732723079e+04
5.650000000000000000e+02	1.318460669488520944e+04
5.660000000000000000e+02	1.352747404223775811e+04
5.670000000000000000e+02	1.387586074621971056e+04
5.680000000000000000e+02	1.422973622095295468e+04
5.690000000000000000e+02	1.458906501526577449e+04
5.700000000000000000e+02	1.495380672376897382e+04
5.710000000000000000e+02	1.532391590181429456e+04
5.720000000000000000e+02	1.569934198455951628e+04
5.730000000000000000e+02	1.608002921036334919e+04
5.740000000000000000e+02	1.646591654873095831e+04
5.750000000000000000e+02	1.685693763302883235e+04
5.760000000000000000e+02	1.725302069818452946e+04
5.770000000000000000e+02	1.765408852358352306e+04
5.780000000000000000e+02	1.806005838137136016e+04
5.790000000000000000e+02	1.847084199036494101e+04
5.800000000000000000e+02	1.888634547577172634e+04
5.810000000000000000e+02	1.930646933491025266e+04
5.820000000000000000e+02	1.973110840911934793e+04
5.830000000000000000e+02	2.016015186203693520e+04
5.840000000000000000e+02	2.059348316442234136e+04
5.850000000000000000e+02	2.103098008568858131e+04
5.860000000000000000e+02	2.147251469230302246e+04
5.870000000000000000e+02	2.191795335320647791e+04
5.880000000000000000e+02	2.236715675239166012e+04
5.890000000000000000e+02	2.281997990877280245e+04
5.900000000000000000e+02	2.327627220346799368e+04
5.910000000000000000e+02	2.373587741460585676e+04
5.920000000000000000e+02	2.419863375975709278e+04
5.930000000000000000e+02	2.466437394608056638e+04
5.940000000000000000e+02	2.513292522826174536e+04
5.950000000000000000e+02	2.560410947430962187e+04
5.960000000000000000e+02	2.607774323926567740e+04
5.970000000000000000e+02	2.655363784686611325e+04
5.980000000000000000e+02	2.703159947918519902e+04
5.990000000000000000e+02	2.751142927427467657e+04
6.000000000000000000e+02	2.799292343180035823e+04
6.010000000000000000e+02	2.847587332666347356e+04
6.020000000000000000e+02	2.896006563058001120e+04
6.030000000000000000e+02	2.944528244157737936e+04
6.040000000000000000e+02	2.993130142135312053e+04
6.050000000000000000e+02	3.041789594042601675e+04
6.060000000000000000e+02	3.090483523099511876e+04
6.070000000000000000e+02	3.139188454740774614e+04
6.080000000000000000e+02	3.187880533412250225e+04
6.090000000000000000e+02	3.236535540103876338e+04
6.100000000000000000e+02	3.285128910604929115e+04
6.110000000000000000e+02	3.333635754465768696e+04
6.120000000000000000e+02	3.382030874648829194e+04
6.130000000000000000e+02	3.430288787850097287e+04
6.140000000000000000e+02	3.478383745470942813e+04
6.150000000000000000e+02	3.526289755218718346e+04
6.160000000000000000e+02	3.573980603313157189e+04
6.170000000000000000e+02	3.621429877274232422e+04
6.180000000000000000e+02	3.668610989265782700e+04
6.190000000000000000e+02	3.715497199967932102e+04
6.200000000000000000e+02	3.762061642950029636e+04
6.210000000000000000e+02	3.808277349514604430e+04
6.220000000000000000e+02	3.854117273981658218e+04
6.230000000000000000e+02	3.899554319381443202e+04
6.240000000000000000e+02	3.944561363522795000e+04
6.250000000000000000e+02	3.989111285403032525e+04
6.260000000000000000e+02	4.033176991924443428e+04
6.270000000000000000e+02	4.076731444881448260e+04
6.280000000000000000e+02	4.119747688181635021e+04
6.290000000000000000e+02	4.162198875263075752e+04
6.300000000000000000e+02	4.204058296669561241e+04
6.310000000000000000e+02	4.245299407744724886e+04
6.320000000000000000e+02	4.285895856405395898e+04
6.330000000000000000e+02	4.325821510954012047e+04
6.340000000000000000e+02	4.365050487889423675e+04
6.350000000000000000e+02	4.403557179675051884e+04
6.360000000000000000e+02	4.441316282423039956e+04
6.370000000000000000e+02	4.478302823452807206e+04
6.380000000000000000e+02	4.514492188682245614e+04
6.390000000000000000e+02	4.549860149809745781e+04
6.400000000000000000e+02	4.584382891245230712e+04
6.410000000000000000e+02	4.618037036748457467e+04
6.420000000000000000e+02	4.650799675733039476e+04
6.430000000000000000e+02	4.682648389194882475e+04
6.440000000000000000e+02	4.713561275224062410e+04
6.450000000000000000e+02	4.743516974059601489e+04
6.460000000000000000e+02	4.772494692647102056e+04
6.470000000000000000e+02	4.800474228659777145e+04
6.480000000000000000e+02	4.827435993944084476e+04
6.490000000000000000e+02	4.853361037351922278e+04
6.500000000000000000e+02	4.878231066922166065e+04
6.510000000000000000e+02	4.902028471375236404e+04
6.520000000000000000e+02	4.924736340885359823e+04
6.530000000000000000e+02	4.946338487096242170e+04
6.540000000000000000e+02	4.966819462347009539e+04
6.550000000000000000e+02	4.986164578076462203e+04
6.560000000000000000e+02	5.004359922374953021e+04
6.570000000000000000e+02	5.021392376654537657e+04
6.580000000000000000e+02	5.037249631409442372e+04
6.590000000000000000e+02	5.051920201040343818e+04
6.600000000000000000e+02	5.065393437717468623e+04
6.610000000000000000e+02	5.077659544259095856e+04
6.620000000000000000e+02	5.088709586003659933e+04
6.630000000000000000e+02	5.098535501655303960e+04
6.640000000000000000e+02	5.107130113084468758e+04
6.650000000000000000e+02	5.114487134066828003e+04
6.660000000000000000e+02	5.120601177945679228e+04
6.670000000000000000e+02	5.125467764204717969e+04
6.680000000000000000e+02	5.129083323939963884e+04
6.690000000000000000e+02	5.131445204221487802e+04
6.700000000000000000e+02	5.132551671337470907e+04
6.710000000000000000e+02	5.132401912915059074e+04
6.720000000000000000e+02	5.130996038914353267e+04
6.730000000000000000e+02	5.128335081493861071e+04
6.740000000000000000e+02	5.124420993747624016e+04
6.750000000000000000e+02	5.119256647316183808e+04
6.760000000000000000e+02	5.112845828875487496e+04
6.770000000000000000e+02	5.105193235509734222e+04
6.780000000000000000e+02	5.096304468976076896e+04
6.790000000000000000e+02	5.086186028870992595e+04
6.800000000000000000e+02	5.074845304709975608e+04
6.810000000000000000e+02	5.062290566934081289e+04
6.820000000000000000e+02	5.048530956858627906e+04
6.830000000000000000e+02	5.033576475581169507e+04
6.840000000000000000e+02	5.017437971867573651e+04
6.850000000000000000e+02	5.000127129036738188e+04
6.860000000000000000e+02	4.981656450866156956e+04
6.870000000000000000e+02	4.962039246542119508e+04
6.880000000000000000e+02	4.941289614679908846e+04
6.890000000000000000e+02	4.919422426440849813e+04
6.900000000000000000e+02	4.896453307774500718e+04
6.910000000000000000e+02	4.872398620815673348e+04
6.920000000000000000e+02	4.847275444467265334e+04
6.930000000000000000e+02	4.821101554201158433e+04
6.940000000000000000e+02	4.793895401110602688e+04
6.950000000000000000e+02	4.765676090248627588e+04
6.960000000000000000e+02	4.736463358288046584e+04
6.970000000000000000e+02	4.706277550539608637e+04
6.980000000000000000e+02	4.675139597365698864e+04
6.990000000000000000e+02	4.643070990027829976e+04
7.000000000000000000e+02	4.610093756006883632e+04
7.010000000000000000e+02	4.576230433835702570e+04
7.020000000000000000e+02	4.541504047484201146e+04
7.030000000000000000e+02	4.505938080337658175e+04
7.040000000000000000e+02	4.469556448809239373e+04
7.050000000000000000e+02	4.432383475628119049e+04
7.060000000000000000e+02	4.394443862844824616e+04
7.070000000000000000e+02	4.355762664595540264e+04
7.080000000000000000e+02	4.316365259667213104e+04
7.090000000000000000e+02	4.276277323905275989e+04
7.100000000000000000e+02	4.235524802505694242e+04
7.110000000000000000e+02	4.194133882232902397e+04
7.120000000000000000e+02	4.152130963604896533e+04
7.130000000000000000e+02	4.109542633086465503e+04
7.140000000000000000e+02	4.066395635331093217e+04
7.150000000000000000e+02	4.022716845511602151e+04
7.160000000000000000e+02	3.978533241779049422e+04
7.170000000000000000e+02	3.933871877888748713e+04
7.180000000000000000e+02	3.888759856031607342e+04
7.190000000000000000e+02	3.843224299908182729e+04
7.200000000000000000e+02	3.797292328082069434e+04
7.210000000000000000e+02	3.750991027648285672e+04
7.220000000000000000e+02	3.704347428251430392e+04
7.230000000000000000e+02	3.657388476487340813e+04
7.240000000000000000e+02	3.610141010720931081e+04
7.250000000000000000e+02	3.562631736351786822e+04
7.260000000000000000e+02	3.514887201557920343e+04
7.270000000000000000e+02	3.466933773546904558e+04
7.280000000000000000e+02	3.418797615342334757e+04
7.290000000000000000e+02	3.370504663132321002e+04
7.300000000000000000e+02	3.322080604205348936e+04
7.310000000000000000e+02	3.273550855497558223e+04
7.320000000000000000e+02	3.224940542774047572e+04
7.330000000000000000e+02	3.176274480465468878e+04
7.340000000000000000e+02	3.127577152179717450e+04
7.350000000000000000e+02	3.078872691907094486e+04
7.360000000000000000e+02	3.030184865935878770e+04
7.370000000000000000e+02	2.981537055493746811e+04
7.380000000000000000e+02	2.932952240129048369e+04
7.390000000000000000e+02	2.884452981844429451e+04
7.400000000000000000e+02	2.836061409993845155e+04
7.410000000000000000e+02	2.787799206952518216e+04
7.420000000000000000e+02	2.739687594567923588e+04
7.430000000000000000e+02	2.691747321398429267e+04
7.440000000000000000e+02	2.643998650744766564e+04
7.450000000000000000e+02	2.596461349478073316e+04
7.460000000000000000e+02	2.549154677666828138e+04
7.470000000000000000e+02	2.502097379003602327e+04
7.480000000000000000e+02	2.455307672031184484e+04
7.490000000000000000e+02	2.408803242166275959e+04
7.500000000000000000e+02	2.362601234517637567e+04
7.510000000000000000e+02	2.316718247494288880e+04
7.520000000000000000e+02	2.271170327198077212e+04
7.530000000000000000e+02	2.225972962593745979e+04
7.540000000000000000e+02	2.181141081448414843e+04
7.550000000000000000e+02	2.136689047031251539e+04
7.560000000000000000e+02	2.092630655563013715e+04
7.570000000000000000e+02	2.048979134404057550e+04
7.580000000000000000e+02	2.005747140968406165e+04
7.590000000000000000e+02	1.962946762350477002e+04
7.600000000000000000e+02	1.920589515650159228e+04
7.610000000000000000e+02	1.878686348981023912e+04
7.620000000000000000e+02	1.837247643145631446e+04
7.630000000000000000e+02	1.796283213961117508e+04
7.640000000000000000e+02	1.755802315217476280e+04
7.650000000000000000e+02	1.715813642250312478e+04
7.660000000000000000e+02	1.676325336109158889e+04
7.670000000000000000e+02	1.637344988301900230e+04
7.680000000000000000e+02	1.598879646095289900e+04
7.690000000000000000e+02	1.560935818351074340e+04
7.700000000000000000e+02	1.523519481876799728e+04
7.710000000000000000e+02	1.486636088270002256e+04
7.720000000000000000e+02	1.450290571234134040e+04
7.730000000000000000e+02	1.414487354344320011e+04
7.740000000000000000e+02	1.379230359240779399e+04
7.750000000000000000e+02	1.344523014227584099e+04
7.760000000000000000e+02	1.310368263254278645e+04
7.770000000000000000e+02	1.276768575257788325e+04
7.780000000000000000e+02	1.243725953842020681e+04
7.790000000000000000e+02	1.211241947272542529e+04
7.800000000000000000e+02	1.179317658763767577e+04
7.810000000000000000e+02	1.147953757036184470e+04
7.820000000000000000e+02	1.117150487121267543e+04
7.830000000000000000e+02	1.086907681391893857e+04
7.840000000000000000e+02	1.057224770796288067e+04
7.850000000000000000e+02	1.028100796273759988e+04
7.860000000000000000e+02	9.995344203307837233e+03
7.870000000000000000e+02	9.715239387562756747e+03
7.880000000000000000e+02	9.440672924552716722e+03
7.890000000000000000e+02	9.171620793805826906e+03
7.900000000000000000e+02	8.908055665424115432e+03
7.910000000000000000e+02	8.649947020763413093e+03
7.920000000000000000e+02	8.397261273505739155e+03
7.930000000000000000e+02	8.149961890937585849e+03
7.940000000000000000e+02	7.908009515252779238e+03
7.950000000000000000e+02	7.671362084703652727e+03
7.960000000000000000e+02	7.439974954429694662e+03
7.970000000000000000e+02	7.213801016798600358e+03
7.980000000000000000e+02	6.992790821100154062e+03
7.990000000000000000e+02	6.776892692439452730e+03
8.000000000000000000e+02	6.566052849681905172e+03
8.010000000000000000e+02	6.360215522308467371e+03
8.020000000000000000e+02	6.159323066045957603e+03
8.030000000000000000e+02	5.963316077143321309e+03
8.040000000000000000e+02	5.772133505171219440e+03
8.050000000000000000e+02	5.585712764228533160e+03
8.060000000000000000e+02	5.403989842445823342e+03
8.070000000000000000e+02	5.226899409682162513e+03
8.080000000000000000e+02	5.054374923318077890e+03
8.090000000000000000e+02	4.886348732053789718e+03
8.100000000000000000e+02	4.722752177628147365e+03
8.110000000000000000e+02	4.563515694380087552e+03
8.120000000000000000e+02	4.408568906580526345e+03
8.130000000000000000e+02	4.257840723468847500e+03
8.140000000000000000e+02	4.111259431934170607e+03
8.150000000000000000e+02	3.968752786787642435e+03
8.160000000000000000e+02	3.830248098577773817e+03
8.170000000000000000e+02	3.695672318906750661e+03
8.180000000000000000e+02	3.564952123211197431e+03
8.190000000000000000e+02	3.438013990976493005e+03
8.200000000000000000e+02	3.314784283359078927e+03
8.210000000000000000e+02	3.195189318196491968e+03
8.220000000000000000e+02	3.079155442389977907e+03
8.230000000000000000e+02	2.966609101649459717e+03
8.240000000000000000e+02	2.857476907595488683e+03
8.250000000000000000e+02	2.751685702217420385e+03
8.260000000000000000e+02	2.649162619691510372e+03
8.270000000000000000e+02	2.549835145566989468e+03
8.280000000000000000e+02	2.453631173332229992e+03
8.290000000000000000e+02	2.360479058377131878e+03
8.300000000000000000e+02	2.270307669371592510e+03
8.310000000000000000e+02	2.183046437083531600e+03
8.320000000000000000e+02	2.098625400663363962e+03
8.330000000000000000e+02	2.016975251425033093e+03
8.340000000000000000e+02	1.938027374156778706e+03
8.350000000000000000e+02	1.861713885997671696e+03
8.360000000000000000e+02	1.787967672918666949e+03
8.370000000000000000e+02	1.716722423849386814e+03
8.380000000000000000e+02	1.647912662494244159e+03
8.390000000000000000e+02	1.581473776883616893e+03
8.400000000000000000e+02	1.517342046707805821e+03
8.410000000000000000e+02	1.455454668483313753e+03
8.420000000000000000e+02	1.395749778602613333e+03
8.430000000000000000e+02	1.338166474320089264e+03
8.440000000000000000e+02	1.282644832728125039e+03
8.450000000000000000e+02	1.229125927778490450e+03
8.460000000000000000e+02	1.177551845405190988e+03
8.470000000000000000e+02	1.127865696805799871e+03
8.480000000000000000e+02	1.080011629939007889e+03
8.490000000000000000e+02	1.033934839296708788e+03
8.500000000000000000e+02	9.895815740093693194e+02
8.510000000000000000e+02	9.468991443437496400e+02
8.520000000000000000e+02	9.058359266522119242e+02
8.530000000000000000e+02	8.663413668329294524e+02
8.540000000000000000e+02	8.283659823602365577e+02
8.550000000000000000e+02	7.918613629442162392e+02
8.560000000000000000e+02	7.567801698783221127e+02
8.570000000000000000e+02	7.230761341334834924e+02
8.580000000000000000e+02	6.907040532566604725e+02
8.590000000000000000e+02	6.596197871312583629e+02
8.600000000000000000e+02	6.297802526561747527e+02
8.610000000000000000e+02	6.011434173995151014e+02
8.620000000000000000e+02	5.736682922822250248e+02
8.630000000000000000e+02	5.473149233460231926e+02
8.640000000000000000e+02	5.220443826590646950e+02
8.650000000000000000e+02	4.978187584117936240e+02
8.660000000000000000e+02	4.746011442543898511e+02
8.670000000000000000e+02	4.523556279261080135e+02
8.680000000000000000e+02	4.310472792256699677e+02
8.690000000000000000e+02	4.106421373706942859e+02
8.700000000000000000e+02	3.911071977929112791e+02
8.710000000000000000e+02	3.724103984146678954e+02
8.720000000000000000e+02	3.545206054509450837e+02
8.730000000000000000e+02	3.374075987798030951e+02
8.740000000000000000e+02	3.210420569228463137e+02
8.750000000000000000e+02	3.053955416759591230e+02
8.760000000000000000e+02	2.904404824292086573e+02
8.770000000000000000e+02	2.761501602134503059e+02
8.780000000000000000e+02	2.624986915098031091e+02
8.790000000000000000e+02	2.494610118567886730e+02
8.800000000000000000e+02	2.370128592885648970e+02
8.810000000000000000e+02	2.251307576363104204e+02
8.820000000000000000e+02	2.137919997234619984e+02
8.830000000000000000e+02	2.029746304841555400e+02
8.840000000000000000e+02	1.926574300328792617e+02
8.850000000000000000e+02	1.828198967120238763e+02
8.860000000000000000e+02	1.734422301427047444e+02
8.870000000000000000e+02	1.645053143029357727e+02
8.880000000000000000e+02	1.559907006559686238e+02
8.890000000000000000e+02	1.478805913503526597e+02
8.900000000000000000e+02	1.401578225120483978e+02
8.910000000000000000e+02	1.328058476477217482e+02
8.920000000000000000e+02	1.258087211771695593e+02
8.930000000000000000e+02	1.191510821116741852e+02
8.940000000000000000e+02	1.128181378939666359e+02
8.950000000000000000e+02	1.067956484143801816e+02
8.960000000000000000e+02	1.010699102167135948e+02
8.970000000000000000e+02	9.562774090629261536e+01
8.980000000000000000e+02	9.045646377171205188e+01
8.990000000000000000e+02	8.554389263077392513e+01
9.000000000000000000e+02	8.087831691019653135e+01
9.010000000000000000e+02	7.644848696776419672e+01
9.020000000000000000e+02	7.224359966471304517e+01
9.030000000000000000e+02	6.825328419530850965e+01
9.040000000000000000e+02	6.446758817975830880e+01
9.050000000000000000e+02	6.087696402583453192e+01
9.060000000000000000e+02	5.747225556382885969e+01
9.070000000000000000e+02	5.424468495875802176e+01
9.080000000000000000e+02	5.118583990305553755e+01
9.090000000000000000e+02	4.828766109233884407e+01
9.100000000000000000e+02	4.554242998622424210e+01
9.110000000000000000e+02	4.294275685557720834e+01
9.120000000000000000e+02	4.048156911703034666e+01
9.130000000000000000e+02	3.815209995507588303e+01
9.140000000000000000e+02	3.594787723154360748e+01
9.150000000000000000e+02	3.386271268180911420e+01
9.160000000000000000e+02	3.189069139663586938e+01
9.170000000000000000e+02	3.002616158814451097e+01
9.180000000000000000e+02	2.826372463801694579e+01
9.190000000000000000e+02	2.659822542568301884e+01
9.200000000000000000e+02	2.502474293390459437e+01
9.210000000000000000e+02	2.353858112886109666e+01
9.220000000000000000e+02	2.213526011155521189e+01
9.230000000000000000e+02	2.081050753709411438e+01
9.240000000000000000e+02	1.956025029816110106e+01
9.250000000000000000e+02	1.838060646877174875e+01
9.260000000000000000e+02	1.726787750421100043e+01
9.270000000000000000e+02	1.621854069286671773e+01
9.280000000000000000e+02	1.522924185551587151e+01
9.290000000000000000e+02	1.429678828747620578e+01
9.300000000000000000e+02	1.341814193891184281e+01
9.310000000000000000e+02	1.259041282847186949e+01
9.320000000000000000e+02	1.181085268534937960e+01
9.330000000000000000e+02	1.107684881476916949e+01
9.340000000000000000e+02	1.038591818185023996e+01
9.350000000000000000e+02	9.735701708737781956e+00
9.360000000000000000e+02	9.123958779863416524e+00
9.370000000000000000e+02	8.548561950166092771e+00
9.380000000000000000e+02	8.007491851093025303e+00
9.390000000000000000e+02	7.498832289196451839e+00
9.400000000000000000e+02	7.020765532149308541e+00
9.410000000000000000e+02	6.571567777018417544e+00
9.420000000000000000e+02	6.149604795659792345e+00
9.430000000000000000e+02	5.753327752132984862e+00
9.440000000000000000e+02	5.381269187072516225e+00
9.450000000000000000e+02	5.032039164002067189e+00
9.460000000000000000e+02	4.704321572631058324e+00
9.470000000000000000e+02	4.396870584233592005e+00
9.480000000000000000e+02	4.108507254274834430e+00
9.490000000000000000e+02	3.838116267520500280e+00
9.500000000000000000e+02	3.584642820939657248e+00
9.510000000000000000e+02	3.347089639790126636e+00
9.520000000000000000e+02	3.124514122357747059e+00
9.530000000000000000e+02	2.916025608906531730e+00
9.540000000000000000e+02	2.720782770484842406e+00
9.550000000000000000e+02	2.537991113323357695e+00
9.560000000000000000e+02	2.366900594653416068e+00
9.570000000000000000e+02	2.206803345868400434e+00
9.580000000000000000e+02	2.057031499047068390e+00
9.590000000000000000e+02	1.916955112954064511e+00
9.600000000000000000e+02	1.785980194731075166e+00
9.610000000000000000e+02	1.663546813589847462e+00
9.620000000000000000e+02	1.549127302917221449e+00
9.630000000000000000e+02	1.442224547300717141e+00
9.640000000000000000e+02	1.342370351081764834e+00
9.650000000000000000e+02	1.249123885141881773e+00
9.660000000000000000e+02	1.162070208724584885e+00
9.670000000000000000e+02	1.080818863192906099e+00
9.680000000000000000e+02	1.005002534718302698e+00
9.690000000000000000e+02	9.342757829919666746e-01
9.700000000000000000e+02	8.683138331433525314e-01
9.710000000000000000e+02	8.068114281435504465e-01
9.720000000000000000e+02	7.494817390623721431e-01
9.730000000000000000e+02	6.960553306379214655e-01
9.740000000000000000e+02	6.462791797057940713e-01
9.750000000000000000e+02	5.999157441216312892e-01
9.760000000000000000e+02	5.567420798959090700e-01
9.770000000000000000e+02	5.165490043429387113e-01
9.780000000000000000e+02	4.791403031276465496e-01
9.790000000000000000e+02	4.443319791731666357e-01
9.800000000000000000e+02	4.119515414700976597e-01
9.810000000000000000e+02	3.818373319039859437e-01
9.820000000000000000e+02	3.538378882915330093e-01
9.830000000000000000e+02	3.278113418878603746e-01
9.840000000000000000e+02	3.036248476971625254e-01
9.850000000000000000e+02	2.811540459870378039e-01
9.860000000000000000e+02	2.602825534727688517e-01
9.870000000000000000e+02	2.409014827019178295e-01
9.880000000000000000e+02	2.229089882316344085e-01
9.890000000000000000e+02	2.062098382512689565e-01
9.900000000000000000e+02	1.907150103610600056e-01
9.910000000000000000e+02	1.763413102740217786e-01
9.920000000000000000e+02	1.630110122625507696e-01
9.930000000000000000e+02	1.506515202238710438e-01
9.940000000000000000e+02	1.391950482891643193e-01
9.950000000000000000e+02	1.285783199501875085e-01
9.960000000000000000e+02	1.187422847243494589e-01
9.970000000000000000e+02	1.096318514246623077e-01
9.980000000000000000e+02	1.011956371447349234e-01
9.990000000000000000e+02	9.338573111105148705e-02
1.000000000000000000e+03	8.615747259524449142e-02
