  440.0000	             3654
  441.0000	             3616
  442.0000	             3475
  443.0000	             3594
  444.0000	             3561
  445.0000	             3598
  446.0000	             3578
  447.0000	             3437
  448.0000	             3749
  449.0000	             3581
  450.0000	             3587
  451.0000	             3348
  452.0000	             3619
  453.0000	             3421
  454.0000	             3354
  455.0000	             3696
  456.0000	             3446
  457.0000	             3572
  458.0000	             3573
  459.0000	             3531
  460.0000	             3665
  461.0000	             3680
  462.0000	             3661
  463.0000	             3752
  464.0000	             3639
  465.0000	             3635
  466.0000	             3476
  467.0000	             3378
  468.0000	             3449
  469.0000	             3410
  470.0000	             3689
  471.0000	             3426
  472.0000	             3554
  473.0000	             3496
  474.0000	             3817
  475.0000	             3643
  476.0000	             3574
  477.0000	             3570
  478.0000	             3661
  479.0000	             3806
  480.0000	             3764
  481.0000	             3913
  482.0000	             3865
  483.0000	             3756
  484.0000	             3921
  485.0000	             4034
  486.0000	             4063
  487.0000	             4307
  488.0000	             4366
  489.0000	             4610
  490.0000	             4792
  491.0000	             4834
  492.0000	             5005
  493.0000	             5266
  494.0000	             5410
  495.0000	             5709
  496.0000	             6505
  497.0000	             7117
  498.0000	             7487
  499.0000	             9054
  500.0000	             9965
  501.0000	            11311
  502.0000	            13661
  503.0000	            16735
  504.0000	            20555
  505.0000	            25488
  506.0000	            32722
  507.0000	            42967
  508.0000	            55613
  509.0000	            70258
  510.0000	            84322
  511.0000	            93850
  512.0000	            93644
  513.0000	            83991
  514.0000	            67813
  515.0000	            50604
  516.0000	            38530
  517.0000	            29287
  518.0000	            22699
  519.0000	            17964
  520.0000	            14932
  521.0000	            12194
  522.0000	            10401
  523.0000	             9120
  524.0000	             8043
  525.0000	             6932
  526.0000	             6983
  527.0000	             6204
  528.0000	             5806
  529.0000	             5696
  530.0000	             4994
  531.0000	             5187
  532.0000	             4980
  533.0000	             5019
  534.0000	             4697
  535.0000	             4941
  536.0000	             4887
  537.0000	             4911
  538.0000	             4630
  539.0000	             4602
  540.0000	             4751
  541.0000	             4831
  542.0000	             4850
  543.0000	             4679
  544.0000	             4817
  545.0000	             4728
  546.0000	             4881
  547.0000	             4968
  548.0000	             5002
  549.0000	             4753
  550.0000	             4964
  551.0000	             4813
  552.0000	             4864
  553.0000	             4792
  554.0000	             5047
  555.0000	             5022
  556.0000	             4987
  557.0000	             5142
  558.0000	             5197
  559.0000	             5329
  560.0000	             5386
  561.0000	             5264
  562.0000	             5399
  563.0000	             5344
  564.0000	             5451
  565.0000	             5656
  566.0000	             5658
  567.0000	             5698
  568.0000	             5619
  569.0000	             5766
  570.0000	             5716
  571.0000	             5829
  572.0000	             5981
  573.0000	             6006
  574.0000	             6133
  575.0000	             5913
  576.0000	             6150
  577.0000	             6178
  578.0000	             6356
  579.0000	             6290
  580.0000	             6450
  581.0000	             6438
  582.0000	             6552
  583.0000	             6332
  584.0000	             6616
  585.0000	             6736
  586.0000	             6900
  587.0000	             6778
  588.0000	             6807
  589.0000	             7158
  590.0000	             7087
  591.0000	             7513
  592.0000	             7524
  593.0000	             7524
  594.0000	             7419
  595.0000	             7264
  596.0000	             7753
  597.0000	             7789
  598.0000	             7608
  599.0000	             7649
  600.0000	             7898
  601.0000	             7882
  602.0000	             7819
  603.0000	             7704
  604.0000	             7906
  605.0000	             8133
  606.0000	             7975
  607.0000	             8288
  608.0000	             8556
  609.0000	             8769
  610.0000	             8338
  611.0000	             8250
  612.0000	             8375
  613.0000	             8541
  614.0000	             8519
  615.0000	             8574
  616.0000	             8358
  617.0000	             8661
  618.0000	             8383
  619.0000	             8703
  620.0000	             8635
  621.0000	             8691
  622.0000	             8768
  623.0000	             8519
  624.0000	             8783
  625.0000	             8755
  626.0000	             8652
  627.0000	             8646
  628.0000	             8638
  629.0000	             8737
  630.0000	             8551
  631.0000	             8755
  632.0000	             8819
  633.0000	             8739
  634.0000	             8786
  635.0000	             8754
  636.0000	             8757
  637.0000	             8985
  638.0000	             8686
  639.0000	             9040
  640.0000	             8719
  641.0000	             8315
  642.0000	             8882
  643.0000	             8519
  644.0000	             8670
  645.0000	             8498
  646.0000	             8207
  647.0000	             8322
  648.0000	             8371
  649.0000	             8269
  650.0000	             8962
  651.0000	             8237
  652.0000	             8015
  653.0000	             8160
  654.0000	             8225
  655.0000	             7876
  656.0000	             8065
  657.0000	             8187
  658.0000	             7476
  659.0000	             7465
  660.0000	             7775
  661.0000	             7555
  662.0000	             7376
  663.0000	             7330
  664.0000	             7575
  665.0000	             7548
  666.0000	             7185
  667.0000	             7089
  668.0000	             7238
  669.0000	             7200
  670.0000	             7115
  671.0000	             7003
  672.0000	             6760
  673.0000	             6683
  674.0000	             6685
  675.0000	             6796
  676.0000	             6792
  677.0000	             6696
  678.0000	             6606
  679.0000	             6422
  680.0000	             6580
  681.0000	             6244
  682.0000	             6340
  683.0000	             6046
  684.0000	             6197
  685.0000	             5954
  686.0000	             6186
  687.0000	             5949
  688.0000	             6078
  689.0000	             5817
  690.0000	             6115
  691.0000	             6007
  692.0000	             5729
  693.0000	             5950
  694.0000	             5776
  695.0000	             5563
  696.0000	             5771
  697.0000	             5729
  698.0000	             5701
  699.0000	             5537
  700.0000	             5695
  701.0000	             5591
  702.0000	             5433
  703.0000	             5554
  704.0000	             5397
  705.0000	             5522
  706.0000	             5232
  707.0000	             5316
  708.0000	             5111
  709.0000	             5329
  710.0000	             5264
  711.0000	             4780
  712.0000	             5206
  713.0000	             5009
  714.0000	             4793
  715.0000	             5034
  716.0000	             4728
  717.0000	             5055
  718.0000	             4917
  719.0000	             4953
  720.0000	             4498
  721.0000	             4787
  722.0000	             4812
  723.0000	             4556
  724.0000	             4700
  725.0000	             4457
  726.0000	             4614
  727.0000	             4534
  728.0000	             4693
  729.0000	             4587
  730.0000	             4492
  731.0000	             4221
  732.0000	             4107
  733.0000	             4432
  734.0000	             4316
  735.0000	             4188
  736.0000	             4244
  737.0000	             4515
  738.0000	             4092
  739.0000	             4125
  740.0000	             4149
  741.0000	             4327
  742.0000	             4062
  743.0000	             4170
  744.0000	             3942
  745.0000	             3888
  746.0000	             3886
  747.0000	             4036
  748.0000	             4076
  749.0000	             3897
  750.0000	             4129
  751.0000	             3832
  752.0000	             4006
  753.0000	             3947
  754.0000	             4006
  755.0000	             3869
  756.0000	             3855
  757.0000	             3825
  758.0000	             4025
  759.0000	             3830
  760.0000	             3692
  761.0000	             3951
  762.0000	             3839
  763.0000	             3774
  764.0000	             3739
  765.0000	             3612
  766.0000	             3756
  767.0000	             3742
  768.0000	             3864
  769.0000	             3717
  770.0000	             3823
  771.0000	             3667
  772.0000	             3691
  773.0000	             3892
  774.0000	             3631
  775.0000	             3736
  776.0000	             3538
  777.0000	             3808
  778.0000	             3545
  779.0000	             3611
  780.0000	             3701
  781.0000	             3645
  782.0000	             3751
  783.0000	             3782
  784.0000	             3460
  785.0000	             3629
  786.0000	             3696
  787.0000	             3469
  788.0000	             3567
  789.0000	             3439
  790.0000	             3789
  791.0000	             3720
  792.0000	             3547
  793.0000	             3603
  794.0000	             3717
  795.0000	             3507
  796.0000	             3706
  797.0000	             3680
  798.0000	             3691
  799.0000	             3521
  800.0000	             3669
