4.410000000000000000e+02	8.866757650259975421e+00
4.420000000000000000e+02	9.399117467268006010e+00
4.430000000000000000e+02	9.961216234493100785e+00
4.440000000000000000e+02	1.055457400844506033e+01
4.450000000000000000e+02	1.118078001518576592e+01
4.460000000000000000e+02	1.184149530954610263e+01
4.470000000000000000e+02	1.253845550989888125e+01
4.480000000000000000e+02	1.327347360920010644e+01
4.490000000000000000e+02	1.404844286293094768e+01
4.500000000000000000e+02	1.486533975448613099e+01
4.510000000000000000e+02	1.572622703846198888e+01
4.520000000000000000e+02	1.663325686219904398e+01
4.530000000000000000e+02	1.758867396582844123e+01
4.540000000000000000e+02	1.859481896096002984e+01
4.550000000000000000e+02	1.965413168803190658e+01
4.560000000000000000e+02	2.076915465221489754e+01
4.570000000000000000e+02	2.194253653763474432e+01
4.580000000000000000e+02	2.317703579953367310e+01
4.590000000000000000e+02	2.447552433384774417e+01
4.600000000000000000e+02	2.584099122352156641e+01
4.610000000000000000e+02	2.727654656072102668e+01
4.620000000000000000e+02	2.878542534393498187e+01
4.630000000000000000e+02	3.037099144878147072e+01
4.640000000000000000e+02	3.203674167114794358e+01
4.650000000000000000e+02	3.378630984110505864e+01
4.660000000000000000e+02	3.562347100583191661e+01
4.670000000000000000e+02	3.755214567958442728e+01
4.680000000000000000e+02	3.957640415852252147e+01
4.690000000000000000e+02	4.170047089798899975e+01
4.700000000000000000e+02	4.392872894960198948e+01
4.710000000000000000e+02	4.626572445528493915e+01
4.720000000000000000e+02	4.871617119511113714e+01
4.730000000000000000e+02	5.128495518558762711e+01
4.740000000000000000e+02	5.397713932474102450e+01
4.750000000000000000e+02	5.679796808010100762e+01
4.760000000000000000e+02	5.975287221540112625e+01
4.770000000000000000e+02	6.284747355153563575e+01
4.780000000000000000e+02	6.608758975702082239e+01
4.790000000000000000e+02	6.947923916291729540e+01
4.800000000000000000e+02	7.302864559686510404e+01
4.810000000000000000e+02	7.674224323057866570e+01
4.820000000000000000e+02	8.062668143483742256e+01
4.830000000000000000e+02	8.468882963568670164e+01
4.840000000000000000e+02	8.893578216524626612e+01
4.850000000000000000e+02	9.337486310019313862e+01
4.860000000000000000e+02	9.801363108065761764e+01
4.870000000000000000e+02	1.028598841019409065e+02
4.880000000000000000e+02	1.079216642711705703e+02
4.890000000000000000e+02	1.132072625212246351e+02
4.900000000000000000e+02	1.187252232799052081e+02
4.910000000000000000e+02	1.244843491493665084e+02
4.920000000000000000e+02	1.304937061344978133e+02
4.930000000000000000e+02	1.367626335481172362e+02
4.940000000000000000e+02	1.433007860359330152e+02
4.950000000000000000e+02	1.501183672335650101e+02
4.960000000000000000e+02	1.572273631217906598e+02
4.970000000000000000e+02	1.646473214272733117e+02
4.980000000000000000e+02	1.724290422834229446e+02
4.990000000000000000e+02	1.807388604557001770e+02
5.000000000000000000e+02	1.901164756446929687e+02
5.010000000000000000e+02	2.021438058833886942e+02
5.020000000000000000e+02	2.208819933430785909e+02
5.030000000000000000e+02	2.553104776545076504e+02
5.040000000000000000e+02	3.222106800800963811e+02
5.050000000000000000e+02	4.472541642959059800e+02
5.060000000000000000e+02	6.603352884837523789e+02
5.070000000000000000e+02	9.818675201606693008e+02
5.080000000000000000e+02	1.402278723380768042e+03
5.090000000000000000e+02	1.865829061618370361e+03
5.100000000000000000e+02	2.274545204749626464e+03
5.110000000000000000e+02	2.519938100820862019e+03
5.120000000000000000e+02	2.530526928173575925e+03
5.130000000000000000e+02	2.307208814417732810e+03
5.140000000000000000e+02	1.922807354540595043e+03
5.150000000000000000e+02	1.486112367830109406e+03
5.160000000000000000e+02	1.094434161979776036e+03
5.170000000000000000e+02	8.024561099389284209e+02
5.180000000000000000e+02	6.188906524006712289e+02
5.190000000000000000e+02	5.229316275421109594e+02
5.200000000000000000e+02	4.846957537961139906e+02
5.210000000000000000e+02	4.787190586082031132e+02
5.220000000000000000e+02	4.884497848739909500e+02
5.230000000000000000e+02	5.050812977804411048e+02
5.240000000000000000e+02	5.246614510904445297e+02
5.250000000000000000e+02	5.456744266871462514e+02
5.260000000000000000e+02	5.676247429624247616e+02
5.270000000000000000e+02	5.903811961665639956e+02
5.280000000000000000e+02	6.139249405341205374e+02
5.290000000000000000e+02	6.382674229776744141e+02
5.300000000000000000e+02	6.634273875421024513e+02
5.310000000000000000e+02	6.894252794271133098e+02
5.320000000000000000e+02	7.162820503324912806e+02
5.330000000000000000e+02	7.440189282527086334e+02
5.340000000000000000e+02	7.726573711495084353e+02
5.350000000000000000e+02	8.022190508811369227e+02
5.360000000000000000e+02	8.327258410216501261e+02
5.370000000000000000e+02	8.641998045999147280e+02
5.380000000000000000e+02	8.966631812261841787e+02
5.390000000000000000e+02	9.301383735370632166e+02
5.400000000000000000e+02	9.646479329450650084e+02
5.410000000000000000e+02	1.000214544685499618e+03
5.420000000000000000e+02	1.036861012154802438e+03
5.430000000000000000e+02	1.074610240535374487e+03
5.440000000000000000e+02	1.113485219702963832e+03
5.450000000000000000e+02	1.153509006413602947e+03
5.460000000000000000e+02	1.194704705768164558e+03
5.470000000000000000e+02	1.237095451953676275e+03
5.480000000000000000e+02	1.280704388261634904e+03
5.490000000000000000e+02	1.325554646384756779e+03
5.500000000000000000e+02	1.371669324994757289e+03
5.510000000000000000e+02	1.419071467605009957e+03
5.520000000000000000e+02	1.467784039723218484e+03
5.530000000000000000e+02	1.517829905300508017e+03
5.540000000000000000e+02	1.569231802484713398e+03
5.550000000000000000e+02	1.622012318687003926e+03
5.560000000000000000e+02	1.676193864972384745e+03
5.570000000000000000e+02	1.731798649786051783e+03
5.580000000000000000e+02	1.788848652029039158e+03
5.590000000000000000e+02	1.847365593498066801e+03
5.600000000000000000e+02	1.907370910706029463e+03
5.610000000000000000e+02	1.968885726101063028e+03
5.620000000000000000e+02	2.031930818703686782e+03
5.630000000000000000e+02	2.096526594183091674e+03
5.640000000000000000e+02	2.162693054395168474e+03
5.650000000000000000e+02	2.230449766406522485e+03
5.660000000000000000e+02	2.299815831030239679e+03
5.670000000000000000e+02	2.370809850900794572e+03
5.680000000000000000e+02	2.443449898117108205e+03
5.690000000000000000e+02	2.517753481484282929e+03
5.700000000000000000e+02	2.593737513386194223e+03
5.710000000000000000e+02	2.671418276322668135e+03
5.720000000000000000e+02	2.750811389146505007e+03
5.730000000000000000e+02	2.831931773037223138e+03
5.740000000000000000e+02	2.914793617249839826e+03
5.750000000000000000e+02	2.999410344678573438e+03
5.760000000000000000e+02	3.085794577276795280e+03
5.770000000000000000e+02	3.173958101375992101e+03
5.780000000000000000e+02	3.263911832947934272e+03
5.790000000000000000e+02	3.355665782855584894e+03
5.800000000000000000e+02	3.449229022139637891e+03
5.810000000000000000e+02	3.544609647388804206e+03
5.820000000000000000e+02	3.641814746243255286e+03
5.830000000000000000e+02	3.740850363081753130e+03
5.840000000000000000e+02	3.841721464944115269e+03
5.850000000000000000e+02	3.944431907741743998e+03
5.860000000000000000e+02	4.048984402809899620e+03
5.870000000000000000e+02	4.155380483856323735e+03
5.880000000000000000e+02	4.263620474361654487e+03
5.890000000000000000e+02	4.373703455487830070e+03
5.900000000000000000e+02	4.485627234551385300e+03
5.910000000000000000e+02	4.599388314119090865e+03
5.920000000000000000e+02	4.714981861783930071e+03
5.930000000000000000e+02	4.832401680679808123e+03
5.940000000000000000e+02	4.951640180793704531e+03
5.950000000000000000e+02	5.072688351134220284e+03
5.960000000000000000e+02	5.195535732815537813e+03
5.970000000000000000e+02	5.320170393115904517e+03
5.980000000000000000e+02	5.446578900569602411e+03
5.990000000000000000e+02	5.574746301151180887e+03
6.000000000000000000e+02	5.704656095610432203e+03
6.010000000000000000e+02	5.836290218016156359e+03
6.020000000000000000e+02	5.969629015566218186e+03
6.030000000000000000e+02	6.104651229720772790e+03
6.040000000000000000e+02	6.241333978714699697e+03
6.050000000000000000e+02	6.379652741504489313e+03
6.060000000000000000e+02	6.519581343203723918e+03
6.070000000000000000e+02	6.661091942060194924e+03
6.080000000000000000e+02	6.804155018026502148e+03
6.090000000000000000e+02	6.948739362974466530e+03
6.100000000000000000e+02	7.094812072602367152e+03
6.110000000000000000e+02	7.242338540082251711e+03
6.120000000000000000e+02	7.391282451492902510e+03
6.130000000000000000e+02	7.541605783082170092e+03
6.140000000000000000e+02	7.693268800400433065e+03
6.150000000000000000e+02	7.846230059344800793e+03
6.160000000000000000e+02	8.000446409151517400e+03
6.170000000000000000e+02	8.155872997371702695e+03
6.180000000000000000e+02	8.312463276863121791e+03
6.190000000000000000e+02	8.470169014828135914e+03
6.200000000000000000e+02	8.628940303925402986e+03
6.210000000000000000e+02	8.788725575480055340e+03
6.220000000000000000e+02	8.949471614814379791e+03
6.230000000000000000e+02	9.111123578717943019e+03
6.240000000000000000e+02	9.273625015073244867e+03
6.250000000000000000e+02	9.436917884649737971e+03
6.260000000000000000e+02	9.600942585075954412e+03
6.270000000000000000e+02	9.765637976996216821e+03
6.280000000000000000e+02	9.930941412415004379e+03
6.290000000000000000e+02	1.009678876522879000e+04
6.300000000000000000e+02	1.026311446394155428e+04
6.310000000000000000e+02	1.042985152655682577e+04
6.320000000000000000e+02	1.059693159763542644e+04
6.330000000000000000e+02	1.076428498750459039e+04
6.340000000000000000e+02	1.093184071360048983e+04
6.350000000000000000e+02	1.109952654392247860e+04
6.360000000000000000e+02	1.126726904257383831e+04
6.370000000000000000e+02	1.143499361735996354e+04
6.380000000000000000e+02	1.160262456941136043e+04
6.390000000000000000e+02	1.177008514479512996e+04
6.400000000000000000e+02	1.193729758807482540e+04
6.410000000000000000e+02	1.210418319777508805e+04
6.420000000000000000e+02	1.227066238370369683e+04
6.430000000000000000e+02	1.243665472608012351e+04
6.440000000000000000e+02	1.260207903641610756e+04
6.450000000000000000e+02	1.276685342009028318e+04
6.460000000000000000e+02	1.293089534055540207e+04
6.470000000000000000e+02	1.309412168511331038e+04
6.480000000000000000e+02	1.325644883218953692e+04
6.490000000000000000e+02	1.341779272003609185e+04
6.500000000000000000e+02	1.357806891678791726e+04
6.510000000000000000e+02	1.373719269179539515e+04
6.520000000000000000e+02	1.389507908815233168e+04
6.530000000000000000e+02	1.405164299633598239e+04
6.540000000000000000e+02	1.420679922887299836e+04
6.550000000000000000e+02	1.436046259594249386e+04
6.560000000000000000e+02	1.451254798182501690e+04
6.570000000000000000e+02	1.466297042210378095e+04
6.580000000000000000e+02	1.481164518152241726e+04
6.590000000000000000e+02	1.495848783240134617e+04
6.600000000000000000e+02	1.510341433351302476e+04
6.610000000000000000e+02	1.524634110931456598e+04
6.620000000000000000e+02	1.538718512943467067e+04
6.630000000000000000e+02	1.552586398831032420e+04
6.640000000000000000e+02	1.566229598486761824e+04
6.650000000000000000e+02	1.579640020213982461e+04
6.660000000000000000e+02	1.592809658671513353e+04
6.670000000000000000e+02	1.605730602790566991e+04
6.680000000000000000e+02	1.618395043652893219e+04
6.690000000000000000e+02	1.630795282319252510e+04
6.700000000000000000e+02	1.642923737597285799e+04
6.710000000000000000e+02	1.654772953737862917e+04
6.720000000000000000e+02	1.666335608049017537e+04
6.730000000000000000e+02	1.677604518416619248e+04
6.740000000000000000e+02	1.688572650721002719e+04
6.750000000000000000e+02	1.699233126138868465e+04
6.760000000000000000e+02	1.709579228319857066e+04
6.770000000000000000e+02	1.719604410427345283e+04
6.780000000000000000e+02	1.729302302033146407e+04
6.790000000000000000e+02	1.738666715855963412e+04
6.800000000000000000e+02	1.747691654333630140e+04
6.810000000000000000e+02	1.756371316019377991e+04
6.820000000000000000e+02	1.764700101792588248e+04
6.830000000000000000e+02	1.772672620874725180e+04
6.840000000000000000e+02	1.780283696641411370e+04
6.850000000000000000e+02	1.787528372221873724e+04
6.860000000000000000e+02	1.794401915877287320e+04
6.870000000000000000e+02	1.800899826149849105e+04
6.880000000000000000e+02	1.807017836774739408e+04
6.890000000000000000e+02	1.812751921347470488e+04
6.900000000000000000e+02	1.818098297739474219e+04
6.910000000000000000e+02	1.823053432255151711e+04
6.920000000000000000e+02	1.827614043523988948e+04
6.930000000000000000e+02	1.831777106121736870e+04
6.940000000000000000e+02	1.835539853915061758e+04
6.950000000000000000e+02	1.838899783124494570e+04
6.960000000000000000e+02	1.841854655100922537e+04
6.970000000000000000e+02	1.844402498811320766e+04
6.980000000000000000e+02	1.846541613029857399e+04
6.990000000000000000e+02	1.848270568230960998e+04
7.000000000000000000e+02	1.849588208181404480e+04
7.010000000000000000e+02	1.850493651228919407e+04
7.020000000000000000e+02	1.850986291285333937e+04
7.030000000000000000e+02	1.851065798502698817e+04
7.040000000000000000e+02	1.850732119641341706e+04
7.050000000000000000e+02	1.849985478129280818e+04
7.060000000000000000e+02	1.848826373812902966e+04
7.070000000000000000e+02	1.847255582399290870e+04
7.080000000000000000e+02	1.845274154591079423e+04
7.090000000000000000e+02	1.842883414915183675e+04
7.100000000000000000e+02	1.840084960247229537e+04
7.110000000000000000e+02	1.836880658033992950e+04
7.120000000000000000e+02	1.833272644216604749e+04
7.130000000000000000e+02	1.829263320857771760e+04
7.140000000000000000e+02	1.824855353476687742e+04
7.150000000000000000e+02	1.820051668095785135e+04
7.160000000000000000e+02	1.814855448003901620e+04
7.170000000000000000e+02	1.809270130240875369e+04
7.180000000000000000e+02	1.803299401809006304e+04
7.190000000000000000e+02	1.796947195617224133e+04
7.200000000000000000e+02	1.790217686164211045e+04
7.210000000000000000e+02	1.783115284967113621e+04
7.220000000000000000e+02	1.775644635742843457e+04
7.230000000000000000e+02	1.767810609349344304e+04
7.240000000000000000e+02	1.759618298494525152e+04
7.250000000000000000e+02	1.751073012220917008e+04
7.260000000000000000e+02	1.742180270174398902e+04
7.270000000000000000e+02	1.732945796665659509e+04
7.280000000000000000e+02	1.723375514533330352e+04
7.290000000000000000e+02	1.713475538817993220e+04
7.300000000000000000e+02	1.703252170256515092e+04
7.310000000000000000e+02	1.692711888606388675e+04
7.320000000000000000e+02	1.681861345809968770e+04
7.330000000000000000e+02	1.670707359008686035e+04
7.340000000000000000e+02	1.659256903417492504e+04
7.350000000000000000e+02	1.647517105069943864e+04
7.360000000000000000e+02	1.635495233444460973e+04
7.370000000000000000e+02	1.623198693982423720e+04
7.380000000000000000e+02	1.610635020508846537e+04
7.390000000000000000e+02	1.597811867566457840e+04
7.400000000000000000e+02	1.584737002674060932e+04
7.410000000000000000e+02	1.571418298520090320e+04
7.420000000000000000e+02	1.557863725102288299e+04
7.430000000000000000e+02	1.544081341824428455e+04
7.440000000000000000e+02	1.530079289560981852e+04
7.450000000000000000e+02	1.515865782700586533e+04
7.460000000000000000e+02	1.501449101179110221e+04
7.470000000000000000e+02	1.486837582513025154e+04
7.480000000000000000e+02	1.472039613843707957e+04
7.490000000000000000e+02	1.457063624003162840e+04
7.500000000000000000e+02	1.441918075611533095e+04
7.510000000000000000e+02	1.426611457216614872e+04
7.520000000000000000e+02	1.411152275485416067e+04
7.530000000000000000e+02	1.395549047457621964e+04
7.540000000000000000e+02	1.379810292870629019e+04
7.550000000000000000e+02	1.363944526565592605e+04
7.560000000000000000e+02	1.347960250983705191e+04
7.570000000000000000e+02	1.331865948761677828e+04
7.580000000000000000e+02	1.315670075435145191e+04
7.590000000000000000e+02	1.299381052258440650e+04
7.600000000000000000e+02	1.283007259148908815e+04
7.610000000000000000e+02	1.266557027763635051e+04
7.620000000000000000e+02	1.250038634716161323e+04
7.630000000000000000e+02	1.233460294940455969e+04
7.640000000000000000e+02	1.216830155209072655e+04
7.650000000000000000e+02	1.200156287812115625e+04
7.660000000000000000e+02	1.183446684403286054e+04
7.670000000000000000e+02	1.166709250018936655e+04
7.680000000000000000e+02	1.149951797275728313e+04
7.690000000000000000e+02	1.133182040752106332e+04
7.700000000000000000e+02	1.116407591558477361e+04
7.710000000000000000e+02	1.099635952100587201e+04
7.720000000000000000e+02	1.082874511040249308e+04
7.730000000000000000e+02	1.066130538457198236e+04
7.740000000000000000e+02	1.049411181215475699e+04
7.750000000000000000e+02	1.032723458537393162e+04
7.760000000000000000e+02	1.016074257787736315e+04
7.770000000000000000e+02	9.994703304705235496e+03
7.780000000000000000e+02	9.829182884402487616e+03
7.790000000000000000e+02	9.664246003291891611e+03
7.800000000000000000e+02	9.499955881919891908e+03
7.810000000000000000e+02	9.336374243683809254e+03
7.820000000000000000e+02	9.173561285645451790e+03
7.830000000000000000e+02	9.011575651532712072e+03
7.840000000000000000e+02	8.850474406927345626e+03
7.850000000000000000e+02	8.690313016633719599e+03
7.860000000000000000e+02	8.531145324220073235e+03
7.870000000000000000e+02	8.373023533720601336e+03
7.880000000000000000e+02	8.215998193483561408e+03
7.890000000000000000e+02	8.060118182147482912e+03
7.900000000000000000e+02	7.905430696724715744e+03
7.910000000000000000e+02	7.751981242768547418e+03
7.920000000000000000e+02	7.599813626597429902e+03
7.930000000000000000e+02	7.448969949547148644e+03
7.940000000000000000e+02	7.299490604219210582e+03
7.950000000000000000e+02	7.151414272691218684e+03
7.960000000000000000e+02	7.004777926652680435e+03
7.970000000000000000e+02	6.859616829427447556e+03
7.980000000000000000e+02	6.715964539841820624e+03
7.990000000000000000e+02	6.573852917895361315e+03
8.000000000000000000e+02	6.433312132189547810e+03
8.010000000000000000e+02	6.294370669067595372e+03
8.020000000000000000e+02	6.157055343417183394e+03
8.030000000000000000e+02	6.021391311086174028e+03
8.040000000000000000e+02	5.887402082860069640e+03
8.050000000000000000e+02	5.755109539948637575e+03
8.060000000000000000e+02	5.624533950927933802e+03
8.070000000000000000e+02	5.495693990082916571e+03
8.080000000000000000e+02	5.368606757094876230e+03
8.090000000000000000e+02	5.243287798017151545e+03
8.100000000000000000e+02	5.119751127481817093e+03
8.110000000000000000e+02	4.998009252079516045e+03
8.120000000000000000e+02	4.878073194854088797e+03
8.130000000000000000e+02	4.759952520853363239e+03
8.140000000000000000e+02	4.643655363677151399e+03
8.150000000000000000e+02	4.529188452963425334e+03
8.160000000000000000e+02	4.416557142753570588e+03
8.170000000000000000e+02	4.305765440677783772e+03
8.180000000000000000e+02	4.196816037901724485e+03
8.190000000000000000e+02	4.089710339775958346e+03
8.200000000000000000e+02	3.984448497130002124e+03
8.210000000000000000e+02	3.881029438153291267e+03
8.220000000000000000e+02	3.779450900805976289e+03
8.230000000000000000e+02	3.679709465703038859e+03
8.240000000000000000e+02	3.581800589416004641e+03
8.250000000000000000e+02	3.485718638137307607e+03
8.260000000000000000e+02	3.391456921653264089e+03
8.270000000000000000e+02	3.299007727572551175e+03
8.280000000000000000e+02	3.208362355758126796e+03
8.290000000000000000e+02	3.119511152911598856e+03
8.300000000000000000e+02	3.032443547260238120e+03
8.310000000000000000e+02	2.947148083297970970e+03
8.320000000000000000e+02	2.863612456533006480e+03
8.330000000000000000e+02	2.781823548196043248e+03
8.340000000000000000e+02	2.701767459864310240e+03
8.350000000000000000e+02	2.623429547958168769e+03
8.360000000000000000e+02	2.546794458068341555e+03
8.370000000000000000e+02	2.471846159073372291e+03
8.380000000000000000e+02	2.398567977008363869e+03
8.390000000000000000e+02	2.326942628647558195e+03
8.400000000000000000e+02	2.256952254764917598e+03
8.410000000000000000e+02	2.188578453038323914e+03
8.420000000000000000e+02	2.121802310564669824e+03
8.430000000000000000e+02	2.056604435954663131e+03
8.440000000000000000e+02	1.992964990977727211e+03
8.450000000000000000e+02	1.930863721729032250e+03
8.460000000000000000e+02	1.870279989292216669e+03
8.470000000000000000e+02	1.811192799873002514e+03
8.480000000000000000e+02	1.753580834380469923e+03
8.490000000000000000e+02	1.697422477434315169e+03
8.500000000000000000e+02	1.642695845778017883e+03
8.510000000000000000e+02	1.589378816079370381e+03
8.520000000000000000e+02	1.537449052101346297e+03
8.530000000000000000e+02	1.486884031227832565e+03
8.540000000000000000e+02	1.437661070330203302e+03
8.550000000000000000e+02	1.389757350962210467e+03
8.560000000000000000e+02	1.343149943872108224e+03
8.570000000000000000e+02	1.297815832822309176e+03
8.580000000000000000e+02	1.253731937708313126e+03
8.590000000000000000e+02	1.210875136969942560e+03
8.600000000000000000e+02	1.169222289289285072e+03
8.610000000000000000e+02	1.128750254571001506e+03
8.620000000000000000e+02	1.089435914201921605e+03
8.630000000000000000e+02	1.051256190588048639e+03
8.640000000000000000e+02	1.014188065968292221e+03
8.650000000000000000e+02	9.782086005053463396e+02
8.660000000000000000e+02	9.432949496552600976e+02
8.670000000000000000e+02	9.094243808182791327e+02
8.680000000000000000e+02	8.765742892745538484e+02
8.690000000000000000e+02	8.447222134092825172e+02
8.700000000000000000e+02	8.138458492327775957e+02
8.710000000000000000e+02	7.839230642018330855e+02
8.720000000000000000e+02	7.549319103496102343e+02
8.730000000000000000e+02	7.268506367320547952e+02
8.740000000000000000e+02	6.996577011996088231e+02
8.750000000000000000e+02	6.733317815037074752e+02
8.760000000000000000e+02	6.478517857481962210e+02
8.770000000000000000e+02	6.231968621964495014e+02
8.780000000000000000e+02	5.993464084455462171e+02
8.790000000000000000e+02	5.762800799793940314e+02
8.800000000000000000e+02	5.539777981132124296e+02
8.810000000000000000e+02	5.324197573422210326e+02
8.820000000000000000e+02	5.115864321078146304e+02
8.830000000000000000e+02	4.914585829948849209e+02
8.840000000000000000e+02	4.720172623742824953e+02
8.850000000000000000e+02	4.532438195047249110e+02
8.860000000000000000e+02	4.351199051087162957e+02
8.870000000000000000e+02	4.176274754372813618e+02
8.880000000000000000e+02	4.007487958385050888e+02
8.890000000000000000e+02	3.844664438450404873e+02
8.900000000000000000e+02	3.687633117958623075e+02
8.910000000000000000e+02	3.536226090076569903e+02
8.920000000000000000e+02	3.390278635112890129e+02
8.930000000000000000e+02	3.249629233688367549e+02
8.940000000000000000e+02	3.114119575866798186e+02
8.950000000000000000e+02	2.983594566401226302e+02
8.960000000000000000e+02	2.857902326249684961e+02
8.970000000000000000e+02	2.736894190514074126e+02
8.980000000000000000e+02	2.620424702954773011e+02
8.990000000000000000e+02	2.508351607232376352e+02
9.000000000000000000e+02	2.400535835026659015e+02
9.010000000000000000e+02	2.296841491181154709e+02
9.020000000000000000e+02	2.197135836020053148e+02
9.030000000000000000e+02	2.101289264982078748e+02
9.040000000000000000e+02	2.009175285713931487e+02
9.050000000000000000e+02	1.920670492763572668e+02
9.060000000000000000e+02	1.835654540011149152e+02
9.070000000000000000e+02	1.754010110972864709e+02
9.080000000000000000e+02	1.675622887110340855e+02
9.090000000000000000e+02	1.600381514275255483e+02
9.100000000000000000e+02	1.528177567416078091e+02
9.110000000000000000e+02	1.458905513670802065e+02
9.120000000000000000e+02	1.392462673966407749e+02
9.130000000000000000e+02	1.328749183242685774e+02
9.140000000000000000e+02	1.267667949414821749e+02
9.150000000000000000e+02	1.209124611185861653e+02
9.160000000000000000e+02	1.153027494816868881e+02
9.170000000000000000e+02	1.099287569959231092e+02
9.180000000000000000e+02	1.047818404650187176e+02
9.190000000000000000e+02	9.985361195692441072e+01
9.200000000000000000e+02	9.513593416497555211e+01
9.210000000000000000e+02	9.062091571364936726e+01
9.220000000000000000e+02	8.630090641766378212e+01
9.230000000000000000e+02	8.216849250281906336e+01
9.240000000000000000e+02	7.821649179664544249e+01
9.250000000000000000e+02	7.443794889658026648e+01
9.260000000000000000e+02	7.082613032306379353e+01
9.270000000000000000e+02	6.737451966461458142e+01
9.280000000000000000e+02	6.407681272161146069e+01
9.290000000000000000e+02	6.092691265519093236e+01
9.300000000000000000e+02	5.791892514734574604e+01
9.310000000000000000e+02	5.504715357799836539e+01
9.320000000000000000e+02	5.230609422451303914e+01
9.330000000000000000e+02	4.969043148880596306e+01
9.340000000000000000e+02	4.719503315691851242e+01
9.350000000000000000e+02	4.481494569562395469e+01
9.360000000000000000e+02	4.254538959035638612e+01
9.370000000000000000e+02	4.038175472847118641e+01
9.380000000000000000e+02	3.831959583157632920e+01
9.390000000000000000e+02	3.635462794040982715e+01
9.400000000000000000e+02	3.448272195548212693e+01
9.410000000000000000e+02	3.269990023645446797e+01
9.420000000000000000e+02	3.100233226298089306e+01
9.430000000000000000e+02	2.938633035951013639e+01
9.440000000000000000e+02	2.784834548631533835e+01
9.450000000000000000e+02	2.638496309880332191e+01
9.460000000000000000e+02	2.499289907694305057e+01
9.470000000000000000e+02	2.366899572645066741e+01
9.480000000000000000e+02	2.241021785317431281e+01
9.490000000000000000e+02	2.121364891193294611e+01
9.500000000000000000e+02	2.007648723088563969e+01
9.510000000000000000e+02	1.899604231233449170e+01
9.520000000000000000e+02	1.796973121070097434e+01
9.530000000000000000e+02	1.699507498825814267e+01
9.540000000000000000e+02	1.606969524905142777e+01
9.550000000000000000e+02	1.519131075129948627e+01
9.560000000000000000e+02	1.435773409843053550e+01
9.570000000000000000e+02	1.356686850878241657e+01
9.580000000000000000e+02	1.281670466387306817e+01
9.590000000000000000e+02	1.210531763503433744e+01
9.600000000000000000e+02	1.143086388809405030e+01
9.610000000000000000e+02	1.079157836569009810e+01
9.620000000000000000e+02	1.018577164670590740e+01
9.630000000000000000e+02	9.611827182227379751e+00
9.640000000000000000e+02	9.068198607339162720e+00
9.650000000000000000e+02	8.553407128000863224e+00
9.660000000000000000e+02	8.066038982172855754e+00
9.670000000000000000e+02	7.604742974295305658e+00
9.680000000000000000e+02	7.168228082163530246e+00
9.690000000000000000e+02	6.755261135187537569e+00
9.700000000000000000e+02	6.364664562972827788e+00
9.710000000000000000e+02	5.995314213113966062e+00
9.720000000000000000e+02	5.646137237051005897e+00
9.730000000000000000e+02	5.316110042802133506e+00
9.740000000000000000e+02	5.004256313353090846e+00
9.750000000000000000e+02	4.709645089455337441e+00
9.760000000000000000e+02	4.431388915560034114e+00
9.770000000000000000e+02	4.168642047593740685e+00
9.780000000000000000e+02	3.920598721264078268e+00
9.790000000000000000e+02	3.686491479569092178e+00
9.800000000000000000e+02	3.465589558172973206e+00
9.810000000000000000e+02	3.257197327302417733e+00
9.820000000000000000e+02	3.060652788812511460e+00
9.830000000000000000e+02	2.875326127068282389e+00
9.840000000000000000e+02	2.700618312287689893e+00
9.850000000000000000e+02	2.535959754994129511e+00
9.860000000000000000e+02	2.380809010230583223e+00
9.870000000000000000e+02	2.234651530194125435e+00
9.880000000000000000e+02	2.096998463957763015e+00
9.890000000000000000e+02	1.967385502956616516e+00
9.900000000000000000e+02	1.845371770927380028e+00
9.910000000000000000e+02	1.730538757003170502e+00
9.920000000000000000e+02	1.622489290680813712e+00
9.930000000000000000e+02	1.520846557393477960e+00
9.940000000000000000e+02	1.425253153438988285e+00
9.950000000000000000e+02	1.335370179032400628e+00
9.960000000000000000e+02	1.250876368270784411e+00
9.970000000000000000e+02	1.171467254818375325e+00
9.980000000000000000e+02	1.096854372141204736e+00
9.990000000000000000e+02	1.026764487142152404e+00
1.000000000000000000e+03	9.609388660694915263e-01
