  440.0000	             4277
  441.0000	             4219
  442.0000	             4256
  443.0000	             4534
  444.0000	             4545
  445.0000	             4292
  446.0000	             4522
  447.0000	             4434
  448.0000	             4447
  449.0000	             4559
  450.0000	             4630
  451.0000	             4674
  452.0000	             4655
  453.0000	             4819
  454.0000	             4920
  455.0000	             5021
  456.0000	             5202
  457.0000	             5554
  458.0000	             6054
  459.0000	             6541
  460.0000	             7205
  461.0000	             7868
  462.0000	             7879
  463.0000	             8053
  464.0000	             7457
  465.0000	             6877
  466.0000	             6004
  467.0000	             5826
  468.0000	             5810
  469.0000	             5969
  470.0000	             5889
  471.0000	             5532
  472.0000	             5986
  473.0000	             6187
  474.0000	             6900
  475.0000	             6489
  476.0000	             7081
  477.0000	             7924
  478.0000	             8367
  479.0000	             8990
  480.0000	             9401
  481.0000	            10477
  482.0000	            11251
  483.0000	            12221
  484.0000	            11949
  485.0000	            13417
  486.0000	            14627
  487.0000	            16391
  488.0000	            18441
  489.0000	            20967
  490.0000	            24940
  491.0000	            29159
  492.0000	            33773
  493.0000	            41162
  494.0000	            50886
  495.0000	            64943
  496.0000	            80455
  497.0000	           105653
  498.0000	           133743
  499.0000	           176655
  500.0000	           228510
  501.0000	           295624
  502.0000	           369906
  503.0000	           458516
  504.0000	           547570
  505.0000	           632450
  506.0000	           692755
  507.0000	           731219
  508.0000	           725788
  509.0000	           687410
  510.0000	           607297
  511.0000	           509718
  512.0000	           404849
  513.0000	           313786
  514.0000	           240177
  515.0000	           184387
  516.0000	           144604
  517.0000	           113065
  518.0000	            96035
  519.0000	            81356
  520.0000	            64597
  521.0000	            52830
  522.0000	            43522
  523.0000	            36091
  524.0000	            30851
  525.0000	            27118
  526.0000	            23929
  527.0000	            20003
  528.0000	            19624
  529.0000	            17667
  530.0000	            16806
  531.0000	            16563
  532.0000	            15590
  533.0000	            16738
  534.0000	            17577
  535.0000	            16866
  536.0000	            16047
  537.0000	            15497
  538.0000	            15854
  539.0000	            15268
  540.0000	            15104
  541.0000	            14448
  542.0000	            14587
  543.0000	            14122
  544.0000	            13706
  545.0000	            13522
  546.0000	            13445
  547.0000	            12872
  548.0000	            13160
  549.0000	            12755
  550.0000	            12813
  551.0000	            13222
  552.0000	            13033
  553.0000	            12838
  554.0000	            13149
  555.0000	            12845
  556.0000	            12752
  557.0000	            13248
  558.0000	            12822
  559.0000	            13106
  560.0000	            13444
  561.0000	            13217
  562.0000	            13438
  563.0000	            13597
  564.0000	            13834
  565.0000	            13928
  566.0000	            14032
  567.0000	            14410
  568.0000	            14348
  569.0000	            14176
  570.0000	            14338
  571.0000	            14104
  572.0000	            14863
  573.0000	            15023
  574.0000	            15185
  575.0000	            15095
  576.0000	            15191
  577.0000	            15324
  578.0000	            15700
  579.0000	            16148
  580.0000	            16506
  581.0000	            16145
  582.0000	            16592
  583.0000	            16365
  584.0000	            17862
  585.0000	            17411
  586.0000	            17965
  587.0000	            17944
  588.0000	            18140
  589.0000	            18018
  590.0000	            18008
  591.0000	            18381
  592.0000	            17870
  593.0000	            18262
  594.0000	            18327
  595.0000	            18733
  596.0000	            18336
  597.0000	            18820
  598.0000	            18167
  599.0000	            18831
  600.0000	            18992
  601.0000	            19282
  602.0000	            19197
  603.0000	            19394
  604.0000	            19487
  605.0000	            19035
  606.0000	            19505
  607.0000	            19710
  608.0000	            19594
  609.0000	            19386
  610.0000	            19496
  611.0000	            19783
  612.0000	            19521
  613.0000	            20022
  614.0000	            19723
  615.0000	            19902
  616.0000	            19871
  617.0000	            20141
  618.0000	            19591
  619.0000	            20223
  620.0000	            19568
  621.0000	            19721
  622.0000	            19601
  623.0000	            19764
  624.0000	            19318
  625.0000	            19345
  626.0000	            19383
  627.0000	            19185
  628.0000	            19360
  629.0000	            18669
  630.0000	            19096
  631.0000	            18591
  632.0000	            18715
  633.0000	            18467
  634.0000	            18649
  635.0000	            18969
  636.0000	            18374
  637.0000	            17998
  638.0000	            18096
  639.0000	            18171
  640.0000	            18022
  641.0000	            18085
  642.0000	            17817
  643.0000	            17479
  644.0000	            17423
  645.0000	            16619
  646.0000	            16606
  647.0000	            16573
  648.0000	            16447
  649.0000	            15779
  650.0000	            16022
  651.0000	            15929
  652.0000	            17158
  653.0000	            16923
  654.0000	            15965
  655.0000	            16817
  656.0000	            15891
  657.0000	            15887
  658.0000	            15452
  659.0000	            14358
  660.0000	            14357
  661.0000	            14782
  662.0000	            14581
  663.0000	            14807
  664.0000	            14111
  665.0000	            14286
  666.0000	            14021
  667.0000	            14045
  668.0000	            13408
  669.0000	            13206
  670.0000	            13243
  671.0000	            13365
  672.0000	            12472
  673.0000	            12476
  674.0000	            12664
  675.0000	            12727
  676.0000	            12397
  677.0000	            12402
  678.0000	            12069
  679.0000	            11836
  680.0000	            11819
  681.0000	            11439
  682.0000	            11157
  683.0000	            11016
  684.0000	            10646
  685.0000	            10572
  686.0000	            10684
  687.0000	            10681
  688.0000	            10950
  689.0000	            10210
  690.0000	            10399
  691.0000	             9982
  692.0000	             9974
  693.0000	            10123
  694.0000	             9857
  695.0000	             9647
  696.0000	             9592
  697.0000	             9776
  698.0000	             9418
  699.0000	             9327
  700.0000	             9301
  701.0000	             9179
  702.0000	             8895
  703.0000	             8998
  704.0000	             8773
  705.0000	             8895
  706.0000	             8742
  707.0000	             8524
  708.0000	             8479
  709.0000	             8398
  710.0000	             8402
  711.0000	             8230
  712.0000	             7788
  713.0000	             8019
  714.0000	             7711
  715.0000	             7664
  716.0000	             7399
  717.0000	             7285
  718.0000	             6966
  719.0000	             6858
  720.0000	             6745
  721.0000	             6919
  722.0000	             6821
  723.0000	             6380
  724.0000	             6521
  725.0000	             6738
  726.0000	             6498
  727.0000	             6396
  728.0000	             6436
  729.0000	             6680
  730.0000	             6319
  731.0000	             6381
  732.0000	             6322
  733.0000	             5980
  734.0000	             6056
  735.0000	             5900
  736.0000	             6134
  737.0000	             5852
  738.0000	             5622
  739.0000	             5617
  740.0000	             5394
  741.0000	             5494
  742.0000	             5568
  743.0000	             5571
  744.0000	             5755
  745.0000	             5264
  746.0000	             5131
  747.0000	             5241
  748.0000	             5281
  749.0000	             5237
  750.0000	             4868
  751.0000	             5259
  752.0000	             5093
  753.0000	             5124
  754.0000	             4934
  755.0000	             4806
  756.0000	             4842
  757.0000	             4930
  758.0000	             4896
  759.0000	             4991
  760.0000	             4768
  761.0000	             4870
  762.0000	             5081
  763.0000	             4885
  764.0000	             4801
  765.0000	             4612
  766.0000	             4691
  767.0000	             4932
  768.0000	             4999
  769.0000	             4448
  770.0000	             4532
  771.0000	             4518
  772.0000	             4723
  773.0000	             4705
  774.0000	             4567
  775.0000	             4283
  776.0000	             4421
  777.0000	             4483
  778.0000	             4661
  779.0000	             4542
  780.0000	             4282
  781.0000	             4455
  782.0000	             4331
  783.0000	             4232
  784.0000	             4087
  785.0000	             4251
  786.0000	             4170
  787.0000	             4237
  788.0000	             4091
  789.0000	             4396
  790.0000	             4125
  791.0000	             4433
  792.0000	             4249
  793.0000	             4285
  794.0000	             4171
  795.0000	             4676
  796.0000	             4396
  797.0000	             4386
  798.0000	             4315
  799.0000	             4232
  800.0000	             4215
