4.410000000000000000e+02	7.093068870235651247e+00
4.420000000000000000e+02	7.575223513061004610e+00
4.430000000000000000e+02	8.087874472490769406e+00
4.440000000000000000e+02	8.632787059022186682e+00
4.450000000000000000e+02	9.211817609623500047e+00
4.460000000000000000e+02	9.826917459293312618e+00
4.470000000000000000e+02	1.048013704137208890e+01
4.480000000000000000e+02	1.117363011808313900e+01
4.490000000000000000e+02	1.190965814261424605e+01
4.500000000000000000e+02	1.269059475387096114e+01
4.510000000000000000e+02	1.351893040483675712e+01
4.520000000000000000e+02	1.439727712526611825e+01
4.530000000000000000e+02	1.532837341920966168e+01
4.540000000000000000e+02	1.631508929763027282e+01
4.550000000000000000e+02	1.736043144610949085e+01
4.560000000000000000e+02	1.846754852737018027e+01
4.570000000000000000e+02	1.963973661804848803e+01
4.580000000000000000e+02	2.088044477883938299e+01
4.590000000000000000e+02	2.219328075681227475e+01
4.600000000000000000e+02	2.358201681834891872e+01
4.610000000000000000e+02	2.505059571079102554e+01
4.620000000000000000e+02	2.660313675050413806e+01
4.630000000000000000e+02	2.824394203466269815e+01
4.640000000000000000e+02	2.997750277364199079e+01
4.650000000000000000e+02	3.180850574046478840e+01
4.660000000000000000e+02	3.374183983329124459e+01
4.670000000000000000e+02	3.578260274646727623e+01
4.680000000000000000e+02	3.793610774514822737e+01
4.690000000000000000e+02	4.020789053800396573e+01
4.700000000000000000e+02	4.260371624197667728e+01
4.710000000000000000e+02	4.512958643251410251e+01
4.720000000000000000e+02	4.779174627213160420e+01
4.730000000000000000e+02	5.059669170957219819e+01
4.740000000000000000e+02	5.355117674123309257e+01
4.750000000000000000e+02	5.666222072593743064e+01
4.760000000000000000e+02	5.993711574365993044e+01
4.770000000000000000e+02	6.338343398916205018e+01
4.780000000000000000e+02	6.700903519633342853e+01
4.790000000000000000e+02	7.082207411686034959e+01
4.800000000000000000e+02	7.483100821381067647e+01
4.810000000000000000e+02	7.904460634998079627e+01
4.820000000000000000e+02	8.347196184990323786e+01
4.830000000000000000e+02	8.812252344897203216e+01
4.840000000000000000e+02	9.300619430580492519e+01
4.850000000000000000e+02	9.813367202144692669e+01
4.860000000000000000e+02	1.035175819914358613e+02
4.870000000000000000e+02	1.091760340898317310e+02
4.880000000000000000e+02	1.151430315580607413e+02
4.890000000000000000e+02	1.214967566595134230e+02
4.900000000000000000e+02	1.284306994841505798e+02
4.910000000000000000e+02	1.364185316148912648e+02
4.920000000000000000e+02	1.465645776341232818e+02
4.930000000000000000e+02	1.612820399874978818e+02
4.940000000000000000e+02	1.854745628314895214e+02
4.950000000000000000e+02	2.283548709810992534e+02
4.960000000000000000e+02	3.058296813394044875e+02
4.970000000000000000e+02	4.429361574403109216e+02
4.980000000000000000e+02	6.751544347709238991e+02
4.990000000000000000e+02	1.046775007223262492e+03
5.000000000000000000e+02	1.604352277456089269e+03
5.010000000000000000e+02	2.384212332749983943e+03
5.020000000000000000e+02	3.395300387112156841e+03
5.030000000000000000e+02	4.601871925415726764e+03
5.040000000000000000e+02	5.913193884115414221e+03
5.050000000000000000e+02	7.187567437472778693e+03
5.060000000000000000e+02	8.254316414939508832e+03
5.070000000000000000e+02	8.950519729862226086e+03
5.080000000000000000e+02	9.162051320267286428e+03
5.090000000000000000e+02	8.854792656348043238e+03
5.100000000000000000e+02	8.084294944355568077e+03
5.110000000000000000e+02	6.980135252678825054e+03
5.120000000000000000e+02	5.711019615961233285e+03
5.130000000000000000e+02	4.443540119838237842e+03
5.140000000000000000e+02	3.308325800925667863e+03
5.150000000000000000e+02	2.382441135860151917e+03
5.160000000000000000e+02	1.689404095323013507e+03
5.170000000000000000e+02	1.211925324370282397e+03
5.180000000000000000e+02	9.097658219879681383e+02
5.190000000000000000e+02	7.360390862051573322e+02
5.200000000000000000e+02	6.482590147962538367e+02
5.210000000000000000e+02	6.135323256248515236e+02
5.220000000000000000e+02	6.092818828230211921e+02
5.230000000000000000e+02	6.215123855036705436e+02
5.240000000000000000e+02	6.423057006466331131e+02
5.250000000000000000e+02	6.675480901677881320e+02
5.260000000000000000e+02	6.952720462966043442e+02
5.270000000000000000e+02	7.246135920514689133e+02
5.280000000000000000e+02	7.552297087696279050e+02
5.290000000000000000e+02	7.870043584104898855e+02
5.300000000000000000e+02	8.199131490580570016e+02
5.310000000000000000e+02	8.539661136900809879e+02
5.320000000000000000e+02	8.891853786292103905e+02
5.330000000000000000e+02	9.255970838306164978e+02
5.340000000000000000e+02	9.632286569892329453e+02
5.350000000000000000e+02	1.002107944443254951e+03
5.360000000000000000e+02	1.042262938033792580e+03
5.370000000000000000e+02	1.083721678959583642e+03
5.380000000000000000e+02	1.126512209881827857e+03
5.390000000000000000e+02	1.170662538596913919e+03
5.400000000000000000e+02	1.216200603569689747e+03
5.410000000000000000e+02	1.263154238942397114e+03
5.420000000000000000e+02	1.311551138481331009e+03
5.430000000000000000e+02	1.361418818358288263e+03
5.440000000000000000e+02	1.412784578761156808e+03
5.450000000000000000e+02	1.465675464350262246e+03
5.460000000000000000e+02	1.520118223583839381e+03
5.470000000000000000e+02	1.576139266939847857e+03
5.480000000000000000e+02	1.633764624064696136e+03
5.490000000000000000e+02	1.693019899882738173e+03
5.500000000000000000e+02	1.753930229703774103e+03
5.510000000000000000e+02	1.816520233369125208e+03
5.520000000000000000e+02	1.880813968480311360e+03
5.530000000000000000e+02	1.946834882757737205e+03
5.540000000000000000e+02	2.014605765580266734e+03
5.550000000000000000e+02	2.084148698760024672e+03
5.560000000000000000e+02	2.155485006610178516e+03
5.570000000000000000e+02	2.228635205366918399e+03
5.580000000000000000e+02	2.303618952030269611e+03
5.590000000000000000e+02	2.380454992691738425e+03
5.600000000000000000e+02	2.459161110420155637e+03
5.610000000000000000e+02	2.539754072780366187e+03
5.620000000000000000e+02	2.622249579062669454e+03
5.630000000000000000e+02	2.706662207304052117e+03
5.640000000000000000e+02	2.793005361185360016e+03
5.650000000000000000e+02	2.881291216891550448e+03
5.660000000000000000e+02	2.971530670025044856e+03
5.670000000000000000e+02	3.063733282664981743e+03
5.680000000000000000e+02	3.157907230667839485e+03
5.690000000000000000e+02	3.254059251307401610e+03
5.700000000000000000e+02	3.352194591354406839e+03
5.710000000000000000e+02	3.452316955698490347e+03
5.720000000000000000e+02	3.554428456616983567e+03
5.730000000000000000e+02	3.658529563797137598e+03
5.740000000000000000e+02	3.764619055219905931e+03
5.750000000000000000e+02	3.872693969014997947e+03
5.760000000000000000e+02	3.982749556398156983e+03
5.770000000000000000e+02	4.094779235802704534e+03
5.780000000000000000e+02	4.208774548318215238e+03
5.790000000000000000e+02	4.324725114549843966e+03
5.800000000000000000e+02	4.442618593012127349e+03
5.810000000000000000e+02	4.562440640171264931e+03
5.820000000000000000e+02	4.684174872249710461e+03
5.830000000000000000e+02	4.807802828906517789e+03
5.840000000000000000e+02	4.933303938906201438e+03
5.850000000000000000e+02	5.060655487887929667e+03
5.860000000000000000e+02	5.189832588345677323e+03
5.870000000000000000e+02	5.320808151928362349e+03
5.880000000000000000e+02	5.453552864167295411e+03
5.890000000000000000e+02	5.588035161736120244e+03
5.900000000000000000e+02	5.724221212346020366e+03
5.910000000000000000e+02	5.862074897376373883e+03
5.920000000000000000e+02	6.001557797337933152e+03
5.930000000000000000e+02	6.142629180262481896e+03
5.940000000000000000e+02	6.285245993109232586e+03
5.950000000000000000e+02	6.429362856274451588e+03
5.960000000000000000e+02	6.574932061286620410e+03
5.970000000000000000e+02	6.721903571765031302e+03
5.980000000000000000e+02	6.870225027714984208e+03
5.990000000000000000e+02	7.019841753227789923e+03
6.000000000000000000e+02	7.170696767648518289e+03
6.010000000000000000e+02	7.322730800268934217e+03
6.020000000000000000e+02	7.475882308597269002e+03
6.030000000000000000e+02	7.630087500250503581e+03
6.040000000000000000e+02	7.785280358508565769e+03
6.050000000000000000e+02	7.941392671563417025e+03
6.060000000000000000e+02	8.098354065489274944e+03
6.070000000000000000e+02	8.256092040953413743e+03
6.080000000000000000e+02	8.414532013679894590e+03
6.090000000000000000e+02	8.573597358671317124e+03
6.100000000000000000e+02	8.733209458186416668e+03
6.110000000000000000e+02	8.893287753463650006e+03
6.120000000000000000e+02	9.053749800173472977e+03
6.130000000000000000e+02	9.214511327574044117e+03
6.140000000000000000e+02	9.375486301337485202e+03
6.150000000000000000e+02	9.536586990005735061e+03
6.160000000000000000e+02	9.697724035027220452e+03
6.170000000000000000e+02	9.858806524317509684e+03
6.180000000000000000e+02	1.001974206927916384e+04
6.190000000000000000e+02	1.018043688520800242e+04
6.200000000000000000e+02	1.034079587500506204e+04
6.210000000000000000e+02	1.050072271610561802e+04
6.220000000000000000e+02	1.066011995052882776e+04
6.230000000000000000e+02	1.081888907794379884e+04
6.240000000000000000e+02	1.097693065164030486e+04
6.250000000000000000e+02	1.113414437728483972e+04
6.260000000000000000e+02	1.129042921433544325e+04
6.270000000000000000e+02	1.144568347998150421e+04
6.280000000000000000e+02	1.159980495546787643e+04
6.290000000000000000e+02	1.175269099465586078e+04
6.300000000000000000e+02	1.190423863466717012e+04
6.310000000000000000e+02	1.205434470845069336e+04
6.320000000000000000e+02	1.220290595910600859e+04
6.330000000000000000e+02	1.234981915579190536e+04
6.340000000000000000e+02	1.249498121104280654e+04
6.350000000000000000e+02	1.263828929931107086e+04
6.360000000000000000e+02	1.277964097654842772e+04
6.370000000000000000e+02	1.291893430063553933e+04
6.380000000000000000e+02	1.305606795246481670e+04
6.390000000000000000e+02	1.319094135747806104e+04
6.400000000000000000e+02	1.332345480745746318e+04
6.410000000000000000e+02	1.345350958236577208e+04
6.420000000000000000e+02	1.358100807202926444e+04
6.430000000000000000e+02	1.370585389745530301e+04
6.440000000000000000e+02	1.382795203157496871e+04
6.450000000000000000e+02	1.394720891920037502e+04
6.460000000000000000e+02	1.406353259598582008e+04
6.470000000000000000e+02	1.417683280618207391e+04
6.480000000000000000e+02	1.428702111897357281e+04
6.490000000000000000e+02	1.439401104318931357e+04
6.500000000000000000e+02	1.449771814017983706e+04
6.510000000000000000e+02	1.459806013465453361e+04
6.520000000000000000e+02	1.469495702327609069e+04
6.530000000000000000e+02	1.478833118081178509e+04
6.540000000000000000e+02	1.487810746364475199e+04
6.550000000000000000e+02	1.496421331045226361e+04
6.560000000000000000e+02	1.504657883986235902e+04
6.570000000000000000e+02	1.512513694490503804e+04
6.580000000000000000e+02	1.519982338407940915e+04
6.590000000000000000e+02	1.527057686886390366e+04
6.600000000000000000e+02	1.533733914750273652e+04
6.610000000000000000e+02	1.540005508490836291e+04
6.620000000000000000e+02	1.545867273852651851e+04
6.630000000000000000e+02	1.551314343001774250e+04
6.640000000000000000e+02	1.556342181261696896e+04
6.650000000000000000e+02	1.560946593404064515e+04
6.660000000000000000e+02	1.565123729481932423e+04
6.670000000000000000e+02	1.568870090194208206e+04
6.680000000000000000e+02	1.572182531770824789e+04
6.690000000000000000e+02	1.575058270369087586e+04
6.700000000000000000e+02	1.577494885972596785e+04
6.710000000000000000e+02	1.579490325785097593e+04
6.720000000000000000e+02	1.581042907112594366e+04
6.730000000000000000e+02	1.582151319728067756e+04
6.740000000000000000e+02	1.582814627714141352e+04
6.750000000000000000e+02	1.583032270780066574e+04
6.760000000000000000e+02	1.582804065050439203e+04
6.770000000000000000e+02	1.582130203324084869e+04
6.780000000000000000e+02	1.581011254802609619e+04
6.790000000000000000e+02	1.579448164289146916e+04
6.800000000000000000e+02	1.577442250858881926e+04
6.810000000000000000e+02	1.574995206003971180e+04
6.820000000000000000e+02	1.572109091256508873e+04
6.830000000000000000e+02	1.568786335294218770e+04
6.840000000000000000e+02	1.565029730534555529e+04
6.850000000000000000e+02	1.560842429223906402e+04
6.860000000000000000e+02	1.556227939029557092e+04
6.870000000000000000e+02	1.551190118143052314e+04
6.880000000000000000e+02	1.545733169904518400e+04
6.890000000000000000e+02	1.539861636958433883e+04
6.900000000000000000e+02	1.533580394952221832e+04
6.910000000000000000e+02	1.526894645789898277e+04
6.920000000000000000e+02	1.519809910453843986e+04
6.930000000000000000e+02	1.512332021408562287e+04
6.940000000000000000e+02	1.504467114601052344e+04
6.950000000000000000e+02	1.496221621073151255e+04
6.960000000000000000e+02	1.487602258201889708e+04
6.970000000000000000e+02	1.478616020584557918e+04
6.980000000000000000e+02	1.469270170585783126e+04
6.990000000000000000e+02	1.459572228564491888e+04
7.000000000000000000e+02	1.449529962799150599e+04
7.010000000000000000e+02	1.439151379130158784e+04
7.020000000000000000e+02	1.428444710338702498e+04
7.030000000000000000e+02	1.417418405281763080e+04
7.040000000000000000e+02	1.406081117803316010e+04
7.050000000000000000e+02	1.394441695442051059e+04
7.060000000000000000e+02	1.382509167956187594e+04
7.070000000000000000e+02	1.370292735686155174e+04
7.080000000000000000e+02	1.357801757776062550e+04
7.090000000000000000e+02	1.345045740274978016e+04
7.100000000000000000e+02	1.332034324139093769e+04
7.110000000000000000e+02	1.318777273155857438e+04
7.120000000000000000e+02	1.305284461811108304e+04
7.130000000000000000e+02	1.291565863120168251e+04
7.140000000000000000e+02	1.277631536443702862e+04
7.150000000000000000e+02	1.263491615308987093e+04
7.160000000000000000e+02	1.249156295256986414e+04
7.170000000000000000e+02	1.234635821735395803e+04
7.180000000000000000e+02	1.219940478057467772e+04
7.190000000000000000e+02	1.205080573446111521e+04
7.200000000000000000e+02	1.190066431182354972e+04
7.210000000000000000e+02	1.174908376876826514e+04
7.220000000000000000e+02	1.159616726882458352e+04
7.230000000000000000e+02	1.144201776866098953e+04
7.240000000000000000e+02	1.128673790556203130e+04
7.250000000000000000e+02	1.113042988683188196e+04
7.260000000000000000e+02	1.097319538128460044e+04
7.270000000000000000e+02	1.081513541297481788e+04
7.280000000000000000e+02	1.065635025731616952e+04
7.290000000000000000e+02	1.049693933972793639e+04
7.300000000000000000e+02	1.033700113694355241e+04
7.310000000000000000e+02	1.017663308110735852e+04
7.320000000000000000e+02	1.001593146677873119e+04
7.330000000000000000e+02	9.854991360955204073e+03
7.340000000000000000e+02	9.693906516218592515e+03
7.350000000000000000e+02	9.532769287100345537e+03
7.360000000000000000e+02	9.371670549754624517e+03
7.370000000000000000e+02	9.210699625019591622e+03
7.380000000000000000e+02	9.049944204939538395e+03
7.390000000000000000e+02	8.889490282812426813e+03
7.400000000000000000e+02	8.729422086819484321e+03
7.410000000000000000e+02	8.569822017285498077e+03
7.420000000000000000e+02	8.410770587610464645e+03
7.430000000000000000e+02	8.252346368905435156e+03
7.440000000000000000e+02	8.094625938357483392e+03
7.450000000000000000e+02	7.937683831341031691e+03
7.460000000000000000e+02	7.781592497285122590e+03
7.470000000000000000e+02	7.626422259298703466e+03
7.480000000000000000e+02	7.472241277548629114e+03
7.490000000000000000e+02	7.319115516377841232e+03
7.500000000000000000e+02	7.167108715144162488e+03
7.510000000000000000e+02	7.016282362753267989e+03
7.520000000000000000e+02	6.866695675852705790e+03
7.530000000000000000e+02	6.718405580647427087e+03
7.540000000000000000e+02	6.571466698290993008e+03
7.550000000000000000e+02	6.425931333800666835e+03
7.560000000000000000e+02	6.281849468438839722e+03
7.570000000000000000e+02	6.139268755497689199e+03
7.580000000000000000e+02	5.998234519418767377e+03
7.590000000000000000e+02	5.858789758174239978e+03
7.600000000000000000e+02	5.720975148831747902e+03
7.610000000000000000e+02	5.584829056220504754e+03
7.620000000000000000e+02	5.450387544612034617e+03
7.630000000000000000e+02	5.317684392325195404e+03
7.640000000000000000e+02	5.186751109161484237e+03
7.650000000000000000e+02	5.057616956573422613e+03
7.660000000000000000e+02	4.930308970465825951e+03
7.670000000000000000e+02	4.804851986527088229e+03
7.680000000000000000e+02	4.681268667985252250e+03
7.690000000000000000e+02	4.559579535681520611e+03
7.700000000000000000e+02	4.439803000352103481e+03
7.710000000000000000e+02	4.321955397007772262e+03
7.720000000000000000e+02	4.206051021299253989e+03
7.730000000000000000e+02	4.092102167755724622e+03
7.740000000000000000e+02	3.980119169782886729e+03
7.750000000000000000e+02	3.870110441306849680e+03
7.760000000000000000e+02	3.762082519949780362e+03
7.770000000000000000e+02	3.656040111623500252e+03
7.780000000000000000e+02	3.551986136427547081e+03
7.790000000000000000e+02	3.449921775738826909e+03
7.800000000000000000e+02	3.349846520380848688e+03
7.810000000000000000e+02	3.251758219761618420e+03
7.820000000000000000e+02	3.155653131870520610e+03
7.830000000000000000e+02	3.061525974026051244e+03
7.840000000000000000e+02	2.969369974267945963e+03
7.850000000000000000e+02	2.879176923289111073e+03
7.860000000000000000e+02	2.790937226804856891e+03
7.870000000000000000e+02	2.704639958259116611e+03
7.880000000000000000e+02	2.620272911769742677e+03
7.890000000000000000e+02	2.537822655217473311e+03
7.900000000000000000e+02	2.457274583385838923e+03
7.910000000000000000e+02	2.378612971062047109e+03
7.920000000000000000e+02	2.301821026011772119e+03
7.930000000000000000e+02	2.226880941743795120e+03
7.940000000000000000e+02	2.153773949983495640e+03
7.950000000000000000e+02	2.082480372777397861e+03
7.960000000000000000e+02	2.012979674154173608e+03
7.970000000000000000e+02	1.945250511270837933e+03
7.980000000000000000e+02	1.879270784976198684e+03
7.990000000000000000e+02	1.815017689727018251e+03
8.000000000000000000e+02	1.752467762795751014e+03
8.010000000000000000e+02	1.691596932712171110e+03
8.020000000000000000e+02	1.632380566884648260e+03
8.030000000000000000e+02	1.574793518350280237e+03
8.040000000000000000e+02	1.518810171606517542e+03
8.050000000000000000e+02	1.464404487480393300e+03
8.060000000000000000e+02	1.411550046994811282e+03
8.070000000000000000e+02	1.360220094194784451e+03
8.080000000000000000e+02	1.310387577899800135e+03
8.090000000000000000e+02	1.262025192351830356e+03
8.100000000000000000e+02	1.215105416731707919e+03
8.110000000000000000e+02	1.169600553519797359e+03
8.120000000000000000e+02	1.125482765680000284e+03
8.130000000000000000e+02	1.082724112649187873e+03
8.140000000000000000e+02	1.041296585117140694e+03
8.150000000000000000e+02	1.001172138584956883e+03
8.160000000000000000e+02	9.623227256927292501e+02
8.170000000000000000e+02	9.247203273100012666e+02
8.180000000000000000e+02	8.883369823851700176e+02
8.190000000000000000e+02	8.531448165525370086e+02
8.200000000000000000e+02	8.191160694981647339e+02
8.210000000000000000e+02	7.862231210880563594e+02
8.220000000000000000e+02	7.544385162644092588e+02
8.230000000000000000e+02	7.237349887178680774e+02
8.240000000000000000e+02	6.940854833457273116e+02
8.250000000000000000e+02	6.654631775079934641e+02
8.260000000000000000e+02	6.378415010950457145e+02
8.270000000000000000e+02	6.111941554223704998e+02
8.280000000000000000e+02	5.854951309694697557e+02
8.290000000000000000e+02	5.607187239815755220e+02
8.300000000000000000e+02	5.368395519542083321e+02
8.310000000000000000e+02	5.138325680219422793e+02
8.320000000000000000e+02	4.916730742739514994e+02
8.330000000000000000e+02	4.703367340200208560e+02
8.340000000000000000e+02	4.497995830317194645e+02
8.350000000000000000e+02	4.300380397843467222e+02
8.360000000000000000e+02	4.110289147260855316e+02
8.370000000000000000e+02	3.927494186015151172e+02
8.380000000000000000e+02	3.751771698572720197e+02
8.390000000000000000e+02	3.582902011581972488e+02
8.400000000000000000e+02	3.420669650427539636e+02
8.410000000000000000e+02	3.264863387468894871e+02
8.420000000000000000e+02	3.115276282257934213e+02
8.430000000000000000e+02	2.971705714032312926e+02
8.440000000000000000e+02	2.833953406782645175e+02
8.450000000000000000e+02	2.701825447192417187e+02
8.460000000000000000e+02	2.575132295749419882e+02
8.470000000000000000e+02	2.453688791326860894e+02
8.480000000000000000e+02	2.337314149531007104e+02
8.490000000000000000e+02	2.225831955110363083e+02
8.500000000000000000e+02	2.119070148718904534e+02
8.510000000000000000e+02	2.016861008322963471e+02
8.520000000000000000e+02	1.919041125537819141e+02
8.530000000000000000e+02	1.825451377176230494e+02
8.540000000000000000e+02	1.735936892286667330e+02
8.550000000000000000e+02	1.650347014954332678e+02
8.560000000000000000e+02	1.568535263132847888e+02
8.570000000000000000e+02	1.490359283769100500e+02
8.580000000000000000e+02	1.415680804477880201e+02
8.590000000000000000e+02	1.344365582016955898e+02
8.600000000000000000e+02	1.276283347806865862e+02
8.610000000000000000e+02	1.211307750733223116e+02
8.620000000000000000e+02	1.149316297462585084e+02
8.630000000000000000e+02	1.090190290496036454e+02
8.640000000000000000e+02	1.033814764177636647e+02
8.650000000000000000e+02	9.800784188676631459e+01
8.660000000000000000e+02	9.288735534834263774e+01
8.670000000000000000e+02	8.800959966030083592e+01
8.680000000000000000e+02	8.336450363199912772e+01
8.690000000000000000e+02	7.894233490297857259e+01
8.700000000000000000e+02	7.473369273208014363e+01
8.710000000000000000e+02	7.072950071362561175e+01
8.720000000000000000e+02	6.692099943650967475e+01
8.730000000000000000e+02	6.329973910131291603e+01
8.740000000000000000e+02	5.985757210982216492e+01
8.750000000000000000e+02	5.658664564062149083e+01
8.760000000000000000e+02	5.347939422371035789e+01
8.770000000000000000e+02	5.052853232640051573e+01
8.780000000000000000e+02	4.772704696205725838e+01
8.790000000000000000e+02	4.506819033257117724e+01
8.800000000000000000e+02	4.254547251478344094e+01
8.810000000000000000e+02	4.015265420043962052e+01
8.820000000000000000e+02	3.788373949860888246e+01
8.830000000000000000e+02	3.573296880889099469e+01
8.840000000000000000e+02	3.369481177312775344e+01
8.850000000000000000e+02	3.176396031275228538e+01
8.860000000000000000e+02	2.993532175834030440e+01
8.870000000000000000e+02	2.820401207737881677e+01
8.880000000000000000e+02	2.656534920573430725e+01
8.890000000000000000e+02	2.501484648779105413e+01
8.900000000000000000e+02	2.354820622973333144e+01
8.910000000000000000e+02	2.216131336997181478e+01
8.920000000000000000e+02	2.085022927025519124e+01
8.930000000000000000e+02	1.961118563057220854e+01
8.940000000000000000e+02	1.844057853052827056e+01
8.950000000000000000e+02	1.733496259948194762e+01
8.960000000000000000e+02	1.629104531734421002e+01
8.970000000000000000e+02	1.530568144758026072e+01
8.980000000000000000e+02	1.437586760360954941e+01
8.990000000000000000e+02	1.349873694947183722e+01
9.000000000000000000e+02	1.267155403531939939e+01
9.010000000000000000e+02	1.189170976800271440e+01
9.020000000000000000e+02	1.115671651674375298e+01
9.030000000000000000e+02	1.046420335363241527e+01
9.040000000000000000e+02	9.811911428441092653e+00
9.050000000000000000e+02	9.197689477026340654e+00
9.060000000000000000e+02	8.619489462377693201e+00
9.070000000000000000e+02	8.075362347177964750e+00
9.080000000000000000e+02	7.563453996560053127e+00
9.090000000000000000e+02	7.082001209578747236e+00
9.100000000000000000e+02	6.629327877764166210e+00
9.110000000000000000e+02	6.203841268983889989e+00
9.120000000000000000e+02	5.804028434714627593e+00
9.130000000000000000e+02	5.428452738710175751e+00
9.140000000000000000e+02	5.075750504949266606e+00
9.150000000000000000e+02	4.744627782656261061e+00
9.160000000000000000e+02	4.433857226106316496e+00
9.170000000000000000e+02	4.142275086856590960e+00
9.180000000000000000e+02	3.868778315984094718e+00
9.190000000000000000e+02	3.612321773859363816e+00
9.200000000000000000e+02	3.371915544942224674e+00
9.210000000000000000e+02	3.146622355051610143e+00
9.220000000000000000e+02	2.935555088534576029e+00
9.230000000000000000e+02	2.737874402740477109e+00
9.240000000000000000e+02	2.552786437193766744e+00
9.250000000000000000e+02	2.379540614853241198e+00
9.260000000000000000e+02	2.217427532845500426e+00
9.270000000000000000e+02	2.065776940066511802e+00
9.280000000000000000e+02	1.923955799056144222e+00
9.290000000000000000e+02	1.791366429566699559e+00
9.300000000000000000e+02	1.667444731266993552e+00
9.310000000000000000e+02	1.551658483048192094e+00
9.320000000000000000e+02	1.443505716426253693e+00
9.330000000000000000e+02	1.342513160567707864e+00
9.340000000000000000e+02	1.248234756500808507e+00
9.350000000000000000e+02	1.160250238112000787e+00
9.360000000000000000e+02	1.078163777568296622e+00
9.370000000000000000e+02	1.001602692849054455e+00
9.380000000000000000e+02	9.302162151154966807e-01
9.390000000000000000e+02	8.636743136930278286e-01
9.400000000000000000e+02	8.016665764895563040e-01
9.410000000000000000e+02	7.439011437226081824e-01
9.420000000000000000e+02	6.901036928785416746e-01
9.430000000000000000e+02	6.400164728787138824e-01
9.440000000000000000e+02	5.933973854795799863e-01
9.450000000000000000e+02	5.500191119864863420e-01
9.460000000000000000e+02	5.096682834139224516e-01
9.470000000000000000e+02	4.721446922782753797e-01
9.480000000000000000e+02	4.372605442624845073e-01
9.490000000000000000e+02	4.048397480451786934e-01
9.500000000000000000e+02	3.747172416399865424e-01
9.510000000000000000e+02	3.467383536433535918e-01
9.520000000000000000e+02	3.207581978415861568e-01
9.530000000000000000e+02	2.966410996795585397e-01
9.540000000000000000e+02	2.742600531447261236e-01
9.550000000000000000e+02	2.534962066705698236e-01
9.560000000000000000e+02	2.342383767133375261e-01
9.570000000000000000e+02	2.163825877048465574e-01
9.580000000000000000e+02	1.998316371321552098e-01
9.590000000000000000e+02	1.844946845419968284e-01
9.600000000000000000e+02	1.702868633140181553e-01
9.610000000000000000e+02	1.571289140919628069e-01
9.620000000000000000e+02	1.449468388060080326e-01
9.630000000000000000e+02	1.336715742624811631e-01
9.640000000000000000e+02	1.232386843190580727e-01
9.650000000000000000e+02	1.135880697043576276e-01
9.660000000000000000e+02	1.046636945804994001e-01
9.670000000000000000e+02	9.641332898572763099e-02
9.680000000000000000e+02	8.878830633159556784e-02
9.690000000000000000e+02	8.174329516544869001e-02
9.700000000000000000e+02	7.523608444405732731e-02
9.710000000000000000e+02	6.922738159822035275e-02
9.720000000000000000e+02	6.368062270100494082e-02
9.730000000000000000e+02	5.856179408400880027e-02
9.740000000000000000e+02	5.383926477664776472e-02
9.750000000000000000e+02	4.948362917299540392e-02
9.760000000000000000e+02	4.546755935914189445e-02
9.770000000000000000e+02	4.176566656142165213e-02
9.780000000000000000e+02	3.835437120220386992e-02
9.790000000000000000e+02	3.521178107525431422e-02
9.800000000000000000e+02	3.231757717699844379e-02
9.810000000000000000e+02	2.965290675335235243e-02
9.820000000000000000e+02	2.720028314417755055e-02
9.830000000000000000e+02	2.494349202886343361e-02
9.840000000000000000e+02	2.286750369709136463e-02
9.850000000000000000e+02	2.095839098849547333e-02
9.860000000000000000e+02	1.920325256374297643e-02
9.870000000000000000e+02	1.759014118753049472e-02
9.880000000000000000e+02	1.610799672116135228e-02
9.890000000000000000e+02	1.474658353875508629e-02
9.900000000000000000e+02	1.349643209677359700e-02
9.910000000000000000e+02	1.234878440144860506e-02
9.920000000000000000e+02	1.129554313289309227e-02
9.930000000000000000e+02	1.032922419819691170e-02
9.940000000000000000e+02	9.442912498668671814e-03
9.950000000000000000e+02	8.630220708618626529e-03
9.960000000000000000e+02	7.885250874702074558e-03
9.970000000000000000e+02	7.202558655886336092e-03
9.980000000000000000e+02	6.577120034586396782e-03
9.990000000000000000e+02	6.004300339460838520e-03
1.000000000000000000e+03	5.479825429790087001e-03
