4.410000000000000000e+02	5.867512005820085363e+00
4.420000000000000000e+02	6.271530029850486798e+00
4.430000000000000000e+02	6.701471493181284877e+00
4.440000000000000000e+02	7.158862022690237303e+00
4.450000000000000000e+02	7.645307517824250887e+00
4.460000000000000000e+02	8.162497750854189604e+00
4.470000000000000000e+02	8.712210089691172499e+00
4.480000000000000000e+02	9.296313345062550582e+00
4.490000000000000000e+02	9.916771743712953224e+00
4.500000000000000000e+02	1.057564902915058624e+01
4.510000000000000000e+02	1.127511269130008564e+01
4.520000000000000000e+02	1.201743832625084174e+01
4.530000000000000000e+02	1.280501412710275311e+01
4.540000000000000000e+02	1.364034550670984025e+01
4.550000000000000000e+02	1.452605985290525759e+01
4.560000000000000000e+02	1.546491141655894275e+01
4.570000000000000000e+02	1.645978633257071166e+01
4.580000000000000000e+02	1.751370777363618103e+01
4.590000000000000000e+02	1.862984123634212352e+01
4.600000000000000000e+02	1.981149995884798543e+01
4.610000000000000000e+02	2.106215046909423805e+01
4.620000000000000000e+02	2.238541826214447994e+01
4.630000000000000000e+02	2.378509360491515068e+01
4.640000000000000000e+02	2.526513746617691325e+01
4.650000000000000000e+02	2.682968756932249477e+01
4.660000000000000000e+02	2.848306456498834294e+01
4.670000000000000000e+02	3.022977832019118694e+01
4.680000000000000000e+02	3.207453432019561035e+01
4.690000000000000000e+02	3.402224017886518936e+01
4.700000000000000000e+02	3.607801225276752888e+01
4.710000000000000000e+02	3.824718235380215248e+01
4.720000000000000000e+02	4.053530455460140303e+01
4.730000000000000000e+02	4.294816208041718397e+01
4.740000000000000000e+02	4.549177428065052453e+01
4.750000000000000000e+02	4.817240367260921374e+01
4.760000000000000000e+02	5.099656304948831576e+01
4.770000000000000000e+02	5.397102264396298921e+01
4.780000000000000000e+02	5.710281733816078997e+01
4.790000000000000000e+02	6.039925391014418921e+01
4.800000000000000000e+02	6.386791830639323564e+01
4.810000000000000000e+02	6.751668292919521264e+01
4.820000000000000000e+02	7.135371392786194633e+01
4.830000000000000000e+02	7.538747848729526879e+01
4.840000000000000000e+02	7.962675214398974788e+01
4.850000000000000000e+02	8.408062640053869075e+01
4.860000000000000000e+02	8.875851834939476248e+01
4.870000000000000000e+02	9.367019189442612515e+01
4.880000000000000000e+02	9.882583964012303568e+01
4.890000000000000000e+02	1.042364554262824754e+02
4.900000000000000000e+02	1.099154834758686832e+02
4.910000000000000000e+02	1.158856019832670938e+02
4.920000000000000000e+02	1.222043745295281241e+02
4.930000000000000000e+02	1.290530676118211204e+02
4.940000000000000000e+02	1.370173859621270367e+02
4.950000000000000000e+02	1.478946593055132439e+02
4.960000000000000000e+02	1.667952781918694143e+02
4.970000000000000000e+02	2.070643713532454058e+02
4.980000000000000000e+02	3.005525587388153781e+02
4.990000000000000000e+02	5.164226138463377538e+02
5.000000000000000000e+02	9.905417399534728702e+02
5.010000000000000000e+02	1.962400295855833519e+03
5.020000000000000000e+02	3.805911047170283837e+03
5.030000000000000000e+02	7.026473458175674750e+03
5.040000000000000000e+02	1.218792626319406736e+04
5.050000000000000000e+02	1.974349424319438185e+04
5.060000000000000000e+02	2.978530274970757455e+04
5.070000000000000000e+02	4.179052515532034886e+04
5.080000000000000000e+02	5.449543777191768459e+04
5.090000000000000000e+02	6.602389343335764715e+04
5.100000000000000000e+02	7.430659892906827736e+04
5.110000000000000000e+02	7.767991521610901691e+04
5.120000000000000000e+02	7.543037793661686010e+04
5.130000000000000000e+02	6.804132084909157129e+04
5.140000000000000000e+02	5.702503428145961516e+04
5.150000000000000000e+02	4.442015252557674103e+04
5.160000000000000000e+02	3.218269540916230835e+04
5.170000000000000000e+02	2.171750779871217310e+04
5.180000000000000000e+02	1.369080617728457582e+04
5.190000000000000000e+02	8.114149338945540876e+03
5.200000000000000000e+02	4.584344487306520023e+03
5.210000000000000000e+02	2.542927868078578740e+03
5.220000000000000000e+02	1.464324509411617782e+03
5.230000000000000000e+02	9.466857126340644299e+02
5.240000000000000000e+02	7.257878965297304603e+02
5.250000000000000000e+02	6.482923594716012303e+02
5.260000000000000000e+02	6.345277885581052715e+02
5.270000000000000000e+02	6.471085130564551946e+02
5.280000000000000000e+02	6.701026868061221649e+02
5.290000000000000000e+02	6.973255517178791933e+02
5.300000000000000000e+02	7.265909436278029716e+02
5.310000000000000000e+02	7.572023107269209277e+02
5.320000000000000000e+02	7.889691422555191593e+02
5.330000000000000000e+02	8.218582237892270541e+02
5.340000000000000000e+02	8.558812369405090976e+02
5.350000000000000000e+02	8.910617007661138587e+02
5.360000000000000000e+02	9.274260636141592613e+02
5.370000000000000000e+02	9.650014868954889380e+02
5.380000000000000000e+02	1.003815321584031381e+03
5.390000000000000000e+02	1.043894975966975835e+03
5.400000000000000000e+02	1.085267865579113050e+03
5.410000000000000000e+02	1.127961378202453488e+03
5.420000000000000000e+02	1.172002840577950565e+03
5.430000000000000000e+02	1.217419484397199085e+03
5.440000000000000000e+02	1.264238411175557758e+03
5.450000000000000000e+02	1.312486555957517567e+03
5.460000000000000000e+02	1.362190649862413466e+03
5.470000000000000000e+02	1.413377181489423037e+03
5.480000000000000000e+02	1.466072357204895070e+03
5.490000000000000000e+02	1.520302060338319961e+03
5.500000000000000000e+02	1.576091809316468016e+03
5.510000000000000000e+02	1.633466714768459042e+03
5.520000000000000000e+02	1.692451435637821533e+03
5.530000000000000000e+02	1.753070134340933919e+03
5.540000000000000000e+02	1.815346431014601194e+03
5.550000000000000000e+02	1.879303356898888069e+03
5.560000000000000000e+02	1.944963306904767478e+03
5.570000000000000000e+02	2.012347991419510890e+03
5.580000000000000000e+02	2.081478387406183629e+03
5.590000000000000000e+02	2.152374688856997636e+03
5.600000000000000000e+02	2.225056256663646309e+03
5.610000000000000000e+02	2.299541567971120912e+03
5.620000000000000000e+02	2.375848165084784341e+03
5.630000000000000000e+02	2.453992604003781707e+03
5.640000000000000000e+02	2.533990402657051163e+03
5.650000000000000000e+02	2.615855988921352946e+03
5.660000000000000000e+02	2.699602648503777800e+03
5.670000000000000000e+02	2.785242472774193629e+03
5.680000000000000000e+02	2.872786306635938672e+03
5.690000000000000000e+02	2.962243696525849373e+03
5.700000000000000000e+02	3.053622838637349105e+03
5.710000000000000000e+02	3.146930527462819555e+03
5.720000000000000000e+02	3.242172104753874919e+03
5.730000000000000000e+02	3.339351409000343210e+03
5.740000000000000000e+02	3.438470725530833079e+03
5.750000000000000000e+02	3.539530737339641746e+03
5.760000000000000000e+02	3.642530476746423119e+03
5.770000000000000000e+02	3.747467277996606754e+03
5.780000000000000000e+02	3.854336730911765244e+03
5.790000000000000000e+02	3.963132635700295396e+03
5.800000000000000000e+02	4.073846959039591638e+03
5.810000000000000000e+02	4.186469791541549966e+03
5.820000000000000000e+02	4.300989306713608130e+03
5.830000000000000000e+02	4.417391721527733353e+03
5.840000000000000000e+02	4.535661258709573303e+03
5.850000000000000000e+02	4.655780110859733213e+03
5.860000000000000000e+02	4.777728406518407610e+03
5.870000000000000000e+02	4.901484178283753863e+03
5.880000000000000000e+02	5.027023333093203291e+03
5.890000000000000000e+02	5.154319624775424018e+03
5.900000000000000000e+02	5.283344628978921719e+03
5.910000000000000000e+02	5.414067720581228969e+03
5.920000000000000000e+02	5.546456053680291006e+03
5.930000000000000000e+02	5.680474544267045530e+03
5.940000000000000000e+02	5.816085855675317362e+03
5.950000000000000000e+02	5.953250386901880120e+03
5.960000000000000000e+02	6.091926263886116431e+03
5.970000000000000000e+02	6.232069333834863755e+03
5.980000000000000000e+02	6.373633162674023879e+03
5.990000000000000000e+02	6.516569035704112139e+03
6.000000000000000000e+02	6.660825961532329529e+03
6.010000000000000000e+02	6.806350679348817721e+03
6.020000000000000000e+02	6.953087669609609293e+03
6.030000000000000000e+02	7.100979168183346701e+03
6.040000000000000000e+02	7.249965184013165526e+03
6.050000000000000000e+02	7.399983520339234929e+03
6.060000000000000000e+02	7.550969799521269124e+03
6.070000000000000000e+02	7.702857491494011811e+03
6.080000000000000000e+02	7.855577945882029780e+03
6.090000000000000000e+02	8.009060427793460804e+03
6.100000000000000000e+02	8.163232157305347755e+03
6.110000000000000000e+02	8.318018352646085987e+03
6.120000000000000000e+02	8.473342277073243167e+03
6.130000000000000000e+02	8.629125289437539323e+03
6.140000000000000000e+02	8.785286898416283293e+03
6.150000000000000000e+02	8.941744820391937537e+03
6.160000000000000000e+02	9.098415040943642452e+03
6.170000000000000000e+02	9.255211879911848882e+03
6.180000000000000000e+02	9.412048059988321256e+03
6.190000000000000000e+02	9.568834778775797531e+03
6.200000000000000000e+02	9.725481784253881415e+03
6.210000000000000000e+02	9.881897453579664216e+03
6.220000000000000000e+02	1.003798887514385387e+04
6.230000000000000000e+02	1.019366193379532706e+04
6.240000000000000000e+02	1.034882139913926221e+04
6.250000000000000000e+02	1.050337101680646265e+04
6.260000000000000000e+02	1.065721360258379900e+04
6.270000000000000000e+02	1.081025113928847895e+04
6.280000000000000000e+02	1.096238487626143797e+04
6.290000000000000000e+02	1.111351543134823078e+04
6.300000000000000000e+02	1.126354289522881299e+04
6.310000000000000000e+02	1.141236693795104111e+04
6.320000000000000000e+02	1.155988691751624538e+04
6.330000000000000000e+02	1.170600199035909645e+04
6.340000000000000000e+02	1.185061122355810039e+04
6.350000000000000000e+02	1.199361370860747957e+04
6.360000000000000000e+02	1.213490867657592207e+04
6.370000000000000000e+02	1.227439561447267988e+04
6.380000000000000000e+02	1.241197438263704498e+04
6.390000000000000000e+02	1.254754533296281625e+04
6.400000000000000000e+02	1.268100942776567899e+04
6.410000000000000000e+02	1.281226835909783040e+04
6.420000000000000000e+02	1.294122466831124984e+04
6.430000000000000000e+02	1.306778186566824479e+04
6.440000000000000000e+02	1.319184454979584189e+04
6.450000000000000000e+02	1.331331852677867937e+04
6.460000000000000000e+02	1.343211092868387641e+04
6.470000000000000000e+02	1.354813033131037628e+04
6.480000000000000000e+02	1.366128687095494934e+04
6.490000000000000000e+02	1.377149235998707809e+04
6.500000000000000000e+02	1.387866040102547777e+04
6.510000000000000000e+02	1.398270649951004270e+04
6.520000000000000000e+02	1.408354817446452398e+04
6.530000000000000000e+02	1.418110506724717743e+04
6.540000000000000000e+02	1.427529904808907486e+04
6.550000000000000000e+02	1.436605432022275818e+04
6.560000000000000000e+02	1.445329752140720666e+04
6.570000000000000000e+02	1.453695782265901289e+04
6.580000000000000000e+02	1.461696702400397771e+04
6.590000000000000000e+02	1.469325964706802370e+04
6.600000000000000000e+02	1.476577302433163823e+04
6.610000000000000000e+02	1.483444738487759241e+04
6.620000000000000000e+02	1.489922593646776841e+04
6.630000000000000000e+02	1.496005494379139054e+04
6.640000000000000000e+02	1.501688380273376242e+04
6.650000000000000000e+02	1.506966511052186797e+04
6.660000000000000000e+02	1.511835473161072514e+04
6.670000000000000000e+02	1.516291185918232804e+04
6.680000000000000000e+02	1.520329907213720981e+04
6.690000000000000000e+02	1.523948238746723473e+04
6.700000000000000000e+02	1.527143130790698160e+04
6.710000000000000000e+02	1.529911886477023290e+04
6.720000000000000000e+02	1.532252165588729076e+04
6.730000000000000000e+02	1.534161987856845008e+04
6.740000000000000000e+02	1.535639735752862725e+04
6.750000000000000000e+02	1.536684156771800008e+04
6.760000000000000000e+02	1.537294365201357505e+04
6.770000000000000000e+02	1.537469843373668482e+04
6.780000000000000000e+02	1.537210442397165752e+04
6.790000000000000000e+02	1.536516382367116239e+04
6.800000000000000000e+02	1.535388252054408986e+04
6.810000000000000000e+02	1.533827008073209618e+04
6.820000000000000000e+02	1.531833973529130344e+04
6.830000000000000000e+02	1.529410836150588693e+04
6.840000000000000000e+02	1.526559645907050981e+04
6.850000000000000000e+02	1.523282812118863330e+04
6.860000000000000000e+02	1.519583100064376777e+04
6.870000000000000000e+02	1.515463627091052513e+04
6.880000000000000000e+02	1.510927858238205044e+04
6.890000000000000000e+02	1.505979601379987071e+04
6.900000000000000000e+02	1.500623001898144321e+04
6.910000000000000000e+02	1.494862536894975710e+04
6.920000000000000000e+02	1.488703008957805650e+04
6.930000000000000000e+02	1.482149539487124821e+04
6.940000000000000000e+02	1.475207561601373527e+04
6.950000000000000000e+02	1.467882812632123205e+04
6.960000000000000000e+02	1.460181326224169788e+04
6.970000000000000000e+02	1.452109424055754971e+04
6.980000000000000000e+02	1.443673707194820417e+04
6.990000000000000000e+02	1.434881047107827908e+04
7.000000000000000000e+02	1.425738576338283201e+04
7.010000000000000000e+02	1.416253678872647470e+04
7.020000000000000000e+02	1.406433980211840390e+04
7.030000000000000000e+02	1.396287337167001169e+04
7.040000000000000000e+02	1.385821827398597634e+04
7.050000000000000000e+02	1.375045738718350185e+04
7.060000000000000000e+02	1.363967558173769612e+04
7.070000000000000000e+02	1.352595960935386211e+04
7.080000000000000000e+02	1.340939799006987232e+04
7.090000000000000000e+02	1.329008089779369220e+04
7.100000000000000000e+02	1.316810004448244763e+04
7.110000000000000000e+02	1.304354856317046506e+04
7.120000000000000000e+02	1.291652089005406197e+04
7.130000000000000000e+02	1.278711264584093442e+04
7.140000000000000000e+02	1.265542051657143020e+04
7.150000000000000000e+02	1.252154213411810269e+04
7.160000000000000000e+02	1.238557595656848571e+04
7.170000000000000000e+02	1.224762114869421748e+04
7.180000000000000000e+02	1.210777746270734860e+04
7.190000000000000000e+02	1.196614511950191081e+04
7.200000000000000000e+02	1.182282469057573689e+04
7.210000000000000000e+02	1.167791698082397124e+04
7.220000000000000000e+02	1.153152291239176702e+04
7.230000000000000000e+02	1.138374340976937128e+04
7.240000000000000000e+02	1.123467928630815732e+04
7.250000000000000000e+02	1.108443113233109943e+04
7.260000000000000000e+02	1.093309920500593762e+04
7.270000000000000000e+02	1.078078332014352964e+04
7.280000000000000000e+02	1.062758274607805470e+04
7.290000000000000000e+02	1.047359609977943182e+04
7.300000000000000000e+02	1.031892124534192772e+04
7.310000000000000000e+02	1.016365519498618232e+04
7.320000000000000000e+02	1.000789401270502458e+04
7.330000000000000000e+02	9.851732720676251120e+03
7.340000000000000000e+02	9.695265208558428640e+03
7.350000000000000000e+02	9.538584145778166203e+03
7.360000000000000000e+02	9.381780896909916919e+03
7.370000000000000000e+02	9.224945440241594042e+03
7.380000000000000000e+02	9.068166289611586762e+03
7.390000000000000000e+02	8.911530419594955674e+03
7.400000000000000000e+02	8.755123194108657117e+03
7.410000000000000000e+02	8.599028298497842115e+03
7.420000000000000000e+02	8.443327675157332123e+03
7.430000000000000000e+02	8.288101462734490269e+03
7.440000000000000000e+02	8.133427938951899705e+03
7.450000000000000000e+02	7.979383467080442642e+03
7.460000000000000000e+02	7.826042446085633856e+03
7.470000000000000000e+02	7.673477264462530002e+03
7.480000000000000000e+02	7.521758257766869065e+03
7.490000000000000000e+02	7.370953669842842828e+03
7.500000000000000000e+02	7.221129617740563845e+03
7.510000000000000000e+02	7.072350060309229775e+03
7.520000000000000000e+02	6.924676770445042166e+03
7.530000000000000000e+02	6.778169310966229204e+03
7.540000000000000000e+02	6.632885014080935434e+03
7.550000000000000000e+02	6.488878964407478634e+03
7.560000000000000000e+02	6.346203985500287672e+03
7.570000000000000000e+02	6.204910629829041682e+03
7.580000000000000000e+02	6.065047172152843814e+03
7.590000000000000000e+02	5.926659606225921380e+03
7.600000000000000000e+02	5.789791644766212812e+03
7.610000000000000000e+02	5.654484722613356098e+03
7.620000000000000000e+02	5.520778002998006741e+03
7.630000000000000000e+02	5.388708386840165986e+03
7.640000000000000000e+02	5.258310524990100021e+03
7.650000000000000000e+02	5.129616833321795639e+03
7.660000000000000000e+02	5.002657510585398086e+03
7.670000000000000000e+02	4.877460558921967277e+03
7.680000000000000000e+02	4.754051806941020004e+03
7.690000000000000000e+02	4.632454935258759178e+03
7.700000000000000000e+02	4.512691504392643765e+03
7.710000000000000000e+02	4.394780984905944933e+03
7.720000000000000000e+02	4.278740789694274099e+03
7.730000000000000000e+02	4.164586308304630620e+03
7.740000000000000000e+02	4.052330943176403707e+03
7.750000000000000000e+02	3.941986147692925442e+03
7.760000000000000000e+02	3.833561465931558359e+03
7.770000000000000000e+02	3.727064574000027278e+03
7.780000000000000000e+02	3.622501322846627772e+03
7.790000000000000000e+02	3.519875782432122833e+03
7.800000000000000000e+02	3.419190287151639495e+03
7.810000000000000000e+02	3.320445482395486124e+03
7.820000000000000000e+02	3.223640372138768271e+03
7.830000000000000000e+02	3.128772367450797447e+03
7.840000000000000000e+02	3.035837335816599989e+03
7.850000000000000000e+02	2.944829651164412553e+03
7.860000000000000000e+02	2.855742244494761508e+03
7.870000000000000000e+02	2.768566655008622547e+03
7.880000000000000000e+02	2.683293081634272767e+03
7.890000000000000000e+02	2.599910434854677078e+03
7.900000000000000000e+02	2.518406388739631439e+03
7.910000000000000000e+02	2.438767433089467886e+03
7.920000000000000000e+02	2.360978925599730246e+03
7.930000000000000000e+02	2.285025143959073375e+03
7.940000000000000000e+02	2.210889337795501888e+03
7.950000000000000000e+02	2.138553780389044277e+03
7.960000000000000000e+02	2.067999820072071088e+03
7.970000000000000000e+02	1.999207931241590359e+03
7.980000000000000000e+02	1.932157764911086360e+03
7.990000000000000000e+02	1.866828198732733199e+03
8.000000000000000000e+02	1.803197386424158822e+03
8.010000000000000000e+02	1.741242806537259867e+03
8.020000000000000000e+02	1.680941310509988625e+03
8.030000000000000000e+02	1.622269169945395788e+03
8.040000000000000000e+02	1.565202123065659407e+03
8.050000000000000000e+02	1.509715420292204499e+03
8.060000000000000000e+02	1.455783868906451517e+03
8.070000000000000000e+02	1.403381876749068397e+03
8.080000000000000000e+02	1.352483494919006944e+03
8.090000000000000000e+02	1.303062459436894187e+03
8.100000000000000000e+02	1.255092231840626482e+03
8.110000000000000000e+02	1.208546038684297628e+03
8.120000000000000000e+02	1.163396909914699336e+03
8.130000000000000000e+02	1.119617716102843133e+03
8.140000000000000000e+02	1.077181204510931366e+03
8.150000000000000000e+02	1.036060033978258389e+03
8.160000000000000000e+02	9.962268086123863213e+02
8.170000000000000000e+02	9.576541102748203684e+02
8.180000000000000000e+02	9.203145298531131857e+02
8.190000000000000000e+02	8.841806973140337504e+02
8.200000000000000000e+02	8.492253105349866473e+02
8.210000000000000000e+02	8.154211629133454835e+02
8.220000000000000000e+02	7.827411697557691923e+02
8.230000000000000000e+02	7.511583934518283741e+02
8.240000000000000000e+02	7.206460674384811682e+02
8.250000000000000000e+02	6.911776189640028178e+02
8.260000000000000000e+02	6.627266906619685187e+02
8.270000000000000000e+02	6.352671609477600896e+02
8.280000000000000000e+02	6.087731632518396054e+02
8.290000000000000000e+02	5.832191041057184293e+02
8.300000000000000000e+02	5.585796800980962189e+02
8.310000000000000000e+02	5.348298937201203671e+02
8.320000000000000000e+02	5.119450681200765985e+02
8.330000000000000000e+02	4.899008607890719418e+02
8.340000000000000000e+02	4.686732762004309620e+02
8.350000000000000000e+02	4.482386774265916642e+02
8.360000000000000000e+02	4.285737967582327315e+02
8.370000000000000000e+02	4.096557453512407960e+02
8.380000000000000000e+02	3.914620219278874060e+02
8.390000000000000000e+02	3.739705205592645711e+02
8.400000000000000000e+02	3.571595375566229222e+02
8.410000000000000000e+02	3.410077774997434403e+02
8.420000000000000000e+02	3.254943584309053222e+02
8.430000000000000000e+02	3.105988162433379784e+02
8.440000000000000000e+02	2.963011082933007856e+02
8.450000000000000000e+02	2.825816162651221930e+02
8.460000000000000000e+02	2.694211483186266491e+02
8.470000000000000000e+02	2.568009405484212948e+02
8.480000000000000000e+02	2.447026577844816302e+02
8.490000000000000000e+02	2.331083937633842993e+02
8.500000000000000000e+02	2.220006706993762293e+02
8.510000000000000000e+02	2.113624382842643001e+02
8.520000000000000000e+02	2.011770721448401105e+02
8.530000000000000000e+02	1.914283717862388983e+02
8.540000000000000000e+02	1.821005580492705462e+02
8.550000000000000000e+02	1.731782701093461299e+02
8.560000000000000000e+02	1.646465620441825592e+02
8.570000000000000000e+02	1.564908989969726747e+02
8.580000000000000000e+02	1.486971529611890332e+02
8.590000000000000000e+02	1.412515982126326435e+02
8.600000000000000000e+02	1.341409064137562552e+02
8.610000000000000000e+02	1.273521414146788118e+02
8.620000000000000000e+02	1.208727537746744929e+02
8.630000000000000000e+02	1.146905750272662345e+02
8.640000000000000000e+02	1.087938117113803713e+02
8.650000000000000000e+02	1.031710391903289121e+02
8.660000000000000000e+02	9.781119527968948546e+01
8.670000000000000000e+02	9.270357370443595357e+01
8.680000000000000000e+02	8.783781740495676615e+01
8.690000000000000000e+02	8.320391171087054261e+01
8.700000000000000000e+02	7.879217740081782040e+01
8.710000000000000000e+02	7.459326366567776745e+01
8.720000000000000000e+02	7.059814099192495007e+01
8.730000000000000000e+02	6.679809398111302698e+01
8.740000000000000000e+02	6.318471412074298144e+01
8.750000000000000000e+02	5.974989252105551429e+01
8.760000000000000000e+02	5.648581263156928145e+01
8.770000000000000000e+02	5.338494295048197813e+01
8.780000000000000000e+02	5.044002973935233314e+01
8.790000000000000000e+02	4.764408975479560127e+01
8.800000000000000000e+02	4.499040300824909622e+01
8.810000000000000000e+02	4.247250556420244294e+01
8.820000000000000000e+02	4.008418238663789168e+01
8.830000000000000000e+02	3.781946024279296381e+01
8.840000000000000000e+02	3.567260067273717539e+01
8.850000000000000000e+02	3.363809303265372108e+01
8.860000000000000000e+02	3.171064761912834484e+01
8.870000000000000000e+02	2.988518888118024819e+01
8.880000000000000000e+02	2.815684872621692136e+01
8.890000000000000000e+02	2.652095992556143145e+01
8.900000000000000000e+02	2.497304962468458456e+01
8.910000000000000000e+02	2.350883296277742573e+01
8.920000000000000000e+02	2.212420680582071597e+01
8.930000000000000000e+02	2.081524359684746983e+01
8.940000000000000000e+02	1.957818532665451627e+01
8.950000000000000000e+02	1.840943762779451376e+01
8.960000000000000000e+02	1.730556399427820935e+01
8.970000000000000000e+02	1.626328012902952125e+01
8.980000000000000000e+02	1.527944842076983534e+01
8.990000000000000000e+02	1.435107255165928919e+01
9.000000000000000000e+02	1.347529223669176446e+01
9.010000000000000000e+02	1.264937809552740511e+01
9.020000000000000000e+02	1.187072665715098552e+01
9.030000000000000000e+02	1.113685549746590020e+01
9.040000000000000000e+02	1.044539850967185757e+01
9.050000000000000000e+02	9.794101307029013270e+00
9.060000000000000000e+02	9.180816757381787596e+00
9.070000000000000000e+02	8.603500648602075529e+00
9.080000000000000000e+02	8.060207483912556370e+00
9.090000000000000000e+02	7.549086405866767713e+00
9.100000000000000000e+02	7.068377247593129908e+00
9.110000000000000000e+02	6.616406709753396065e+00
9.120000000000000000e+02	6.191584661523763522e+00
9.130000000000000000e+02	5.792400563776242350e+00
9.140000000000000000e+02	5.417420012520499206e+00
9.150000000000000000e+02	5.065281400559928038e+00
9.160000000000000000e+02	4.734692695221250247e+00
9.170000000000000000e+02	4.424428329932899473e+00
9.180000000000000000e+02	4.133326207353557713e+00
9.190000000000000000e+02	3.860284811688782014e+00
9.200000000000000000e+02	3.604260427778674725e+00
9.210000000000000000e+02	3.364264464494258533e+00
9.220000000000000000e+02	3.139360879942730609e+00
9.230000000000000000e+02	2.928663705952522012e+00
9.240000000000000000e+02	2.731334669287209138e+00
9.250000000000000000e+02	2.546580907022384377e+00
9.260000000000000000e+02	2.373652773511588432e+00
9.270000000000000000e+02	2.211841736365054434e+00
9.280000000000000000e+02	2.060478358868958360e+00
9.290000000000000000e+02	1.918930366281824007e+00
9.300000000000000000e+02	1.786600793458832159e+00
9.310000000000000000e+02	1.662926211273434873e+00
9.320000000000000000e+02	1.547375029328631246e+00
9.330000000000000000e+02	1.439445872476997179e+00
9.340000000000000000e+02	1.338666028699087240e+00
9.350000000000000000e+02	1.244589965923299069e+00
9.360000000000000000e+02	1.156797915406978072e+00
9.370000000000000000e+02	1.074894519337741272e+00
9.380000000000000000e+02	9.985075403554799500e-01
9.390000000000000000e+02	9.272866307393285989e-01
9.400000000000000000e+02	8.609021590492644815e-01
9.410000000000000000e+02	7.990440920592012386e-01
9.420000000000000000e+02	7.414209298668772430e-01
9.430000000000000000e+02	6.877586921154794641e-01
9.440000000000000000e+02	6.377999533125805476e-01
9.450000000000000000e+02	5.913029252832188165e-01
9.460000000000000000e+02	5.480405848459560803e-01
9.470000000000000000e+02	5.077998448530067765e-01
9.480000000000000000e+02	4.703807667881839127e-01
9.490000000000000000e+02	4.355958131689911528e-01
9.500000000000000000e+02	4.032691380519410340e-01
9.510000000000000000e+02	3.732359139925661151e-01
9.520000000000000000e+02	3.453416938638937395e-01
9.530000000000000000e+02	3.194418059888888828e-01
9.540000000000000000e+02	2.954007810937864242e-01
9.550000000000000000e+02	2.730918096399578276e-01
9.560000000000000000e+02	2.523962281420826237e-01
9.570000000000000000e+02	2.332030331297960946e-01
9.580000000000000000e+02	2.154084214585503809e-01
9.590000000000000000e+02	1.989153557231935210e-01
9.600000000000000000e+02	1.836331535745786003e-01
9.610000000000000000e+02	1.694770997854172789e-01
9.620000000000000000e+02	1.563680799564646229e-01
9.630000000000000000e+02	1.442322347980088681e-01
9.640000000000000000e+02	1.330006339644245195e-01
9.650000000000000000e+02	1.226089684613030917e-01
9.660000000000000000e+02	1.129972606853047734e-01
9.670000000000000000e+02	1.041095911963920012e-01
9.680000000000000000e+02	9.589384136053115404e-02
9.690000000000000000e+02	8.830145103820107033e-02
9.700000000000000000e+02	8.128719053021932206e-02
9.710000000000000000e+02	7.480894602739165955e-02
9.720000000000000000e+02	6.882751784439888887e-02
9.730000000000000000e+02	6.330643075109172735e-02
9.740000000000000000e+02	5.821175574603337788e-02
9.750000000000000000e+02	5.351194264768000669e-02
9.760000000000000000e+02	4.917766290806359353e-02
9.770000000000000000e+02	4.518166208224342478e-02
9.780000000000000000e+02	4.149862141412830052e-02
9.790000000000000000e+02	3.810502802558696223e-02
9.800000000000000000e+02	3.497905322104611497e-02
9.810000000000000000e+02	3.210043844407369645e-02
9.820000000000000000e+02	2.945038844575811540e-02
9.830000000000000000e+02	2.701147124706479441e-02
9.840000000000000000e+02	2.476752449878342685e-02
9.850000000000000000e+02	2.270356786321777939e-02
9.860000000000000000e+02	2.080572106141655858e-02
9.870000000000000000e+02	1.906112724854522669e-02
9.880000000000000000e+02	1.745788139796408678e-02
9.890000000000000000e+02	1.598496339173917369e-02
9.900000000000000000e+02	1.463217553169706385e-02
9.910000000000000000e+02	1.339008420076024178e-02
9.920000000000000000e+02	1.224996541920199411e-02
9.930000000000000000e+02	1.120375405465185228e-02
9.940000000000000000e+02	1.024399645820212382e-02
9.950000000000000000e+02	9.363806311825293577e-03
9.960000000000000000e+02	8.556823484545934486e-03
9.970000000000000000e+02	7.817175706435575827e-03
9.980000000000000000e+02	7.139442880542248675e-03
9.990000000000000000e+02	6.518623863350636073e-03
1.000000000000000000e+03	5.950105554314486477e-03
