  440.0000	             3374
  441.0000	             3530
  442.0000	             3619
  443.0000	             3651
  444.0000	             3547
  445.0000	             3640
  446.0000	             3648
  447.0000	             3750
  448.0000	             3486
  449.0000	             3661
  450.0000	             3560
  451.0000	             3836
  452.0000	             3555
  453.0000	             3691
  454.0000	             3645
  455.0000	             3573
  456.0000	             3445
  457.0000	             3769
  458.0000	             3696
  459.0000	             3748
  460.0000	             3771
  461.0000	             3878
  462.0000	             3905
  463.0000	             3975
  464.0000	             3585
  465.0000	             3750
  466.0000	             3787
  467.0000	             3630
  468.0000	             3648
  469.0000	             3415
  470.0000	             3894
  471.0000	             3554
  472.0000	             3533
  473.0000	             3737
  474.0000	             3578
  475.0000	             3531
  476.0000	             3560
  477.0000	             3850
  478.0000	             3715
  479.0000	             3691
  480.0000	             3729
  481.0000	             3673
  482.0000	             3646
  483.0000	             3434
  484.0000	             3703
  485.0000	             3496
  486.0000	             3724
  487.0000	             3433
  488.0000	             3552
  489.0000	             3865
  490.0000	             3822
  491.0000	             3656
  492.0000	             3793
  493.0000	             3736
  494.0000	             3790
  495.0000	             3630
  496.0000	             3673
  497.0000	             3689
  498.0000	             3449
  499.0000	             3517
  500.0000	             3820
  501.0000	             3606
  502.0000	             3690
  503.0000	             3561
  504.0000	             3687
  505.0000	             3602
  506.0000	             3857
  507.0000	             3894
  508.0000	             4027
  509.0000	             4247
  510.0000	             4091
  511.0000	             4332
  512.0000	             4283
  513.0000	             4212
  514.0000	             4042
  515.0000	             3975
  516.0000	             4024
  517.0000	             3649
  518.0000	             3730
  519.0000	             3754
  520.0000	             3507
  521.0000	             3673
  522.0000	             3654
  523.0000	             3549
  524.0000	             3480
  525.0000	             3899
  526.0000	             3652
  527.0000	             3577
  528.0000	             3606
  529.0000	             3485
  530.0000	             3707
  531.0000	             3561
  532.0000	             3605
  533.0000	             3602
  534.0000	             3699
  535.0000	             3706
  536.0000	             3835
  537.0000	             3657
  538.0000	             3741
  539.0000	             3647
  540.0000	             3710
  541.0000	             3797
  542.0000	             3727
  543.0000	             3680
  544.0000	             3517
  545.0000	             3621
  546.0000	             3895
  547.0000	             3629
  548.0000	             3778
  549.0000	             3572
  550.0000	             3697
  551.0000	             3632
  552.0000	             3577
  553.0000	             3772
  554.0000	             3841
  555.0000	             3813
  556.0000	             3790
  557.0000	             3812
  558.0000	             3805
  559.0000	             3934
  560.0000	             3845
  561.0000	             3883
  562.0000	             3753
  563.0000	             3972
  564.0000	             3812
  565.0000	             3866
  566.0000	             3821
  567.0000	             3853
  568.0000	             3966
  569.0000	             3908
  570.0000	             3874
  571.0000	             4159
  572.0000	             4005
  573.0000	             3889
  574.0000	             4095
  575.0000	             4233
  576.0000	             4056
  577.0000	             4398
  578.0000	             4105
  579.0000	             4202
  580.0000	             4202
  581.0000	             4531
  582.0000	             4484
  583.0000	             4432
  584.0000	             4143
  585.0000	             4525
  586.0000	             4649
  587.0000	             4885
  588.0000	             4732
  589.0000	             4595
  590.0000	             4816
  591.0000	             4757
  592.0000	             4712
  593.0000	             5172
  594.0000	             5127
  595.0000	             5258
  596.0000	             5091
  597.0000	             4971
  598.0000	             5345
  599.0000	             5155
  600.0000	             5446
  601.0000	             5682
  602.0000	             5470
  603.0000	             5667
  604.0000	             5626
  605.0000	             5715
  606.0000	             5606
  607.0000	             5615
  608.0000	             5719
  609.0000	             6033
  610.0000	             5927
  611.0000	             6036
  612.0000	             6055
  613.0000	             6358
  614.0000	             6352
  615.0000	             6219
  616.0000	             6274
  617.0000	             6613
  618.0000	             6625
  619.0000	             6776
  620.0000	             6571
  621.0000	             6755
  622.0000	             6611
  623.0000	             6974
  624.0000	             6583
  625.0000	             7081
  626.0000	             6898
  627.0000	             7079
  628.0000	             7214
  629.0000	             6787
  630.0000	             7154
  631.0000	             7104
  632.0000	             7287
  633.0000	             7424
  634.0000	             7460
  635.0000	             7365
  636.0000	             7251
  637.0000	             7467
  638.0000	             7232
  639.0000	             7535
  640.0000	             7518
  641.0000	             7689
  642.0000	             7587
  643.0000	             7599
  644.0000	             7777
  645.0000	             7854
  646.0000	             7656
  647.0000	             7811
  648.0000	             7667
  649.0000	             7567
  650.0000	             7364
  651.0000	             7786
  652.0000	             7361
  653.0000	             7751
  654.0000	             7329
  655.0000	             7390
  656.0000	             7495
  657.0000	             7260
  658.0000	             7332
  659.0000	             7471
  660.0000	             7453
  661.0000	             7482
  662.0000	             7518
  663.0000	             7608
  664.0000	             7452
  665.0000	             7387
  666.0000	             7346
  667.0000	             7361
  668.0000	             7282
  669.0000	             7295
  670.0000	             7075
  671.0000	             7013
  672.0000	             7296
  673.0000	             7145
  674.0000	             7161
  675.0000	             7001
  676.0000	             6850
  677.0000	             6689
  678.0000	             6862
  679.0000	             6783
  680.0000	             6601
  681.0000	             7159
  682.0000	             6744
  683.0000	             6625
  684.0000	             6419
  685.0000	             6526
  686.0000	             6580
  687.0000	             6384
  688.0000	             6687
  689.0000	             6561
  690.0000	             6418
  691.0000	             6455
  692.0000	             6564
  693.0000	             6454
  694.0000	             6700
  695.0000	             6470
  696.0000	             6763
  697.0000	             6455
  698.0000	             6675
  699.0000	             6633
  700.0000	             6198
  701.0000	             6334
  702.0000	             6165
  703.0000	             6010
  704.0000	             6173
  705.0000	             5884
  706.0000	             6259
  707.0000	             5668
  708.0000	             5737
  709.0000	             5813
  710.0000	             5663
  711.0000	             5852
  712.0000	             5551
  713.0000	             5792
  714.0000	             5611
  715.0000	             5600
  716.0000	             5232
  717.0000	             5556
  718.0000	             5300
  719.0000	             5145
  720.0000	             5294
  721.0000	             5194
  722.0000	             5252
  723.0000	             4996
  724.0000	             4884
  725.0000	             5049
  726.0000	             5094
  727.0000	             4823
  728.0000	             4930
  729.0000	             4915
  730.0000	             4821
  731.0000	             5000
  732.0000	             4792
  733.0000	             4817
  734.0000	             4843
  735.0000	             4941
  736.0000	             4807
  737.0000	             4595
  738.0000	             4507
  739.0000	             4666
  740.0000	             4913
  741.0000	             4537
  742.0000	             4531
  743.0000	             4640
  744.0000	             4443
  745.0000	             4387
  746.0000	             4323
  747.0000	             4422
  748.0000	             4412
  749.0000	             4343
  750.0000	             4378
  751.0000	             4393
  752.0000	             4243
  753.0000	             4284
  754.0000	             4490
  755.0000	             4364
  756.0000	             4379
  757.0000	             4358
  758.0000	             4286
  759.0000	             4111
  760.0000	             4084
  761.0000	             4133
  762.0000	             4169
  763.0000	             4144
  764.0000	             4100
  765.0000	             4045
  766.0000	             3912
  767.0000	             4019
  768.0000	             3933
  769.0000	             4036
  770.0000	             3979
  771.0000	             4093
  772.0000	             3933
  773.0000	             4152
  774.0000	             3900
  775.0000	             4146
  776.0000	             3949
  777.0000	             4198
  778.0000	             3852
  779.0000	             3947
  780.0000	             4055
  781.0000	             3775
  782.0000	             3881
  783.0000	             4032
  784.0000	             3915
  785.0000	             3699
  786.0000	             3761
  787.0000	             3823
  788.0000	             3479
  789.0000	             3824
  790.0000	             3690
  791.0000	             3809
  792.0000	             3864
  793.0000	             3752
  794.0000	             3779
  795.0000	             3756
  796.0000	             3836
  797.0000	             3846
  798.0000	             3611
  799.0000	             3850
  800.0000	             3749
