4.410000000000000000e+02	1.731144751126140235e+01
4.420000000000000000e+02	1.845142744651193922e+01
4.430000000000000000e+02	1.966117006092377650e+01
4.440000000000000000e+02	2.094457502522517700e+01
4.450000000000000000e+02	2.230573555354686732e+01
4.460000000000000000e+02	2.374894647595849762e+01
4.470000000000000000e+02	2.527871255599635703e+01
4.480000000000000000e+02	2.689975705520554072e+01
4.490000000000000000e+02	2.861703054637028032e+01
4.500000000000000000e+02	3.043571997672810880e+01
4.510000000000000000e+02	3.236125798206165882e+01
4.520000000000000000e+02	3.439933245212831991e+01
4.530000000000000000e+02	3.655589634742931082e+01
4.540000000000000000e+02	3.883717776682931344e+01
4.550000000000000000e+02	4.124969026501894120e+01
4.560000000000000000e+02	4.380024341826300116e+01
4.570000000000000000e+02	4.649595363629480715e+01
4.580000000000000000e+02	4.934425521760759636e+01
4.590000000000000000e+02	5.235291164474683967e+01
4.600000000000000000e+02	5.553002711553327231e+01
4.610000000000000000e+02	5.888405830543602093e+01
4.620000000000000000e+02	6.242382635557333970e+01
4.630000000000000000e+02	6.615852908004535493e+01
4.640000000000000000e+02	7.009775338549297885e+01
4.650000000000000000e+02	7.425148789493907486e+01
4.660000000000000000e+02	7.863013576709192876e+01
4.670000000000000000e+02	8.324452770138653079e+01
4.680000000000000000e+02	8.810593511809905465e+01
4.690000000000000000e+02	9.322608350190245119e+01
4.700000000000000000e+02	9.861716589622332663e+01
4.710000000000000000e+02	1.042918565347347055e+02
4.720000000000000000e+02	1.102633245952512908e+02
4.730000000000000000e+02	1.165452480602035479e+02
4.740000000000000000e+02	1.231518276667510037e+02
4.750000000000000000e+02	1.300978009284409040e+02
4.760000000000000000e+02	1.373984562091562509e+02
4.770000000000000000e+02	1.450696468288941219e+02
4.780000000000000000e+02	1.531278051797276021e+02
4.790000000000000000e+02	1.615899568292173001e+02
4.800000000000000000e+02	1.704737345884713875e+02
4.810000000000000000e+02	1.797973925288201258e+02
4.820000000000000000e+02	1.895798199806280877e+02
4.830000000000000000e+02	1.998405558451259481e+02
4.840000000000000000e+02	2.105998051767062407e+02
4.850000000000000000e+02	2.218784682177760601e+02
4.860000000000000000e+02	2.336982305497411971e+02
4.870000000000000000e+02	2.460819294259965204e+02
4.880000000000000000e+02	2.590550751254594388e+02
4.890000000000000000e+02	2.726518427310524544e+02
4.900000000000000000e+02	2.869370549716197729e+02
4.910000000000000000e+02	3.020809232720793602e+02
4.920000000000000000e+02	3.185939026062937387e+02
4.930000000000000000e+02	3.380069761245522386e+02
4.940000000000000000e+02	3.646825327228173137e+02
4.950000000000000000e+02	4.102263568560610452e+02
4.960000000000000000e+02	5.032713220819809408e+02
4.970000000000000000e+02	7.090646620384623020e+02
4.980000000000000000e+02	1.164427460251937191e+03
4.990000000000000000e+02	2.132184248861942251e+03
5.000000000000000000e+02	4.071919187921165303e+03
5.010000000000000000e+02	7.708279103341927112e+03
5.020000000000000000e+02	1.405552499738903134e+04
5.030000000000000000e+02	2.433748468937917642e+04
5.040000000000000000e+02	3.974438062361941411e+04
5.050000000000000000e+02	6.101227382571008638e+04
5.060000000000000000e+02	8.790109205415997712e+04
5.070000000000000000e+02	1.187538882626958220e+05
5.080000000000000000e+02	1.503800281853892084e+05
5.090000000000000000e+02	1.784521684350678406e+05
5.100000000000000000e+02	1.984229743266963051e+05
5.110000000000000000e+02	2.067185519809644902e+05
5.120000000000000000e+02	2.017835308425976255e+05
5.130000000000000000e+02	1.845589392503407726e+05
5.140000000000000000e+02	1.581915761481795635e+05
5.150000000000000000e+02	1.270979362009111646e+05
5.160000000000000000e+02	9.576448148543752905e+04
5.170000000000000000e+02	6.772865834377073043e+04
5.180000000000000000e+02	4.504168480691030709e+04
5.190000000000000000e+02	2.826837484566614876e+04
5.200000000000000000e+02	1.686925670224547503e+04
5.210000000000000000e+02	9.723020019404775667e+03
5.220000000000000000e+02	5.584161513150330393e+03
5.230000000000000000e+02	3.372451334875014254e+03
5.240000000000000000e+02	2.289543850900960479e+03
5.250000000000000000e+02	1.814634829681741166e+03
5.260000000000000000e+02	1.642367266115859366e+03
5.270000000000000000e+02	1.610112692923955137e+03
5.280000000000000000e+02	1.638661568946677789e+03
5.290000000000000000e+02	1.692575282003191887e+03
5.300000000000000000e+02	1.757251864749368451e+03
5.310000000000000000e+02	1.827150377187477716e+03
5.320000000000000000e+02	1.900346668622506286e+03
5.330000000000000000e+02	1.976246438949695175e+03
5.340000000000000000e+02	2.054707045063709757e+03
5.350000000000000000e+02	2.135727857185665925e+03
5.360000000000000000e+02	2.219349666436061852e+03
5.370000000000000000e+02	2.305624478567649476e+03
5.380000000000000000e+02	2.394607089053205073e+03
5.390000000000000000e+02	2.486352870147567501e+03
5.400000000000000000e+02	2.580917193451588901e+03
5.410000000000000000e+02	2.678355249708718475e+03
5.420000000000000000e+02	2.778721956681416486e+03
5.430000000000000000e+02	2.882071883761611389e+03
5.440000000000000000e+02	2.988459178089713077e+03
5.450000000000000000e+02	3.097937489195726357e+03
5.460000000000000000e+02	3.210559891649947986e+03
5.470000000000000000e+02	3.326378805677837590e+03
5.480000000000000000e+02	3.445445915779540428e+03
5.490000000000000000e+02	3.567812087413292829e+03
5.500000000000000000e+02	3.693527281809874694e+03
5.510000000000000000e+02	3.822640468991448415e+03
5.520000000000000000e+02	3.955199539074353652e+03
5.530000000000000000e+02	4.091251211941461406e+03
5.540000000000000000e+02	4.230840945375849515e+03
5.550000000000000000e+02	4.374012841753715293e+03
5.560000000000000000e+02	4.520809553400588811e+03
5.570000000000000000e+02	4.671272186721040271e+03
5.580000000000000000e+02	4.825440205218174015e+03
5.590000000000000000e+02	4.983351331525255773e+03
5.600000000000000000e+02	5.145041448577789197e+03
5.610000000000000000e+02	5.310544500060280370e+03
5.620000000000000000e+02	5.479892390267738847e+03
5.630000000000000000e+02	5.653114883527584425e+03
5.640000000000000000e+02	5.830239503333292305e+03
5.650000000000000000e+02	6.011291431346388890e+03
5.660000000000000000e+02	6.196293406428711023e+03
5.670000000000000000e+02	6.385265623871874595e+03
5.680000000000000000e+02	6.578225634995655128e+03
5.690000000000000000e+02	6.775188247291703192e+03
5.700000000000000000e+02	6.976165425293257613e+03
5.710000000000000000e+02	7.181166192355673047e+03
5.720000000000000000e+02	7.390196533536418428e+03
5.730000000000000000e+02	7.603259299766614276e+03
5.740000000000000000e+02	7.820354113509515628e+03
5.750000000000000000e+02	8.041477276104052180e+03
5.760000000000000000e+02	8.266621676994216614e+03
5.770000000000000000e+02	8.495776705047059295e+03
5.780000000000000000e+02	8.728928162164029345e+03
5.790000000000000000e+02	8.966058179391477097e+03
5.800000000000000000e+02	9.207145135737418968e+03
5.810000000000000000e+02	9.452163579901909543e+03
5.820000000000000000e+02	9.701084155128613929e+03
5.830000000000000000e+02	9.953873527384743284e+03
5.840000000000000000e+02	1.021049431707573058e+04
5.850000000000000000e+02	1.047090503449967036e+04
5.860000000000000000e+02	1.073506001924483280e+04
5.870000000000000000e+02	1.100290938373118297e+04
5.880000000000000000e+02	1.127439896109418987e+04
5.890000000000000000e+02	1.154947025760587530e+04
5.900000000000000000e+02	1.182806040982418563e+04
5.910000000000000000e+02	1.211010214665765670e+04
5.920000000000000000e+02	1.239552375652735827e+04
5.930000000000000000e+02	1.268424905980286894e+04
5.940000000000000000e+02	1.297619738668317041e+04
5.950000000000000000e+02	1.327128356068701032e+04
5.960000000000000000e+02	1.356941788791037652e+04
5.970000000000000000e+02	1.387050615220142026e+04
5.980000000000000000e+02	1.417444961639527719e+04
5.990000000000000000e+02	1.448114502974284915e+04
6.000000000000000000e+02	1.479048464165884070e+04
6.010000000000000000e+02	1.510235622190498907e+04
6.020000000000000000e+02	1.541664308731469282e+04
6.030000000000000000e+02	1.573322413515502012e+04
6.040000000000000000e+02	1.605197388321151629e+04
6.050000000000000000e+02	1.637276251667005090e+04
6.060000000000000000e+02	1.669545594185869413e+04
6.070000000000000000e+02	1.701991584690065065e+04
6.080000000000000000e+02	1.734599976931723722e+04
6.090000000000000000e+02	1.767356117060729230e+04
6.100000000000000000e+02	1.800244951781683267e+04
6.110000000000000000e+02	1.833251037209936112e+04
6.120000000000000000e+02	1.866358548425435220e+04
6.130000000000000000e+02	1.899551289721748981e+04
6.140000000000000000e+02	1.932812705546276993e+04
6.150000000000000000e+02	1.966125892126261533e+04
6.160000000000000000e+02	1.999473609773801218e+04
6.170000000000000000e+02	2.032838295861674851e+04
6.180000000000000000e+02	2.066202078460338817e+04
6.190000000000000000e+02	2.099546790625064386e+04
6.200000000000000000e+02	2.132853985320730135e+04
6.210000000000000000e+02	2.166104950970390200e+04
6.220000000000000000e+02	2.199280727612299233e+04
6.230000000000000000e+02	2.232362123648705528e+04
6.240000000000000000e+02	2.265329733168287930e+04
6.250000000000000000e+02	2.298163953822800613e+04
6.260000000000000000e+02	2.330845005237075748e+04
6.270000000000000000e+02	2.363352947930264054e+04
6.280000000000000000e+02	2.395667702724861738e+04
6.290000000000000000e+02	2.427769070618825208e+04
6.300000000000000000e+02	2.459636753094839150e+04
6.310000000000000000e+02	2.491250372839613192e+04
6.320000000000000000e+02	2.522589494844949877e+04
6.330000000000000000e+02	2.553633647861203281e+04
6.340000000000000000e+02	2.584362346172711841e+04
6.350000000000000000e+02	2.614755111663794742e+04
6.360000000000000000e+02	2.644791496142937831e+04
6.370000000000000000e+02	2.674451103891936509e+04
6.380000000000000000e+02	2.703713614405911358e+04
6.390000000000000000e+02	2.732558805289388692e+04
6.400000000000000000e+02	2.760966575272910995e+04
6.410000000000000000e+02	2.788916967314045178e+04
6.420000000000000000e+02	2.816390191746094206e+04
6.430000000000000000e+02	2.843366649437346496e+04
6.440000000000000000e+02	2.869826954923287849e+04
6.450000000000000000e+02	2.895751959473888564e+04
6.460000000000000000e+02	2.921122774057825518e+04
6.470000000000000000e+02	2.945920792165329112e+04
6.480000000000000000e+02	2.970127712451285697e+04
6.490000000000000000e+02	2.993725561160188590e+04
6.500000000000000000e+02	3.016696714294650519e+04
6.510000000000000000e+02	3.039023919489331092e+04
6.520000000000000000e+02	3.060690317552395572e+04
6.530000000000000000e+02	3.081679463636951186e+04
6.540000000000000000e+02	3.101975348005324850e+04
6.550000000000000000e+02	3.121562416349559498e+04
6.560000000000000000e+02	3.140425589632063566e+04
6.570000000000000000e+02	3.158550283411052442e+04
6.580000000000000000e+02	3.175922426616135999e+04
6.590000000000000000e+02	3.192528479740252078e+04
6.600000000000000000e+02	3.208355452415045875e+04
6.610000000000000000e+02	3.223390920337779244e+04
6.620000000000000000e+02	3.237623041518901664e+04
6.630000000000000000e+02	3.251040571820565674e+04
6.640000000000000000e+02	3.263632879757538103e+04
6.650000000000000000e+02	3.275389960533251360e+04
6.660000000000000000e+02	3.286302449285054172e+04
6.670000000000000000e+02	3.296361633514118148e+04
6.680000000000000000e+02	3.305559464676907373e+04
6.690000000000000000e+02	3.313888568916627992e+04
6.700000000000000000e+02	3.321342256914624159e+04
6.710000000000000000e+02	3.327914532843294728e+04
6.720000000000000000e+02	3.333600102403762867e+04
6.730000000000000000e+02	3.338394379933216987e+04
6.740000000000000000e+02	3.342293494568556343e+04
6.750000000000000000e+02	3.345294295454749226e+04
6.760000000000000000e+02	3.347394355988103780e+04
6.770000000000000000e+02	3.348591977086429688e+04
6.780000000000000000e+02	3.348886189479946188e+04
6.790000000000000000e+02	3.348276755018592667e+04
6.800000000000000000e+02	3.346764166993281833e+04
6.810000000000000000e+02	3.344349649470494478e+04
6.820000000000000000e+02	3.341035155641459278e+04
6.830000000000000000e+02	3.336823365189044853e+04
6.840000000000000000e+02	3.331717680677328462e+04
6.850000000000000000e+02	3.325722222970652365e+04
6.860000000000000000e+02	3.318841825690800033e+04
6.870000000000000000e+02	3.311082028722733958e+04
6.880000000000000000e+02	3.302449070781099726e+04
6.890000000000000000e+02	3.292949881051465491e+04
6.900000000000000000e+02	3.282592069921982329e+04
6.910000000000000000e+02	3.271383918822797204e+04
6.920000000000000000e+02	3.259334369192230952e+04
6.930000000000000000e+02	3.246453010590284612e+04
6.940000000000000000e+02	3.232750067981598477e+04
6.950000000000000000e+02	3.218236388211469239e+04
6.960000000000000000e+02	3.202923425699957807e+04
6.970000000000000000e+02	3.186823227380499156e+04
6.980000000000000000e+02	3.169948416910727974e+04
6.990000000000000000e+02	3.152312178184479853e+04
7.000000000000000000e+02	3.133928238175101797e+04
7.010000000000000000e+02	3.114810849141307699e+04
7.020000000000000000e+02	3.094974770227850968e+04
7.030000000000000000e+02	3.074435248494234111e+04
7.040000000000000000e+02	3.053207999405563532e+04
7.050000000000000000e+02	3.031309186820445757e+04
7.060000000000000000e+02	3.008755402511553621e+04
7.070000000000000000e+02	2.985563645255120355e+04
7.080000000000000000e+02	2.961751299526179719e+04
7.090000000000000000e+02	2.937336113836838922e+04
7.100000000000000000e+02	2.912336178755266155e+04
7.110000000000000000e+02	2.886769904643379414e+04
7.120000000000000000e+02	2.860655999151432479e+04
7.130000000000000000e+02	2.834013444507849272e+04
7.140000000000000000e+02	2.806861474642698158e+04
7.150000000000000000e+02	2.779219552183173073e+04
7.160000000000000000e+02	2.751107345359336614e+04
7.170000000000000000e+02	2.722544704858185287e+04
7.180000000000000000e+02	2.693551640663828221e+04
7.190000000000000000e+02	2.664148298921220703e+04
7.200000000000000000e+02	2.634354938860455513e+04
7.210000000000000000e+02	2.604191909818125350e+04
7.220000000000000000e+02	2.573679628391687220e+04
7.230000000000000000e+02	2.542838555762114993e+04
7.240000000000000000e+02	2.511689175219402387e+04
7.250000000000000000e+02	2.480251969924719378e+04
7.260000000000000000e+02	2.448547400942149034e+04
7.270000000000000000e+02	2.416595885572058978e+04
7.280000000000000000e+02	2.384417776017172218e+04
7.290000000000000000e+02	2.352033338411401928e+04
7.300000000000000000e+02	2.319462732240443074e+04
7.310000000000000000e+02	2.286725990181983070e+04
7.320000000000000000e+02	2.253842998392257141e+04
7.330000000000000000e+02	2.220833477264444446e+04
7.340000000000000000e+02	2.187716962683177917e+04
7.350000000000000000e+02	2.154512787798156205e+04
7.360000000000000000e+02	2.121240065338545173e+04
7.370000000000000000e+02	2.087917670488510703e+04
7.380000000000000000e+02	2.054564224342887610e+04
7.390000000000000000e+02	2.021198077960587398e+04
7.400000000000000000e+02	1.987837297031970229e+04
7.410000000000000000e+02	1.954499647174997517e+04
7.420000000000000000e+02	1.921202579873553259e+04
7.430000000000000000e+02	1.887963219069917614e+04
7.440000000000000000e+02	1.854798348421939590e+04
7.450000000000000000e+02	1.821724399234032535e+04
7.460000000000000000e+02	1.788757439069711108e+04
7.470000000000000000e+02	1.755913161051962379e+04
7.480000000000000000e+02	1.723206873856353195e+04
7.490000000000000000e+02	1.690653492400391042e+04
7.500000000000000000e+02	1.658267529231284425e+04
7.510000000000000000e+02	1.626063086612916231e+04
7.520000000000000000e+02	1.594053849311492741e+04
7.530000000000000000e+02	1.562253078078069666e+04
7.540000000000000000e+02	1.530673603824857673e+04
7.550000000000000000e+02	1.499327822490990911e+04
7.560000000000000000e+02	1.468227690592232830e+04
7.570000000000000000e+02	1.437384721447925767e+04
7.580000000000000000e+02	1.406809982077360473e+04
7.590000000000000000e+02	1.376514090756657060e+04
7.600000000000000000e+02	1.346507215226193512e+04
7.610000000000000000e+02	1.316799071537616146e+04
7.620000000000000000e+02	1.287398923528509476e+04
7.630000000000000000e+02	1.258315582911882848e+04
7.640000000000000000e+02	1.229557409966769774e+04
7.650000000000000000e+02	1.201132314815413702e+04
7.660000000000000000e+02	1.173047759271748146e+04
7.670000000000000000e+02	1.145310759245156078e+04
7.680000000000000000e+02	1.117927887682833170e+04
7.690000000000000000e+02	1.090905278033447030e+04
7.700000000000000000e+02	1.064248628214238852e+04
7.710000000000000000e+02	1.037963205063176792e+04
7.720000000000000000e+02	1.012053849257331240e+04
7.730000000000000000e+02	9.865249806782052474e+03
7.740000000000000000e+02	9.613806042044136120e+03
7.750000000000000000e+02	9.366243159117851974e+03
7.760000000000000000e+02	9.122593096606999097e+03
7.770000000000000000e+02	8.882883840502670864e+03
7.780000000000000000e+02	8.647139497187952657e+03
7.790000000000000000e+02	8.415380369698716095e+03
7.800000000000000000e+02	8.187623037033274159e+03
7.810000000000000000e+02	7.963880436303242277e+03
7.820000000000000000e+02	7.744161947518333363e+03
7.830000000000000000e+02	7.528473480798412311e+03
7.840000000000000000e+02	7.316817565807252322e+03
7.850000000000000000e+02	7.109193443203997049e+03
7.860000000000000000e+02	6.905597157910114220e+03
7.870000000000000000e+02	6.706021653992017491e+03
7.880000000000000000e+02	6.510456870962116227e+03
7.890000000000000000e+02	6.318889841304024230e+03
7.900000000000000000e+02	6.131304789031002656e+03
7.910000000000000000e+02	5.947683229090300301e+03
7.920000000000000000e+02	5.768004067429991665e+03
7.930000000000000000e+02	5.592243701549089565e+03
7.940000000000000000e+02	5.420376121356146541e+03
7.950000000000000000e+02	5.252373010166252243e+03
7.960000000000000000e+02	5.088203845671232557e+03
7.970000000000000000e+02	4.927836000722975768e+03
7.980000000000000000e+02	4.771234843775058835e+03
7.990000000000000000e+02	4.618363838833352929e+03
8.000000000000000000e+02	4.469184644771824424e+03
8.010000000000000000e+02	4.323657213875558227e+03
8.020000000000000000e+02	4.181739889478778423e+03
8.030000000000000000e+02	4.043389502571638786e+03
8.040000000000000000e+02	3.908561467255538901e+03
8.050000000000000000e+02	3.777209874932806088e+03
8.060000000000000000e+02	3.649287587122663808e+03
8.070000000000000000e+02	3.524746326801602663e+03
8.080000000000000000e+02	3.403536768172336906e+03
8.090000000000000000e+02	3.285608624771779887e+03
8.100000000000000000e+02	3.170910735834506795e+03
8.110000000000000000e+02	3.059391150834335804e+03
8.120000000000000000e+02	2.950997212132670484e+03
8.130000000000000000e+02	2.845675635668264931e+03
8.140000000000000000e+02	2.743372589628980677e+03
8.150000000000000000e+02	2.644033771051943859e+03
8.160000000000000000e+02	2.547604480304288700e+03
8.170000000000000000e+02	2.454029693402259909e+03
8.180000000000000000e+02	2.363254132132031827e+03
8.190000000000000000e+02	2.275222331940979529e+03
8.200000000000000000e+02	2.189878707573423071e+03
8.210000000000000000e+02	2.107167616429992904e+03
8.220000000000000000e+02	2.027033419634787833e+03
8.230000000000000000e+02	1.949420540799284936e+03
8.240000000000000000e+02	1.874273522476687049e+03
8.250000000000000000e+02	1.801537080304909068e+03
8.260000000000000000e+02	1.731156154840702129e+03
8.270000000000000000e+02	1.663075961091676618e+03
8.280000000000000000e+02	1.597242035756905352e+03
8.290000000000000000e+02	1.533600282190677945e+03
8.300000000000000000e+02	1.472097013107578960e+03
8.310000000000000000e+02	1.412678991050543345e+03
8.320000000000000000e+02	1.355293466646827937e+03
8.330000000000000000e+02	1.299888214679917837e+03
8.340000000000000000e+02	1.246411568008319136e+03
8.350000000000000000e+02	1.194812449364896338e+03
8.360000000000000000e+02	1.145040401072990107e+03
8.370000000000000000e+02	1.097045612717887252e+03
8.380000000000000000e+02	1.050778946814432175e+03
8.390000000000000000e+02	1.006191962513560270e+03
8.400000000000000000e+02	9.632369373923750118e+02
8.410000000000000000e+02	9.218668873740755316e+02
8.420000000000000000e+02	8.820355848255052251e+02
8.430000000000000000e+02	8.436975748814616054e+02
8.440000000000000000e+02	8.068081900460517772e+02
8.450000000000000000e+02	7.713235631224216604e+02
8.460000000000000000e+02	7.372006385230189380e+02
8.470000000000000000e+02	7.043971820133001529e+02
8.480000000000000000e+02	6.728717889423431870e+02
8.490000000000000000e+02	6.425838910142661007e+02
8.500000000000000000e+02	6.134937616546683330e+02
8.510000000000000000e+02	5.855625200264635168e+02
8.520000000000000000e+02	5.587521337495510352e+02
8.530000000000000000e+02	5.330254203786792004e+02
8.540000000000000000e+02	5.083460476937101475e+02
8.550000000000000000e+02	4.846785328561790607e+02
8.560000000000000000e+02	4.619882404856831499e+02
8.570000000000000000e+02	4.402413797091483048e+02
8.580000000000000000e+02	4.194050002354409798e+02
8.590000000000000000e+02	3.994469875071704905e+02
8.600000000000000000e+02	3.803360569807550746e+02
8.610000000000000000e+02	3.620417475850570099e+02
8.620000000000000000e+02	3.445344144080047499e+02
8.630000000000000000e+02	3.277852206596762699e+02
8.640000000000000000e+02	3.117661289593422111e+02
8.650000000000000000e+02	2.964498919929156955e+02
8.660000000000000000e+02	2.818100425861591134e+02
8.670000000000000000e+02	2.678208832378746251e+02
8.680000000000000000e+02	2.544574751561208075e+02
8.690000000000000000e+02	2.416956268393046798e+02
8.700000000000000000e+02	2.295118822427559451e+02
8.710000000000000000e+02	2.178835085701388721e+02
8.720000000000000000e+02	2.067884837277748318e+02
8.730000000000000000e+02	1.962054834786575839e+02
8.740000000000000000e+02	1.861138683316366382e+02
8.750000000000000000e+02	1.764936701999286868e+02
8.760000000000000000e+02	1.673255788618006079e+02
8.770000000000000000e+02	1.585909282549437762e+02
8.780000000000000000e+02	1.502716826347401877e+02
8.790000000000000000e+02	1.423504226253106424e+02
8.800000000000000000e+02	1.348103311909221986e+02
8.810000000000000000e+02	1.276351795540419118e+02
8.820000000000000000e+02	1.208093130850333097e+02
8.830000000000000000e+02	1.143176371872293373e+02
8.840000000000000000e+02	1.081456031998610854e+02
8.850000000000000000e+02	1.022791943400897168e+02
8.860000000000000000e+02	9.670491170417906801e+01
8.870000000000000000e+02	9.140976034665851557e+01
8.880000000000000000e+02	8.638123545516235424e+01
8.890000000000000000e+02	8.160730863749421360e+01
8.900000000000000000e+02	7.707641433635677686e+01
8.910000000000000000e+02	7.277743638610316168e+01
8.920000000000000000e+02	6.869969472481515993e+01
8.930000000000000000e+02	6.483293227399244074e+01
8.940000000000000000e+02	6.116730199714417893e+01
8.950000000000000000e+02	5.769335414761577141e+01
8.960000000000000000e+02	5.440202371505589696e+01
8.970000000000000000e+02	5.128461807903507008e+01
8.980000000000000000e+02	4.833280487746231557e+01
8.990000000000000000e+02	4.553860009662096786e+01
9.000000000000000000e+02	4.289435638884435775e+01
9.010000000000000000e+02	4.039275162309226630e+01
9.020000000000000000e+02	3.802677767295663358e+01
9.030000000000000000e+02	3.578972944592796779e+01
9.040000000000000000e+02	3.367519415708992625e+01
9.050000000000000000e+02	3.167704084977370371e+01
9.060000000000000000e+02	2.978941016510623641e+01
9.070000000000000000e+02	2.800670436181324163e+01
9.080000000000000000e+02	2.632357758710121232e+01
9.090000000000000000e+02	2.473492639893205691e+01
9.100000000000000000e+02	2.323588053952600418e+01
9.110000000000000000e+02	2.182179395947792599e+01
9.120000000000000000e+02	2.048823609144975677e+01
9.130000000000000000e+02	1.923098337200888963e+01
9.140000000000000000e+02	1.804601100981347983e+01
9.150000000000000000e+02	1.692948499800564832e+01
9.160000000000000000e+02	1.587775436835696397e+01
9.170000000000000000e+02	1.488734368441981282e+01
9.180000000000000000e+02	1.395494577066966357e+01
9.190000000000000000e+02	1.307741467437954341e+01
9.200000000000000000e+02	1.225175885674446263e+01
9.210000000000000000e+02	1.147513460957190290e+01
9.220000000000000000e+02	1.074483969367400071e+01
9.230000000000000000e+02	1.005830719493398995e+01
9.240000000000000000e+02	9.413099593877308990e+00
9.250000000000000000e+02	8.806903044451855678e+00
9.260000000000000000e+02	8.237521857613588239e+00
9.270000000000000000e+02	7.702873185221179142e+00
9.280000000000000000e+02	7.200981899666555108e+00
9.290000000000000000e+02	6.729975664605591490e+00
9.300000000000000000e+02	6.288080192104405164e+00
9.310000000000000000e+02	5.873614681480935573e+00
9.320000000000000000e+02	5.484987435097488984e+00
9.330000000000000000e+02	5.120691646348336512e+00
9.340000000000000000e+02	4.779301355084296432e+00
9.350000000000000000e+02	4.459467565725137916e+00
9.360000000000000000e+02	4.159914523328474445e+00
9.370000000000000000e+02	3.879436142910232643e+00
9.380000000000000000e+02	3.616892587346540289e+00
9.390000000000000000e+02	3.371206989228736184e+00
9.400000000000000000e+02	3.141362312092141451e+00
9.410000000000000000e+02	2.926398346494330394e+00
9.420000000000000000e+02	2.725408836479397579e+00
9.430000000000000000e+02	2.537538732030657052e+00
9.440000000000000000e+02	2.361981563184955668e+00
9.450000000000000000e+02	2.197976931556454350e+00
9.460000000000000000e+02	2.044808115096385492e+00
9.470000000000000000e+02	1.901799781997060457e+00
9.480000000000000000e+02	1.768315809733044919e+00
9.490000000000000000e+02	1.643757205319649639e+00
9.500000000000000000e+02	1.527560122958009137e+00
9.510000000000000000e+02	1.419193975327095680e+00
9.520000000000000000e+02	1.318159634875276209e+00
9.530000000000000000e+02	1.223987721557565189e+00
9.540000000000000000e+02	1.136236973558896413e+00
9.550000000000000000e+02	1.054492697638524934e+00
9.560000000000000000e+02	9.783652958257111898e-01
9.570000000000000000e+02	9.074888652917677545e-01
9.580000000000000000e+02	8.415198683184880180e-01
9.590000000000000000e+02	7.801358693772766362e-01
9.600000000000000000e+02	7.230343364271659690e-01
9.610000000000000000e+02	6.699315036328634676e-01
9.620000000000000000e+02	6.205612927960848513e-01
9.630000000000000000e+02	5.746742908843924802e-01
9.640000000000000000e+02	5.320367811314981044e-01
9.650000000000000000e+02	4.924298252714621738e-01
9.660000000000000000e+02	4.556483945561055071e-01
9.670000000000000000e+02	4.215005472904463368e-01
9.680000000000000000e+02	3.898066507047150409e-01
9.690000000000000000e+02	3.603986450635949246e-01
9.700000000000000000e+02	3.331193479936412349e-01
9.710000000000000000e+02	3.078217970883360688e-01
9.720000000000000000e+02	2.843686289268088085e-01
9.730000000000000000e+02	2.626314927169967062e-01
9.740000000000000000e+02	2.424904968467571365e-01
9.750000000000000000e+02	2.238336866972391315e-01
9.760000000000000000e+02	2.065565521416611594e-01
9.770000000000000000e+02	1.905615632194575804e-01
9.780000000000000000e+02	1.757577325405979274e-01
9.790000000000000000e+02	1.620602030377386038e-01
9.800000000000000000e+02	1.493898597447217147e-01
9.810000000000000000e+02	1.376729643388363011e-01
9.820000000000000000e+02	1.268408112411892052e-01
9.830000000000000000e+02	1.168294041245270393e-01
9.840000000000000000e+02	1.075791517309459544e-01
9.850000000000000000e+02	9.903458195310536893e-02
9.860000000000000000e+02	9.114407318191335150e-02
9.870000000000000000e+02	8.385960197114841752e-02
9.880000000000000000e+02	7.713650611520329881e-02
9.890000000000000000e+02	7.093326228008968448e-02
9.900000000000000000e+02	6.521127737007761938e-02
9.910000000000000000e+02	5.993469285289682036e-02
9.920000000000000000e+02	5.507020130533993307e-02
9.930000000000000000e+02	5.058687447841640067e-02
9.940000000000000000e+02	4.645600221695673354e-02
9.950000000000000000e+02	4.265094160280713531e-02
9.960000000000000000e+02	3.914697572351230614e-02
9.970000000000000000e+02	3.592118149972357843e-02
9.980000000000000000e+02	3.295230603451144297e-02
9.990000000000000000e+02	3.022065097637406661e-02
1.000000000000000000e+03	2.770796441503397059e-02
