4.410000000000000000e+02	8.033742348179103487e+00
4.420000000000000000e+02	8.623976957805680854e+00
4.430000000000000000e+02	9.254305434335400093e+00
4.440000000000000000e+02	9.927196631387182890e+00
4.450000000000000000e+02	1.064525263654805087e+01
4.460000000000000000e+02	1.141121464916029460e+01
4.470000000000000000e+02	1.222796902982967104e+01
4.480000000000000000e+02	1.309855352079502566e+01
4.490000000000000000e+02	1.402616363580121650e+01
4.500000000000000000e+02	1.501415921758490590e+01
4.510000000000000000e+02	1.606607116051955231e+01
4.520000000000000000e+02	1.718560829536906098e+01
4.530000000000000000e+02	1.837666443246868653e+01
4.540000000000000000e+02	1.964332555898933563e+01
4.550000000000000000e+02	2.098987718524215751e+01
4.560000000000000000e+02	2.242081183425052870e+01
4.570000000000000000e+02	2.394083666804973021e+01
4.580000000000000000e+02	2.555488124337732359e+01
4.590000000000000000e+02	2.726810538858335775e+01
4.600000000000000000e+02	2.908590719272607217e+01
4.610000000000000000e+02	3.101393109691998617e+01
4.620000000000000000e+02	3.305807607707596674e+01
4.630000000000000000e+02	3.522450390621172289e+01
4.640000000000000000e+02	3.751964748352455103e+01
4.650000000000000000e+02	3.995021921639909834e+01
4.660000000000000000e+02	4.252321944048122759e+01
4.670000000000000000e+02	4.524594486188168929e+01
4.680000000000000000e+02	4.812599700449526807e+01
4.690000000000000000e+02	5.117129064438023534e+01
4.700000000000000000e+02	5.439006221240931893e+01
4.710000000000000000e+02	5.779087814728194417e+01
4.720000000000000000e+02	6.138264318968249000e+01
4.730000000000000000e+02	6.517460865260561320e+01
4.740000000000000000e+02	6.917638089993342021e+01
4.750000000000000000e+02	7.339793108381189768e+01
4.760000000000000000e+02	7.784961039690467999e+01
4.770000000000000000e+02	8.254218695572993170e+01
4.780000000000000000e+02	8.748696186767570282e+01
4.790000000000000000e+02	9.269615859208576580e+01
4.800000000000000000e+02	9.818420362086639841e+01
4.810000000000000000e+02	1.039717538933618357e+02
4.820000000000000000e+02	1.100977151867170534e+02
4.830000000000000000e+02	1.166531793707616771e+02
4.840000000000000000e+02	1.238719524046671268e+02
4.850000000000000000e+02	1.323583170443621952e+02
4.860000000000000000e+02	1.436265387339068127e+02
4.870000000000000000e+02	1.613013617436326967e+02
4.880000000000000000e+02	1.936203047279344389e+02
4.890000000000000000e+02	2.583008928106715985e+02
4.900000000000000000e+02	3.913290034688361629e+02
4.910000000000000000e+02	6.615765630955410188e+02
4.920000000000000000e+02	1.192931131071314212e+03
4.930000000000000000e+02	2.194159351463286839e+03
4.940000000000000000e+02	3.993346195590309435e+03
4.950000000000000000e+02	7.068206800826861581e+03
4.960000000000000000e+02	1.205673669466529100e+04
4.970000000000000000e+02	1.972714146949601127e+04
4.980000000000000000e+02	3.088598666029004380e+04
4.990000000000000000e+02	4.621353059133874922e+04
5.000000000000000000e+02	6.603734686520291143e+04
5.010000000000000000e+02	9.008624586005628225e+04
5.020000000000000000e+02	1.172958543957768125e+05
5.030000000000000000e+02	1.457499195027748065e+05
5.040000000000000000e+02	1.728240026970551698e+05
5.050000000000000000e+02	1.955473024471921381e+05
5.060000000000000000e+02	2.111262120549362735e+05
5.070000000000000000e+02	2.175062522320672870e+05
5.080000000000000000e+02	2.138172244945799466e+05
5.090000000000000000e+02	2.005686092073439213e+05
5.100000000000000000e+02	1.795347101512511435e+05
5.110000000000000000e+02	1.533652486964977870e+05
5.120000000000000000e+02	1.250392563239736191e+05
5.130000000000000000e+02	9.731708822929588496e+04
5.140000000000000000e+02	7.232691622683606693e+04
5.150000000000000000e+02	5.136171903156010376e+04
5.160000000000000000e+02	3.488905939383018995e+04
5.170000000000000000e+02	2.271747490178103544e+04
5.180000000000000000e+02	1.423672244267167844e+04
5.190000000000000000e+02	8.654856053135597904e+03
5.200000000000000000e+02	5.181587301421791381e+03
5.210000000000000000e+02	3.139146025719804584e+03
5.220000000000000000e+02	2.006947092599941925e+03
5.230000000000000000e+02	1.419588343417382248e+03
5.240000000000000000e+02	1.139976332969814621e+03
5.250000000000000000e+02	1.024863191497907792e+03
5.260000000000000000e+02	9.932645064467219527e+02
5.270000000000000000e+02	1.002191578007598878e+03
5.280000000000000000e+02	1.030165595194150228e+03
5.290000000000000000e+02	1.067069052942645612e+03
5.300000000000000000e+02	1.108406011222364896e+03
5.310000000000000000e+02	1.152293932940729746e+03
5.320000000000000000e+02	1.197994262192165934e+03
5.330000000000000000e+02	1.245240649780434978e+03
5.340000000000000000e+02	1.293950630312680687e+03
5.350000000000000000e+02	1.344109160438967592e+03
5.360000000000000000e+02	1.395724249304655132e+03
5.370000000000000000e+02	1.448810974971882160e+03
5.380000000000000000e+02	1.503386015601637382e+03
5.390000000000000000e+02	1.559465851264840239e+03
5.400000000000000000e+02	1.617066175008077380e+03
5.410000000000000000e+02	1.676201680225569135e+03
5.420000000000000000e+02	1.736885958690229018e+03
5.430000000000000000e+02	1.799131429333819597e+03
5.440000000000000000e+02	1.862949275125497707e+03
5.450000000000000000e+02	1.928349382045952780e+03
5.460000000000000000e+02	1.995340278726849419e+03
5.470000000000000000e+02	2.063929076514562894e+03
5.480000000000000000e+02	2.134121410012106480e+03
5.490000000000000000e+02	2.205921378224445562e+03
5.500000000000000000e+02	2.279331486450764260e+03
5.510000000000000000e+02	2.354352589073522722e+03
5.520000000000000000e+02	2.430983833397579474e+03
5.530000000000000000e+02	2.509222604695280097e+03
5.540000000000000000e+02	2.589064472615556951e+03
5.550000000000000000e+02	2.670503139116826787e+03
5.560000000000000000e+02	2.753530388084825063e+03
5.570000000000000000e+02	2.838136036797440738e+03
5.580000000000000000e+02	2.924307889399088253e+03
5.590000000000000000e+02	3.012031692547216608e+03
5.600000000000000000e+02	3.101291093393102074e+03
5.610000000000000000e+02	3.192067600058177504e+03
5.620000000000000000e+02	3.284340544765745562e+03
5.630000000000000000e+02	3.378087049786054649e+03
5.640000000000000000e+02	3.473281996350257486e+03
5.650000000000000000e+02	3.569897996685902854e+03
5.660000000000000000e+02	3.667905369323148534e+03
5.670000000000000000e+02	3.767272117816888567e+03
5.680000000000000000e+02	3.867963913025541842e+03
5.690000000000000000e+02	3.969944079082171356e+03
5.700000000000000000e+02	4.073173583188086923e+03
5.710000000000000000e+02	4.177611029352997321e+03
5.720000000000000000e+02	4.283212656199178127e+03
5.730000000000000000e+02	4.389932338940030604e+03
5.740000000000000000e+02	4.497721595635795893e+03
5.750000000000000000e+02	4.606529597821101561e+03
5.760000000000000000e+02	4.716303185590451903e+03
5.770000000000000000e+02	4.826986887218733500e+03
5.780000000000000000e+02	4.938522943384347855e+03
5.790000000000000000e+02	5.050851336052707666e+03
5.800000000000000000e+02	5.163909822067505047e+03
5.810000000000000000e+02	5.277633971486515293e+03
5.820000000000000000e+02	5.391957210687685802e+03
5.830000000000000000e+02	5.506810870259879266e+03
5.840000000000000000e+02	5.622124237681056911e+03
5.850000000000000000e+02	5.737824614774722249e+03
5.860000000000000000e+02	5.853837379923352273e+03
5.870000000000000000e+02	5.970086055005192975e+03
5.880000000000000000e+02	6.086492377008315088e+03
5.890000000000000000e+02	6.202976374263168509e+03
5.900000000000000000e+02	6.319456447222219140e+03
5.910000000000000000e+02	6.435849453702449864e+03
5.920000000000000000e+02	6.552070798493760776e+03
5.930000000000000000e+02	6.668034527223572695e+03
5.940000000000000000e+02	6.783653424355267816e+03
5.950000000000000000e+02	6.898839115185571245e+03
5.960000000000000000e+02	7.013502171693579839e+03
5.970000000000000000e+02	7.127552222081964828e+03
5.980000000000000000e+02	7.240898063838937560e+03
5.990000000000000000e+02	7.353447780137893460e+03
6.000000000000000000e+02	7.465108859380351532e+03
6.010000000000000000e+02	7.575788317676828228e+03
6.020000000000000000e+02	7.685392824049711635e+03
6.030000000000000000e+02	7.793828828132184753e+03
6.040000000000000000e+02	7.901002690127524147e+03
6.050000000000000000e+02	8.006820812784142618e+03
6.060000000000000000e+02	8.111189775133118019e+03
6.070000000000000000e+02	8.214016467727129566e+03
6.080000000000000000e+02	8.315208229112380650e+03
6.090000000000000000e+02	8.414672983258502427e+03
6.100000000000000000e+02	8.512319377665504362e+03
6.110000000000000000e+02	8.608056921861651062e+03
6.120000000000000000e+02	8.701796126001678203e+03
6.130000000000000000e+02	8.793448639271124193e+03
6.140000000000000000e+02	8.882927387799643839e+03
6.150000000000000000e+02	8.970146711784118452e+03
6.160000000000000000e+02	9.055022501521109007e+03
6.170000000000000000e+02	9.137472332047856980e+03
6.180000000000000000e+02	9.217415596091444968e+03
6.190000000000000000e+02	9.294773635027002456e+03
6.200000000000000000e+02	9.369469867548119510e+03
6.210000000000000000e+02	9.441429915755543334e+03
6.220000000000000000e+02	9.510581728374198065e+03
6.230000000000000000e+02	9.576855700813295698e+03
6.240000000000000000e+02	9.640184791789881274e+03
6.250000000000000000e+02	9.700504636242627384e+03
6.260000000000000000e+02	9.757753654269887193e+03
6.270000000000000000e+02	9.811873155834136924e+03
6.280000000000000000e+02	9.862807440983729975e+03
6.290000000000000000e+02	9.910503895352490872e+03
6.300000000000000000e+02	9.954913080708056441e+03
6.310000000000000000e+02	9.995988820330854651e+03
6.320000000000000000e+02	1.003368827901738587e+04
6.330000000000000000e+02	1.006797203751378584e+04
6.340000000000000000e+02	1.009880416119864276e+04
6.350000000000000000e+02	1.012615226284755590e+04
6.360000000000000000e+02	1.014998755932599488e+04
6.370000000000000000e+02	1.017028492207153613e+04
6.380000000000000000e+02	1.018702292124152882e+04
6.390000000000000000e+02	1.020018386341764381e+04
6.400000000000000000e+02	1.020975382277442077e+04
6.410000000000000000e+02	1.021572266563495396e+04
6.420000000000000000e+02	1.021808406835312235e+04
6.430000000000000000e+02	1.021683552847817191e+04
6.440000000000000000e+02	1.021197836917406676e+04
6.450000000000000000e+02	1.020351773688268986e+04
6.460000000000000000e+02	1.019146259223664856e+04
6.470000000000000000e+02	1.017582569424417306e+04
6.480000000000000000e+02	1.015662357778517253e+04
6.490000000000000000e+02	1.013387652447398432e+04
6.500000000000000000e+02	1.010760852696073925e+04
6.510000000000000000e+02	1.007784724675926191e+04
6.520000000000000000e+02	1.004462396570528654e+04
6.530000000000000000e+02	1.000797353116421800e+04
6.540000000000000000e+02	9.967934295122797266e+03
6.550000000000000000e+02	9.924548047313674033e+03
6.560000000000000000e+02	9.877859942536128074e+03
6.570000000000000000e+02	9.827918422349841421e+03
6.580000000000000000e+02	9.774775131331825833e+03
6.590000000000000000e+02	9.718484828099075457e+03
6.600000000000000000e+02	9.659105291311525434e+03
6.610000000000000000e+02	9.596697220881080284e+03
6.620000000000000000e+02	9.531324134623073405e+03
6.630000000000000000e+02	9.463052260596336055e+03
6.640000000000000000e+02	9.391950425387130963e+03
6.650000000000000000e+02	9.318089938600523965e+03
6.660000000000000000e+02	9.241544473830235802e+03
6.670000000000000000e+02	9.162389946384730138e+03
6.680000000000000000e+02	9.080704388053149160e+03
6.690000000000000000e+02	8.996567819199681253e+03
6.700000000000000000e+02	8.910062118479139826e+03
6.710000000000000000e+02	8.821270890469822916e+03
6.720000000000000000e+02	8.730279331522124266e+03
6.730000000000000000e+02	8.637174094122990937e+03
6.740000000000000000e+02	8.542043150076993697e+03
6.750000000000000000e+02	8.444975652804672791e+03
6.760000000000000000e+02	8.346061799057775715e+03
6.770000000000000000e+02	8.245392690349312034e+03
6.780000000000000000e+02	8.143060194393553502e+03
6.790000000000000000e+02	8.039156806847843654e+03
6.800000000000000000e+02	7.933775513643747217e+03
6.810000000000000000e+02	7.827009654190159381e+03
6.820000000000000000e+02	7.718952785725312424e+03
6.830000000000000000e+02	7.609698549088150685e+03
6.840000000000000000e+02	7.499340536172544489e+03
6.850000000000000000e+02	7.387972159320027458e+03
6.860000000000000000e+02	7.275686522898449766e+03
6.870000000000000000e+02	7.162576297305005028e+03
6.880000000000000000e+02	7.048733595622657958e+03
6.890000000000000000e+02	6.934249853149046430e+03
6.900000000000000000e+02	6.819215710006504196e+03
6.910000000000000000e+02	6.703720897031027562e+03
6.920000000000000000e+02	6.587854125126793406e+03
6.930000000000000000e+02	6.471702978261254430e+03
6.940000000000000000e+02	6.355353810264029562e+03
6.950000000000000000e+02	6.238891645580593831e+03
6.960000000000000000e+02	6.122400084119597523e+03
6.970000000000000000e+02	6.005961210319963357e+03
6.980000000000000000e+02	5.889655506551454891e+03
6.990000000000000000e+02	5.773561770949544552e+03
7.000000000000000000e+02	5.657757039772786811e+03
7.010000000000000000e+02	5.542316514358009954e+03
7.020000000000000000e+02	5.427313492736016997e+03
7.030000000000000000e+02	5.312819305957769757e+03
7.040000000000000000e+02	5.198903259168506338e+03
7.050000000000000000e+02	5.085632577454894090e+03
7.060000000000000000e+02	4.973072356478042821e+03
7.070000000000000000e+02	4.861285517893299584e+03
7.080000000000000000e+02	4.750332769545981137e+03
7.090000000000000000e+02	4.640272570420769625e+03
7.100000000000000000e+02	4.531161100311371229e+03
7.110000000000000000e+02	4.423052234166269955e+03
7.120000000000000000e+02	4.315997521055977813e+03
7.130000000000000000e+02	4.210046167697176315e+03
7.140000000000000000e+02	4.105245026459554538e+03
7.150000000000000000e+02	4.001638587771954462e+03
7.160000000000000000e+02	3.899268976835744525e+03
7.170000000000000000e+02	3.798175954545110471e+03
7.180000000000000000e+02	3.698396922506156898e+03
7.190000000000000000e+02	3.599966932039518724e+03
7.200000000000000000e+02	3.502918697044357486e+03
7.210000000000000000e+02	3.407282610595450024e+03
7.220000000000000000e+02	3.313086765139305498e+03
7.230000000000000000e+02	3.220356976150118953e+03
7.240000000000000000e+02	3.129116809101633862e+03
7.250000000000000000e+02	3.039387609606936167e+03
7.260000000000000000e+02	2.951188536574523823e+03
7.270000000000000000e+02	2.864536598225975922e+03
7.280000000000000000e+02	2.779446690817924264e+03
7.290000000000000000e+02	2.695931639909020760e+03
7.300000000000000000e+02	2.614002244011026505e+03
7.310000000000000000e+02	2.533667320462085627e+03
7.320000000000000000e+02	2.454933753359692219e+03
7.330000000000000000e+02	2.377806543390734532e+03
7.340000000000000000e+02	2.302288859396356202e+03
7.350000000000000000e+02	2.228382091510180089e+03
7.360000000000000000e+02	2.156085905709633153e+03
7.370000000000000000e+02	2.085398299621745537e+03
7.380000000000000000e+02	2.016315659426813909e+03
7.390000000000000000e+02	1.948832817705696016e+03
7.400000000000000000e+02	1.882943112079232606e+03
7.410000000000000000e+02	1.818638444491376504e+03
7.420000000000000000e+02	1.755909340990961255e+03
7.430000000000000000e+02	1.694745011870733833e+03
7.440000000000000000e+02	1.635133412026186988e+03
7.450000000000000000e+02	1.577061301400928869e+03
7.460000000000000000e+02	1.520514305389727497e+03
7.470000000000000000e+02	1.465476975074978554e+03
7.480000000000000000e+02	1.411932847177139138e+03
7.490000000000000000e+02	1.359864503604640504e+03
7.500000000000000000e+02	1.309253630493867831e+03
7.510000000000000000e+02	1.260081076635025056e+03
7.520000000000000000e+02	1.212326911185013614e+03
7.530000000000000000e+02	1.165970480573843815e+03
7.540000000000000000e+02	1.120990464516547263e+03
7.550000000000000000e+02	1.077364931048054586e+03
7.560000000000000000e+02	1.035071390504004285e+03
7.570000000000000000e+02	9.940868483759729770e+02
7.580000000000000000e+02	9.543878569751021814e+02
7.590000000000000000e+02	9.159505658435812165e+02
7.600000000000000000e+02	8.787507708588497053e+02
7.610000000000000000e+02	8.427639619807550844e+02
7.620000000000000000e+02	8.079653695971780962e+02
7.630000000000000000e+02	7.743300094288312039e+02
7.640000000000000000e+02	7.418327259590245149e+02
7.650000000000000000e+02	7.104482343591857898e+02
7.660000000000000000e+02	6.801511608857414330e+02
7.670000000000000000e+02	6.509160817287265672e+02
7.680000000000000000e+02	6.227175602970252157e+02
7.690000000000000000e+02	5.955301829295942753e+02
7.700000000000000000e+02	5.693285930262743477e+02
7.710000000000000000e+02	5.440875235958881149e+02
7.720000000000000000e+02	5.197818282232619822e+02
7.730000000000000000e+02	4.963865104605503689e+02
7.740000000000000000e+02	4.738767516518148000e+02
7.750000000000000000e+02	4.522279372032029983e+02
7.760000000000000000e+02	4.314156813142629971e+02
7.770000000000000000e+02	4.114158501889646118e+02
7.780000000000000000e+02	3.922045837478021895e+02
7.790000000000000000e+02	3.737583158650132305e+02
7.800000000000000000e+02	3.560537931573888386e+02
7.810000000000000000e+02	3.390680923534197291e+02
7.820000000000000000e+02	3.227786362735998864e+02
7.830000000000000000e+02	3.071632084546109809e+02
7.840000000000000000e+02	2.921999664518224904e+02
7.850000000000000000e+02	2.778674538560877636e+02
7.860000000000000000e+02	2.641446110621791945e+02
7.870000000000000000e+02	2.510107848274075479e+02
7.880000000000000000e+02	2.384457366600009038e+02
7.890000000000000000e+02	2.264296500776927417e+02
7.900000000000000000e+02	2.149431367776916204e+02
7.910000000000000000e+02	2.039672417597686263e+02
7.920000000000000000e+02	1.934834474446303716e+02
7.930000000000000000e+02	1.834736768300338099e+02
7.940000000000000000e+02	1.739202957272528920e+02
7.950000000000000000e+02	1.648061141205432705e+02
7.960000000000000000e+02	1.561143866921630377e+02
7.970000000000000000e+02	1.478288125553059729e+02
7.980000000000000000e+02	1.399335342370032436e+02
7.990000000000000000e+02	1.324131359526363099e+02
8.000000000000000000e+02	1.252526412132148295e+02
8.010000000000000000e+02	1.184375098059790190e+02
8.020000000000000000e+02	1.119536341882278663e+02
8.030000000000000000e+02	1.057873353335302369e+02
8.040000000000000000e+02	9.992535806867256554e+01
8.050000000000000000e+02	9.435486593882464490e+01
8.060000000000000000e+02	8.906343563748572478e+01
8.070000000000000000e+02	8.403905103679480249e+01
8.080000000000000000e+02	7.927009685277562312e+01
8.090000000000000000e+02	7.474535197903014705e+01
8.100000000000000000e+02	7.045398252130459582e+01
8.110000000000000000e+02	6.638553456423859700e+01
8.120000000000000000e+02	6.252992670046782564e+01
8.130000000000000000e+02	5.887744235109540369e+01
8.140000000000000000e+02	5.541872190537610265e+01
8.150000000000000000e+02	5.214475470628118359e+01
8.160000000000000000e+02	4.904687090742666555e+01
8.170000000000000000e+02	4.611673322566518607e+01
8.180000000000000000e+02	4.334632861245998470e+01
8.190000000000000000e+02	4.072795986598526241e+01
8.200000000000000000e+02	3.825423720473241218e+01
8.210000000000000000e+02	3.591806982224844091e+01
8.220000000000000000e+02	3.371265744149739874e+01
8.230000000000000000e+02	3.163148188621554979e+01
8.240000000000000000e+02	2.966829868553300997e+01
8.250000000000000000e+02	2.781712872705931616e+01
8.260000000000000000e+02	2.607224997257689836e+01
8.270000000000000000e+02	2.442818924946394432e+01
8.280000000000000000e+02	2.287971412996762766e+01
8.290000000000000000e+02	2.142182490948234630e+01
8.300000000000000000e+02	2.004974669404792209e+01
8.310000000000000000e+02	1.875892160637637218e+01
8.320000000000000000e+02	1.754500111884022928e+01
8.330000000000000000e+02	1.640383852101355444e+01
8.340000000000000000e+02	1.533148152854723278e+01
8.350000000000000000e+02	1.432416503938415886e+01
8.360000000000000000e+02	1.337830404257931960e+01
8.370000000000000000e+02	1.249048668427984055e+01
8.380000000000000000e+02	1.165746749474790356e+01
8.390000000000000000e+02	1.087616077966708694e+01
8.400000000000000000e+02	1.014363417836724679e+01
8.410000000000000000e+02	9.457102391027538246e+00
8.420000000000000000e+02	8.813921076377324582e+00
8.430000000000000000e+02	8.211580920904093972e+00
8.440000000000000000e+02	7.647701880101009486e+00
8.450000000000000000e+02	7.120027591838986147e+00
8.460000000000000000e+02	6.626419961532312719e+00
8.470000000000000000e+02	6.164853918378768505e+00
8.480000000000000000e+02	5.733412341597124318e+00
8.490000000000000000e+02	5.330281155253500991e+00
8.500000000000000000e+02	4.953744589963690714e+00
8.510000000000000000e+02	4.602180609480551965e+00
8.520000000000000000e+02	4.274056499921565333e+00
8.530000000000000000e+02	3.967924619162564337e+00
8.540000000000000000e+02	3.682418303716548991e+00
8.550000000000000000e+02	3.416247930232302998e+00
8.560000000000000000e+02	3.168197128583443600e+00
8.570000000000000000e+02	2.937119143375120256e+00
8.580000000000000000e+02	2.721933340570584114e+00
8.590000000000000000e+02	2.521621855833353631e+00
8.600000000000000000e+02	2.335226381090669712e+00
8.610000000000000000e+02	2.161845085750552009e+00
8.620000000000000000e+02	2.000629668945892004e+00
8.630000000000000000e+02	1.850782539134855575e+00
8.640000000000000000e+02	1.711554117355543747e+00
8.650000000000000000e+02	1.582240260414184307e+00
8.660000000000000000e+02	1.462179800278842867e+00
8.670000000000000000e+02	1.350752195954063817e+00
8.680000000000000000e+02	1.247375294125148137e+00
8.690000000000000000e+02	1.151503194883110925e+00
8.700000000000000000e+02	1.062624218872129322e+00
8.710000000000000000e+02	9.802589722394333682e-01
8.720000000000000000e+02	9.039585058129822048e-01
8.730000000000000000e+02	8.333025649834897575e-01
8.740000000000000000e+02	7.678979268245454959e-01
8.750000000000000000e+02	7.073768210464650430e-01
8.760000000000000000e+02	6.513954314460284056e-01
8.770000000000000000e+02	5.996324745844515691e-01
8.780000000000000000e+02	5.517878524996896461e-01
8.790000000000000000e+02	5.075813763355411234e-01
8.800000000000000000e+02	4.667515578490319950e-01
8.810000000000000000e+02	4.290544658383768084e-01
8.820000000000000000e+02	3.942626446162292853e-01
8.830000000000000000e+02	3.621640917366347190e-01
8.840000000000000000e+02	3.325612922684838546e-01
8.850000000000000000e+02	3.052703069933061508e-01
8.860000000000000000e+02	2.801199119904063672e-01
8.870000000000000000e+02	2.569507871575012481e-01
8.880000000000000000e+02	2.356147512998053306e-01
8.890000000000000000e+02	2.159740415048090889e-01
8.900000000000000000e+02	1.979006346034693498e-01
8.910000000000000000e+02	1.812756086011114154e-01
8.920000000000000000e+02	1.659885420427439917e-01
8.930000000000000000e+02	1.519369493576594732e-01
8.940000000000000000e+02	1.390257503069072531e-01
8.950000000000000000e+02	1.271667717344307225e-01
8.960000000000000000e+02	1.162782798982087695e-01
8.970000000000000000e+02	1.062845417315589763e-01
8.980000000000000000e+02	9.711541345677109083e-02
8.990000000000000000e+02	8.870595504336328818e-02
9.000000000000000000e+02	8.099606907146124357e-02
9.010000000000000000e+02	7.393016262703086539e-02
9.020000000000000000e+02	6.745683091991627744e-02
9.030000000000000000e+02	6.152856137785062823e-02
9.040000000000000000e+02	5.610145702976137433e-02
9.050000000000000000e+02	5.113497804982149869e-02
9.060000000000000000e+02	4.659170038977403921e-02
9.070000000000000000e+02	4.243709048111023868e-02
9.080000000000000000e+02	3.863929504070758025e-02
9.090000000000000000e+02	3.516894506357000350e-02
9.100000000000000000e+02	3.199897313437064655e-02
9.110000000000000000e+02	2.910444323561909089e-02
9.120000000000000000e+02	2.646239227447939532e-02
9.130000000000000000e+02	2.405168259260688501e-02
9.140000000000000000e+02	2.185286476387316920e-02
9.150000000000000000e+02	1.984805002356580458e-02
9.160000000000000000e+02	1.802079170962056498e-02
9.170000000000000000e+02	1.635597513171488382e-02
9.180000000000000000e+02	1.483971531767528697e-02
9.190000000000000000e+02	1.345926211867139524e-02
9.200000000000000000e+02	1.220291218514159108e-02
9.210000000000000000e+02	1.105992735436421223e-02
9.220000000000000000e+02	1.002045901811002802e-02
9.230000000000000000e+02	9.075478064934597300e-03
9.240000000000000000e+02	8.216710016446894527e-03
9.250000000000000000e+02	7.436575000369169061e-03
9.260000000000000000e+02	6.728132225440082784e-03
9.270000000000000000e+02	6.085028644251395426e-03
9.280000000000000000e+02	5.501451510003014730e-03
9.290000000000000000e+02	4.972084551956269631e-03
9.300000000000000000e+02	4.492067512110856954e-03
9.310000000000000000e+02	4.056958802372561887e-03
9.320000000000000000e+02	3.662701057262312924e-03
9.330000000000000000e+02	3.305589372086572327e-03
9.340000000000000000e+02	2.982242030487608064e-03
9.350000000000000000e+02	2.689573538462001340e-03
9.360000000000000000e+02	2.424769794316965731e-03
9.370000000000000000e+02	2.185265235666590446e-03
9.380000000000000000e+02	1.968721815491266628e-03
9.390000000000000000e+02	1.773009669530685971e-03
9.400000000000000000e+02	1.596189346888612047e-03
9.410000000000000000e+02	1.436495484730802895e-03
9.420000000000000000e+02	1.292321816387761568e-03
9.430000000000000000e+02	1.162207410063856522e-03
9.440000000000000000e+02	1.044824042732747215e-03
9.450000000000000000e+02	9.389646206957195712e-04
9.460000000000000000e+02	8.435325647211342490e-04
9.470000000000000000e+02	7.575320836966325209e-04
9.480000000000000000e+02	6.800592663357510901e-04
9.490000000000000000e+02	6.102939257110627427e-04
9.500000000000000000e+02	5.474921362598646202e-04
9.510000000000000000e+02	4.909794074470045242e-04
9.520000000000000000e+02	4.401444424935855616e-04
9.530000000000000000e+02	3.944334345092655051e-04
9.540000000000000000e+02	3.533448560182454474e-04
9.550000000000000000e+02	3.164247012622943187e-04
9.560000000000000000e+02	2.832621438149012308e-04
9.570000000000000000e+02	2.534855749644012476e-04
9.580000000000000000e+02	2.267589910357206099e-04
9.590000000000000000e+02	2.027787003339286825e-04
9.600000000000000000e+02	1.812703227213971903e-04
9.610000000000000000e+02	1.619860569964655752e-04
9.620000000000000000e+02	1.447021932366146415e-04
9.630000000000000000e+02	1.292168491144827234e-04
9.640000000000000000e+02	1.153479109006914016e-04
9.650000000000000000e+02	1.029311614432759918e-04
9.660000000000000000e+02	9.181857886853120104e-05
9.670000000000000000e+02	8.187679109084883440e-05
9.680000000000000000e+02	7.298567245761633103e-05
9.690000000000000000e+02	6.503706999699070102e-05
9.700000000000000000e+02	5.793364778829192962e-05
9.710000000000000000e+02	5.158783894349620847e-05
9.720000000000000000e+02	4.592089557989833474e-05
9.730000000000000000e+02	4.086202798421171179e-05
9.740000000000000000e+02	3.634762492247618277e-05
9.750000000000000000e+02	3.232054774313480026e-05
9.760000000000000000e+02	2.872949155712199110e-05
9.770000000000000000e+02	2.552840736310213010e-05
9.780000000000000000e+02	2.267597952210064643e-05
9.790000000000000000e+02	2.013515347740411481e-05
9.800000000000000000e+02	1.787270906623649632e-05
9.810000000000000000e+02	1.585887518254440912e-05
9.820000000000000000e+02	1.406698192823629915e-05
9.830000000000000000e+02	1.247314673617268056e-05
9.840000000000000000e+02	1.105599126466021578e-05
9.850000000000000000e+02	9.796386152530147420e-06
9.860000000000000000e+02	8.677220988277166986e-06
9.870000000000000000e+02	7.683197088221376298e-06
9.880000000000000000e+02	6.800640899118549858e-06
9.890000000000000000e+02	6.017336041801543625e-06
9.900000000000000000e+02	5.322372195899950591e-06
9.910000000000000000e+02	4.706009192922039215e-06
9.920000000000000000e+02	4.159554837358197022e-06
9.930000000000000000e+02	3.675255114228450510e-06
9.940000000000000000e+02	3.246195567805846451e-06
9.950000000000000000e+02	2.866212751161610036e-06
9.960000000000000000e+02	2.529814750676447968e-06
9.970000000000000000e+02	2.232109884643778124e-06
9.980000000000000000e+02	1.968742761378224665e-06
9.990000000000000000e+02	1.735836960597315136e-06
1.000000000000000000e+03	1.529943672959332343e-06
