4.410000000000000000e+02	2.901725371437815504e-01
4.420000000000000000e+02	3.169478040094492188e-01
4.430000000000000000e+02	3.460687525552021415e-01
4.440000000000000000e+02	3.777289124531433839e-01
4.450000000000000000e+02	4.121366810120646318e-01
4.460000000000000000e+02	4.495163687328254665e-01
4.470000000000000000e+02	4.901093102867207785e-01
4.480000000000000000e+02	5.341750443614629029e-01
4.490000000000000000e+02	5.819925659506994808e-01
4.500000000000000000e+02	6.338616547953380698e-01
4.510000000000000000e+02	6.901042838181574712e-01
4.520000000000000000e+02	7.510661115266522581e-01
4.530000000000000000e+02	8.171180624926669411e-01
4.540000000000000000e+02	8.886580001502980553e-01
4.550000000000000000e+02	9.661124962856955101e-01
4.560000000000000000e+02	1.049938701722845202e+00
4.570000000000000000e+02	1.140626322837901663e+00
4.580000000000000000e+02	1.238699708660383481e+00
4.590000000000000000e+02	1.344720053441871732e+00
4.600000000000000000e+02	1.459287719691183316e+00
4.610000000000000000e+02	1.583044686788420030e+00
4.620000000000000000e+02	1.716677130398156281e+00
4.630000000000000000e+02	1.860918138003280431e+00
4.640000000000000000e+02	2.016550565975137044e+00
4.650000000000000000e+02	2.184410043681100699e+00
4.660000000000000000e+02	2.365388130207142225e+00
4.670000000000000000e+02	2.560435629338927654e+00
4.680000000000000000e+02	2.770566068499436430e+00
4.690000000000000000e+02	2.996859347383212135e+00
4.700000000000000000e+02	3.240465562055239612e+00
4.710000000000000000e+02	3.502609010295961056e+00
4.720000000000000000e+02	3.784592383970504681e+00
4.730000000000000000e+02	4.087801154179687479e+00
4.740000000000000000e+02	4.413708154910477077e+00
4.750000000000000000e+02	4.763878370843764642e+00
4.760000000000000000e+02	5.139973934895079033e+00
4.770000000000000000e+02	5.543759340959011794e+00
4.780000000000000000e+02	5.977106877197848611e+00
4.790000000000000000e+02	6.442002285058865851e+00
4.800000000000000000e+02	6.940550649020313045e+00
4.810000000000000000e+02	7.474982521853296369e+00
4.820000000000000000e+02	8.047660289946758638e+00
4.830000000000000000e+02	8.661084783007162002e+00
4.840000000000000000e+02	9.317902132449495056e+00
4.850000000000000000e+02	1.002091088466951341e+01
4.860000000000000000e+02	1.077306938929706526e+01
4.870000000000000000e+02	1.157750356645916590e+01
4.880000000000000000e+02	1.243751561227770708e+01
4.890000000000000000e+02	1.335659645026471942e+01
4.900000000000000000e+02	1.433845485424528832e+01
4.910000000000000000e+02	1.538711754898129414e+01
4.920000000000000000e+02	1.650730785165516323e+01
4.930000000000000000e+02	1.770582190145551138e+01
4.940000000000000000e+02	1.899614933413856832e+01
4.950000000000000000e+02	2.041262917564992563e+01
4.960000000000000000e+02	2.204976876603936375e+01
4.970000000000000000e+02	2.416064543769153516e+01
4.980000000000000000e+02	2.737698249997711031e+01
4.990000000000000000e+02	3.314356909354187053e+01
5.000000000000000000e+02	4.445934994314247746e+01
5.010000000000000000e+02	6.692557391215571272e+01
5.020000000000000000e+02	1.098499313032262137e+02
5.030000000000000000e+02	1.867439340986252034e+02
5.040000000000000000e+02	3.141530297881926117e+02
5.050000000000000000e+02	5.077676397195489244e+02
5.060000000000000000e+02	7.756221200036181926e+02
5.070000000000000000e+02	1.109971143691780526e+03
5.080000000000000000e+02	1.481415786754984993e+03
5.090000000000000000e+02	1.839583218396247275e+03
5.100000000000000000e+02	2.122848486091349969e+03
5.110000000000000000e+02	2.275364859314976457e+03
5.120000000000000000e+02	2.265164327621203483e+03
5.130000000000000000e+02	2.095327234473258159e+03
5.140000000000000000e+02	1.802888373283639567e+03
5.150000000000000000e+02	1.446012267820572333e+03
5.160000000000000000e+02	1.085510088202556062e+03
5.170000000000000000e+02	7.686996621476014298e+02
5.180000000000000000e+02	5.212071385198951248e+02
5.190000000000000000e+02	3.476400331610057606e+02
5.200000000000000000e+02	2.381434159280002802e+02
5.210000000000000000e+02	1.765041446347970577e+02
5.220000000000000000e+02	1.465191196981243991e+02
5.230000000000000000e+02	1.353807002883300754e+02
5.240000000000000000e+02	1.344862138308902217e+02
5.250000000000000000e+02	1.387737838177861249e+02
5.260000000000000000e+02	1.455939483865706450e+02
5.270000000000000000e+02	1.537044631186161041e+02
5.280000000000000000e+02	1.625846380351718778e+02
5.290000000000000000e+02	1.720439110427050480e+02
5.300000000000000000e+02	1.820278770465956484e+02
5.310000000000000000e+02	1.925332422174598150e+02
5.320000000000000000e+02	2.035744541232055553e+02
5.330000000000000000e+02	2.151718968126027960e+02
5.340000000000000000e+02	2.273481069301088837e+02
5.350000000000000000e+02	2.401266713770845058e+02
5.360000000000000000e+02	2.535319351257325877e+02
5.370000000000000000e+02	2.675889307169218796e+02
5.380000000000000000e+02	2.823233623420070444e+02
5.390000000000000000e+02	2.977616014368645665e+02
5.400000000000000000e+02	3.139306836447883029e+02
5.410000000000000000e+02	3.308583049272208996e+02
5.420000000000000000e+02	3.485728163347394570e+02
5.430000000000000000e+02	3.671032172967574070e+02
5.440000000000000000e+02	3.864791473517969962e+02
5.450000000000000000e+02	4.067308762512502653e+02
5.460000000000000000e+02	4.278892923718941574e+02
5.470000000000000000e+02	4.499858893736235927e+02
5.480000000000000000e+02	4.730527510401063296e+02
5.490000000000000000e+02	4.971225342415239652e+02
5.500000000000000000e+02	5.222284499602777714e+02
5.510000000000000000e+02	5.484042423225135963e+02
5.520000000000000000e+02	5.756841655805660594e+02
5.530000000000000000e+02	6.041029589939516882e+02
5.540000000000000000e+02	6.336958195593424534e+02
5.550000000000000000e+02	6.644983725430460026e+02
5.560000000000000000e+02	6.965466397729037453e+02
5.570000000000000000e+02	7.298770056502003172e+02
5.580000000000000000e+02	7.645261808461513056e+02
5.590000000000000000e+02	8.005311636518127898e+02
5.600000000000000000e+02	8.379291989548236188e+02
5.610000000000000000e+02	8.767577348212715833e+02
5.620000000000000000e+02	9.170543766661298832e+02
5.630000000000000000e+02	9.588568390011691918e+02
5.640000000000000000e+02	1.002202894755004991e+03
5.650000000000000000e+02	1.047130322165952293e+03
5.660000000000000000e+02	1.093676849254672334e+03
5.670000000000000000e+02	1.141880095890160419e+03
5.680000000000000000e+02	1.191777513469449332e+03
5.690000000000000000e+02	1.243406322238476832e+03
5.700000000000000000e+02	1.296803446288862915e+03
5.710000000000000000e+02	1.352005446272871950e+03
5.720000000000000000e+02	1.409048449886566914e+03
5.730000000000000000e+02	1.467968080179064827e+03
5.740000000000000000e+02	1.528799381753896114e+03
5.750000000000000000e+02	1.591576744936702426e+03
5.760000000000000000e+02	1.656333827991871658e+03
5.770000000000000000e+02	1.723103477479164440e+03
5.780000000000000000e+02	1.791917646849957237e+03
5.790000000000000000e+02	1.862807313391316711e+03
5.800000000000000000e+02	1.935802393634778582e+03
5.810000000000000000e+02	2.010931657355310108e+03
5.820000000000000000e+02	2.088222640294626672e+03
5.830000000000000000e+02	2.167701555751502383e+03
5.840000000000000000e+02	2.249393205190282970e+03
5.850000000000000000e+02	2.333320888027121327e+03
5.860000000000000000e+02	2.419506310761693840e+03
5.870000000000000000e+02	2.507969495630185065e+03
5.880000000000000000e+02	2.598728688963161403e+03
5.890000000000000000e+02	2.691800269439508611e+03
5.900000000000000000e+02	2.787198656434926306e+03
5.910000000000000000e+02	2.884936218670416565e+03
5.920000000000000000e+02	2.985023183372869880e+03
5.930000000000000000e+02	3.087467546166030388e+03
5.940000000000000000e+02	3.192274981916005345e+03
5.950000000000000000e+02	3.299448756760788456e+03
5.960000000000000000e+02	3.408989641558190215e+03
5.970000000000000000e+02	3.520895826990877595e+03
5.980000000000000000e+02	3.635162840571067136e+03
5.990000000000000000e+02	3.751783465790605987e+03
6.000000000000000000e+02	3.870747663664779338e+03
6.010000000000000000e+02	3.992042496920166286e+03
6.020000000000000000e+02	4.115652057078118560e+03
6.030000000000000000e+02	4.241557394686054977e+03
6.040000000000000000e+02	4.369736452948623992e+03
6.050000000000000000e+02	4.500164005009930406e+03
6.060000000000000000e+02	4.632811595136357028e+03
6.070000000000000000e+02	4.767647484047121907e+03
6.080000000000000000e+02	4.904636598636492636e+03
6.090000000000000000e+02	5.043740486327555118e+03
6.100000000000000000e+02	5.184917274292563889e+03
6.110000000000000000e+02	5.328121633769289474e+03
6.120000000000000000e+02	5.473304749696171712e+03
6.130000000000000000e+02	5.620414295881860198e+03
6.140000000000000000e+02	5.769394415916417529e+03
6.150000000000000000e+02	5.920185710022545209e+03
6.160000000000000000e+02	6.072725228035302280e+03
6.170000000000000000e+02	6.226946468688110144e+03
6.180000000000000000e+02	6.382779385371449280e+03
6.190000000000000000e+02	6.540150398518320799e+03
6.200000000000000000e+02	6.698982414757600964e+03
6.210000000000000000e+02	6.859194852962623372e+03
6.220000000000000000e+02	7.020703677307871658e+03
6.230000000000000000e+02	7.183421437431497907e+03
6.240000000000000000e+02	7.347257315785573155e+03
6.250000000000000000e+02	7.512117182239548129e+03
6.260000000000000000e+02	7.677903655985410296e+03
6.270000000000000000e+02	7.844516174775431864e+03
6.280000000000000000e+02	8.011851071505442633e+03
6.290000000000000000e+02	8.179801658138033417e+03
6.300000000000000000e+02	8.348258316941248268e+03
6.310000000000000000e+02	8.517108598999109745e+03
6.320000000000000000e+02	8.686237329930849228e+03
6.330000000000000000e+02	8.855526722736010925e+03
6.340000000000000000e+02	9.024856497662685797e+03
6.350000000000000000e+02	9.194104008976188197e+03
6.360000000000000000e+02	9.363144378485480047e+03
6.370000000000000000e+02	9.531850635664603033e+03
6.380000000000000000e+02	9.700093864186557767e+03
6.390000000000000000e+02	9.867743354667267340e+03
6.400000000000000000e+02	1.003466676339777587e+04
6.410000000000000000e+02	1.020073027682362408e+04
6.420000000000000000e+02	1.036579878151146841e+04
6.430000000000000000e+02	1.052973603932459446e+04
6.440000000000000000e+02	1.069240486751105891e+04
6.450000000000000000e+02	1.085366732339084410e+04
6.460000000000000000e+02	1.101338489331161873e+04
6.470000000000000000e+02	1.117141868552677988e+04
6.480000000000000000e+02	1.132762962663406506e+04
6.490000000000000000e+02	1.148187866119866521e+04
6.500000000000000000e+02	1.163402695417112955e+04
6.510000000000000000e+02	1.178393609569778710e+04
6.520000000000000000e+02	1.193146830790973036e+04
6.530000000000000000e+02	1.207648665326583796e+04
6.540000000000000000e+02	1.221885524401579460e+04
6.550000000000000000e+02	1.235843945234072817e+04
6.560000000000000000e+02	1.249510612072190452e+04
6.570000000000000000e+02	1.262872377208193211e+04
6.580000000000000000e+02	1.275916281923826136e+04
6.590000000000000000e+02	1.288629577320528733e+04
6.600000000000000000e+02	1.300999744987933263e+04
6.610000000000000000e+02	1.313014517463986158e+04
6.620000000000000000e+02	1.324661898440101140e+04
6.630000000000000000e+02	1.335930182664925087e+04
6.640000000000000000e+02	1.346807975500643443e+04
6.650000000000000000e+02	1.357284212086202933e+04
6.660000000000000000e+02	1.367348176062437597e+04
6.670000000000000000e+02	1.376989517814818828e+04
6.680000000000000000e+02	1.386198272190422904e+04
6.690000000000000000e+02	1.394964875646707696e+04
6.700000000000000000e+02	1.403280182790832623e+04
6.710000000000000000e+02	1.411135482269506792e+04
6.720000000000000000e+02	1.418522511970748747e+04
6.730000000000000000e+02	1.425433473500433865e+04
6.740000000000000000e+02	1.431861045898140947e+04
6.750000000000000000e+02	1.437798398558533518e+04
6.760000000000000000e+02	1.443239203326361167e+04
6.770000000000000000e+02	1.448177645735103397e+04
6.780000000000000000e+02	1.452608435361321062e+04
6.790000000000000000e+02	1.456526815268901555e+04
6.800000000000000000e+02	1.459928570519604909e+04
6.810000000000000000e+02	1.462810035728590810e+04
6.820000000000000000e+02	1.465168101645972456e+04
6.830000000000000000e+02	1.467000220747852654e+04
6.840000000000000000e+02	1.468304411822769180e+04
6.850000000000000000e+02	1.469079263541990440e+04
6.860000000000000000e+02	1.469323937004653817e+04
6.870000000000000000e+02	1.469038167251325831e+04
6.880000000000000000e+02	1.468222263742154610e+04
6.890000000000000000e+02	1.466877109798415404e+04
6.900000000000000000e+02	1.465004161008850497e+04
6.910000000000000000e+02	1.462605442604836935e+04
6.920000000000000000e+02	1.459683545811001750e+04
6.930000000000000000e+02	1.456241623180493843e+04
6.940000000000000000e+02	1.452283382926664126e+04
6.950000000000000000e+02	1.447813082265424964e+04
6.960000000000000000e+02	1.442835519785015276e+04
6.970000000000000000e+02	1.437356026862321232e+04
6.980000000000000000e+02	1.431380458147238278e+04
6.990000000000000000e+02	1.424915181138854496e+04
7.000000000000000000e+02	1.417967064879428108e+04
7.010000000000000000e+02	1.410543467794260141e+04
7.020000000000000000e+02	1.402652224707590176e+04
7.030000000000000000e+02	1.394301633066580143e+04
7.040000000000000000e+02	1.385500438407285037e+04
7.050000000000000000e+02	1.376257819098232903e+04
7.060000000000000000e+02	1.366583370398854277e+04
7.070000000000000000e+02	1.356487087871492804e+04
7.080000000000000000e+02	1.345979350187114869e+04
7.090000000000000000e+02	1.335070901366072758e+04
7.100000000000000000e+02	1.323772832496416777e+04
7.110000000000000000e+02	1.312096562973230539e+04
7.120000000000000000e+02	1.300053821303334007e+04
7.130000000000000000e+02	1.287656625520420130e+04
7.140000000000000000e+02	1.274917263256282968e+04
7.150000000000000000e+02	1.261848271514248881e+04
7.160000000000000000e+02	1.248462416191240845e+04
7.170000000000000000e+02	1.234772671395084762e+04
7.180000000000000000e+02	1.220792198603714132e+04
7.190000000000000000e+02	1.206534325712837745e+04
7.200000000000000000e+02	1.192012526018417702e+04
7.210000000000000000e+02	1.177240397179946194e+04
7.220000000000000000e+02	1.162231640210032674e+04
7.230000000000000000e+02	1.147000038535209569e+04
7.240000000000000000e+02	1.131559437172131402e+04
7.250000000000000000e+02	1.115923722062502202e+04
7.260000000000000000e+02	1.100106799609106383e+04
7.270000000000000000e+02	1.084122576454250338e+04
7.280000000000000000e+02	1.067984939540749474e+04
7.290000000000000000e+02	1.051707736494329583e+04
7.300000000000000000e+02	1.035304756364940113e+04
7.310000000000000000e+02	1.018789710763032599e+04
7.320000000000000000e+02	1.002176215425322698e+04
7.330000000000000000e+02	9.854777722429385904e+03
7.340000000000000000e+02	9.687077517831943624e+03
7.350000000000000000e+02	9.518793763344734543e+03
7.360000000000000000e+02	9.350057035019150135e+03
7.370000000000000000e+02	9.180996103797577234e+03
7.380000000000000000e+02	9.011737783242897422e+03
7.390000000000000000e+02	8.842406783494505362e+03
7.400000000000000000e+02	8.673125571651580685e+03
7.410000000000000000e+02	8.504014238764730180e+03
7.420000000000000000e+02	8.335190373597111829e+03
7.430000000000000000e+02	8.166768943296256111e+03
7.440000000000000000e+02	7.998862181097665598e+03
7.450000000000000000e+02	7.831579481161436888e+03
7.460000000000000000e+02	7.665027300623153678e+03
7.470000000000000000e+02	7.499309068920713798e+03
7.480000000000000000e+02	7.334525104439211646e+03
7.490000000000000000e+02	7.170772538496858033e+03
7.500000000000000000e+02	7.008145246676059287e+03
7.510000000000000000e+02	6.846733787485360153e+03
7.520000000000000000e+02	6.686625348319925251e+03
7.530000000000000000e+02	6.527903698670771519e+03
7.540000000000000000e+02	6.370649150515953806e+03
7.550000000000000000e+02	6.214938525810572173e+03
7.560000000000000000e+02	6.060845130976672408e+03
7.570000000000000000e+02	5.908438738279010067e+03
7.580000000000000000e+02	5.757785573958269197e+03
7.590000000000000000e+02	5.608948312979550792e+03
7.600000000000000000e+02	5.461986080241086711e+03
7.610000000000000000e+02	5.316954458075876573e+03
7.620000000000000000e+02	5.173905499867574690e+03
7.630000000000000000e+02	5.032887749591362081e+03
7.640000000000000000e+02	4.893946267080761572e+03
7.650000000000000000e+02	4.757122658812379996e+03
7.660000000000000000e+02	4.622455113992485167e+03
7.670000000000000000e+02	4.489978445721985736e+03
7.680000000000000000e+02	4.359724137010005506e+03
7.690000000000000000e+02	4.231720391400574954e+03
7.700000000000000000e+02	4.105992187972211468e+03
7.710000000000000000e+02	3.982561340466187175e+03
7.720000000000000000e+02	3.861446560296153621e+03
7.730000000000000000e+02	3.742663523189391526e+03
7.740000000000000000e+02	3.626224939208432261e+03
7.750000000000000000e+02	3.512140625900949544e+03
7.760000000000000000e+02	3.400417584325751704e+03
7.770000000000000000e+02	3.291060077703368734e+03
7.780000000000000000e+02	3.184069712441048068e+03
7.790000000000000000e+02	3.079445521283992548e+03
7.800000000000000000e+02	2.977184048347347016e+03
7.810000000000000000e+02	2.877279435786640079e+03
7.820000000000000000e+02	2.779723511868326113e+03
7.830000000000000000e+02	2.684505880206367692e+03
7.840000000000000000e+02	2.591614009935798549e+03
7.850000000000000000e+02	2.501033326599544580e+03
7.860000000000000000e+02	2.412747303530677527e+03
7.870000000000000000e+02	2.326737553518496497e+03
7.880000000000000000e+02	2.242983920553544067e+03
7.890000000000000000e+02	2.161464571453602275e+03
7.900000000000000000e+02	2.082156087180078885e+03
7.910000000000000000e+02	2.005033553661754695e+03
7.920000000000000000e+02	1.930070651950732554e+03
7.930000000000000000e+02	1.857239747543445219e+03
7.940000000000000000e+02	1.786511978707847675e+03
7.950000000000000000e+02	1.717857343666255247e+03
7.960000000000000000e+02	1.651244786491829700e+03
7.970000000000000000e+02	1.586642281585209730e+03
7.980000000000000000e+02	1.524016916606496352e+03
7.990000000000000000e+02	1.463334973746364085e+03
8.000000000000000000e+02	1.404562009228764964e+03
8.010000000000000000e+02	1.347662930946270762e+03
8.020000000000000000e+02	1.292602074137641694e+03
8.030000000000000000e+02	1.239343275025691582e+03
8.040000000000000000e+02	1.187849942341846827e+03
8.050000000000000000e+02	1.138085126672033311e+03
8.060000000000000000e+02	1.090011587566602657e+03
8.070000000000000000e+02	1.043591858364887685e+03
8.080000000000000000e+02	9.987883086927192835e+02
8.090000000000000000e+02	9.555632045987106267e+02
8.100000000000000000e+02	9.138787663024410222e+02
8.110000000000000000e+02	8.736972235346784146e+02
8.120000000000000000e+02	8.349808684566315833e+02
8.130000000000000000e+02	7.976921061517292628e+02
8.140000000000000000e+02	7.617935026897384887e+02
8.150000000000000000e+02	7.272478307690173551e+02
8.160000000000000000e+02	6.940181129484287794e+02
8.170000000000000000e+02	6.620676624858776904e+02
8.180000000000000000e+02	6.313601218055744084e+02
8.190000000000000000e+02	6.018594986209719764e+02
8.200000000000000000e+02	5.735301997448781322e+02
8.210000000000000000e+02	5.463370626224940452e+02
8.220000000000000000e+02	5.202453846270823306e+02
8.230000000000000000e+02	4.952209501616253533e+02
8.240000000000000000e+02	4.712300556131971234e+02
8.250000000000000000e+02	4.482395322098455495e+02
8.260000000000000000e+02	4.262167668325607224e+02
8.270000000000000000e+02	4.051297208374156185e+02
8.280000000000000000e+02	3.849469469451809118e+02
8.290000000000000000e+02	3.656376042576858936e+02
8.300000000000000000e+02	3.471714714618746598e+02
8.310000000000000000e+02	3.295189582839607283e+02
8.320000000000000000e+02	3.126511152572574019e+02
8.330000000000000000e+02	2.965396418682304329e+02
8.340000000000000000e+02	2.811568931460269596e+02
8.350000000000000000e+02	2.664758847612464479e+02
8.360000000000000000e+02	2.524702967000065996e+02
8.370000000000000000e+02	2.391144755794478556e+02
8.380000000000000000e+02	2.263834356707240545e+02
8.390000000000000000e+02	2.142528586952411729e+02
8.400000000000000000e+02	2.026990924594581145e+02
8.410000000000000000e+02	1.916991483929539015e+02
8.420000000000000000e+02	1.812306980537065044e+02
8.430000000000000000e+02	1.712720686636274081e+02
8.440000000000000000e+02	1.618022377363718363e+02
8.450000000000000000e+02	1.528008268582977394e+02
8.460000000000000000e+02	1.442480946821943348e+02
8.470000000000000000e+02	1.361249291920457836e+02
8.480000000000000000e+02	1.284128392956580171e+02
8.490000000000000000e+02	1.210939458004544633e+02
8.500000000000000000e+02	1.141509718261564643e+02
8.510000000000000000e+02	1.075672327064127956e+02
8.520000000000000000e+02	1.013266254297379021e+02
8.530000000000000000e+02	9.541361766837208336e+01
8.540000000000000000e+02	8.981323644189183142e+01
8.550000000000000000e+02	8.451105646058469745e+01
8.560000000000000000e+02	7.949318819177172202e+01
8.570000000000000000e+02	7.474626569041198820e+01
8.580000000000000000e+02	7.025743423346838767e+01
8.590000000000000000e+02	6.601433779565866189e+01
8.600000000000000000e+02	6.200510640236328896e+01
8.610000000000000000e+02	5.821834339362299460e+01
8.620000000000000000e+02	5.464311263133068763e+01
8.630000000000000000e+02	5.126892567992054239e+01
8.640000000000000000e+02	4.808572898907410575e+01
8.650000000000000000e+02	4.508389110521391530e+01
8.660000000000000000e+02	4.225418993683595659e+01
8.670000000000000000e+02	3.958780009704960179e+01
8.680000000000000000e+02	3.707628034504968184e+01
8.690000000000000000e+02	3.471156114664501757e+01
8.700000000000000000e+02	3.248593237240927323e+01
8.710000000000000000e+02	3.039203115050898774e+01
8.720000000000000000e+02	2.842282988980121416e+01
8.730000000000000000e+02	2.657162448738038307e+01
8.740000000000000000e+02	2.483202273339026789e+01
8.750000000000000000e+02	2.319793292460912326e+01
8.760000000000000000e+02	2.166355269705650244e+01
8.770000000000000000e+02	2.022335808666728241e+01
8.780000000000000000e+02	1.887209282592750981e+01
8.790000000000000000e+02	1.760475788326961322e+01
8.800000000000000000e+02	1.641660125098156087e+01
8.810000000000000000e+02	1.530310798639392367e+01
8.820000000000000000e+02	1.425999051017188002e+01
8.830000000000000000e+02	1.328317916465453230e+01
8.840000000000000000e+02	1.236881303434974910e+01
8.850000000000000000e+02	1.151323102991051428e+01
8.860000000000000000e+02	1.071296323618531154e+01
8.870000000000000000e+02	9.964722524250516855e+00
8.880000000000000000e+02	9.265396426695655663e+00
8.890000000000000000e+02	8.612039274841029268e+00
8.900000000000000000e+02	8.001864596020897835e+00
8.910000000000000000e+02	7.432237768562646174e+00
8.920000000000000000e+02	6.900668931630757896e+00
8.930000000000000000e+02	6.404806146684068224e+00
8.940000000000000000e+02	5.942428806912663397e+00
8.950000000000000000e+02	5.511441290676276417e+00
8.960000000000000000e+02	5.109866854657131974e+00
8.970000000000000000e+02	4.735841762165412305e+00
8.980000000000000000e+02	4.387609641793162929e+00
8.990000000000000000e+02	4.063516071401460650e+00
9.000000000000000000e+02	3.762003382243115368e+00
9.010000000000000000e+02	3.481605677869591187e+00
9.020000000000000000e+02	3.220944062342317338e+00
9.030000000000000000e+02	2.978722072165480128e+00
9.040000000000000000e+02	2.753721306277205461e+00
9.050000000000000000e+02	2.544797248377546062e+00
9.060000000000000000e+02	2.350875275833531397e+00
9.070000000000000000e+02	2.170946849382173305e+00
9.080000000000000000e+02	2.004065877850658151e+00
9.090000000000000000e+02	1.849345252127113648e+00
9.100000000000000000e+02	1.705953542644777166e+00
9.110000000000000000e+02	1.573111854685305566e+00
9.120000000000000000e+02	1.450090835862429373e+00
9.130000000000000000e+02	1.336207830213952841e+00
9.140000000000000000e+02	1.230824173407220723e+00
9.150000000000000000e+02	1.133342623649503444e+00
9.160000000000000000e+02	1.043204922989316552e+00
9.170000000000000000e+02	9.598894837965534776e-01
9.180000000000000000e+02	8.829091953176509966e-01
9.190000000000000000e+02	8.118093453158075068e-01
9.200000000000000000e+02	7.461656519249518782e-01
9.210000000000000000e+02	6.855824009688021858e-01
9.220000000000000000e+02	6.296906841222814633e-01
9.230000000000000000e+02	5.781467334212729847e-01
9.240000000000000000e+02	5.306303477572735794e-01
9.250000000000000000e+02	4.868434071257176088e-01
9.260000000000000000e+02	4.465084705297920897e-01
9.270000000000000000e+02	4.093674535751030685e-01
9.280000000000000000e+02	3.751803819240807636e-01
9.290000000000000000e+02	3.437242169121289548e-01
9.300000000000000000e+02	3.147917497598171632e-01
9.310000000000000000e+02	2.881905609465988949e-01
9.320000000000000000e+02	2.637420414412411929e-01
9.330000000000000000e+02	2.412804726121206556e-01
9.340000000000000000e+02	2.206521617665353485e-01
9.350000000000000000e+02	2.017146303919377659e-01
9.360000000000000000e+02	1.843358522933631893e-01
9.370000000000000000e+02	1.683935389400997851e-01
9.380000000000000000e+02	1.537744694506812115e-01
9.390000000000000000e+02	1.403738627584863730e-01
9.400000000000000000e+02	1.280947896104298600e-01
9.410000000000000000e+02	1.168476221584140023e-01
9.420000000000000000e+02	1.065495190072517917e-01
9.430000000000000000e+02	9.712394368365920294e-02
9.440000000000000000e+02	8.850021458858040035e-02
9.450000000000000000e+02	8.061308458955802891e-02
9.460000000000000000e+02	7.340234850106365505e-02
9.470000000000000000e+02	6.681247678867138773e-02
9.480000000000000000e+02	6.079227391770970768e-02
9.490000000000000000e+02	5.529455984857347545e-02
9.500000000000000000e+02	5.027587325926232559e-02
9.510000000000000000e+02	4.569619515097779472e-02
9.520000000000000000e+02	4.151869156478721345e-02
9.530000000000000000e+02	3.770947420652794729e-02
9.540000000000000000e+02	3.423737784332149536e-02
9.550000000000000000e+02	3.107375339836469449e-02
9.560000000000000000e+02	2.819227573113271962e-02
9.570000000000000000e+02	2.556876514783707616e-02
9.580000000000000000e+02	2.318102174200875609e-02
9.590000000000000000e+02	2.100867171749103840e-02
9.600000000000000000e+02	1.903302489602153036e-02
9.610000000000000000e+02	1.723694265902272690e-02
9.620000000000000000e+02	1.560471561829943413e-02
9.630000000000000000e+02	1.412195035313419320e-02
9.640000000000000000e+02	1.277546459186261474e-02
9.650000000000000000e+02	1.155319025448138352e-02
9.660000000000000000e+02	1.044408380927317088e-02
9.670000000000000000e+02	9.438043430907946604e-03
9.680000000000000000e+02	8.525832480073563049e-03
9.690000000000000000e+02	7.699008855486589795e-03
9.700000000000000000e+02	6.949859798206374333e-03
9.710000000000000000e+02	6.271341755603074622e-03
9.720000000000000000e+02	5.657024938184714892e-03
9.730000000000000000e+02	5.101042226842835391e-03
9.740000000000000000e+02	4.598042111001007098e-03
9.750000000000000000e+02	4.143145359714636537e-03
9.760000000000000000e+02	3.731905148039454164e-03
9.770000000000000000e+02	3.360270380025637531e-03
9.780000000000000000e+02	3.024551967565739224e-03
9.790000000000000000e+02	2.721391841088718726e-03
9.800000000000000000e+02	2.447734483806671395e-03
9.810000000000000000e+02	2.200800795941577556e-03
9.820000000000000000e+02	1.978064109140120850e-03
9.830000000000000000e+02	1.777228184177116321e-03
9.840000000000000000e+02	1.596207037101337505e-03
9.850000000000000000e+02	1.433106450239345119e-03
9.860000000000000000e+02	1.286207034988481228e-03
9.870000000000000000e+02	1.153948723142266247e-03
9.880000000000000000e+02	1.034916572642281991e-03
9.890000000000000000e+02	9.278277821783002029e-04
9.900000000000000000e+02	8.315198170015829964e-04
9.910000000000000000e+02	7.449395557096447681e-04
9.920000000000000000e+02	6.671333746386525496e-04
9.930000000000000000e+02	5.972380928938917331e-04
9.940000000000000000e+02	5.344727069899699598e-04
9.950000000000000000e+02	4.781308495892774607e-04
9.960000000000000000e+02	4.275739119471297844e-04
9.970000000000000000e+02	3.822247744206175497e-04
9.980000000000000000e+02	3.415620937999708901e-04
9.990000000000000000e+02	3.051151002990326513e-04
1.000000000000000000e+03	2.724588608170068677e-04
