4.410000000000000000e+02	3.680031782261753506e+02
4.420000000000000000e+02	3.843776918961035562e+02
4.430000000000000000e+02	4.014004260615235467e+02
4.440000000000000000e+02	4.190931216013908625e+02
4.450000000000000000e+02	4.374780687214698105e+02
4.460000000000000000e+02	4.565781129267662664e+02
4.470000000000000000e+02	4.764166606886555542e+02
4.480000000000000000e+02	4.970176847863469902e+02
4.490000000000000000e+02	5.184057293019205872e+02
4.500000000000000000e+02	5.406059142477578234e+02
4.510000000000000000e+02	5.636439398047873510e+02
4.520000000000000000e+02	5.875460901496087445e+02
4.530000000000000000e+02	6.123392368481959238e+02
4.540000000000000000e+02	6.380508417935388934e+02
4.550000000000000000e+02	6.647089596643033929e+02
4.560000000000000000e+02	6.923422398812624579e+02
4.570000000000000000e+02	7.209799280380265145e+02
4.580000000000000000e+02	7.506518667823595479e+02
4.590000000000000000e+02	7.813884961241506062e+02
4.600000000000000000e+02	8.132208531459666574e+02
4.610000000000000000e+02	8.461805710919383046e+02
4.620000000000000000e+02	8.802998778106572217e+02
4.630000000000000000e+02	9.156115935276769733e+02
4.640000000000000000e+02	9.521491279231682938e+02
4.650000000000000000e+02	9.899464764903111700e+02
4.660000000000000000e+02	1.029038216150014478e+03
4.670000000000000000e+02	1.069459500097683531e+03
4.680000000000000000e+02	1.111246051857845941e+03
4.690000000000000000e+02	1.154434158522649341e+03
4.700000000000000000e+02	1.199060663150451774e+03
4.710000000000000000e+02	1.245162956300996939e+03
4.720000000000000000e+02	1.292778966683986482e+03
4.730000000000000000e+02	1.341947150898224663e+03
4.740000000000000000e+02	1.392706482238925219e+03
4.750000000000000000e+02	1.445096438551271604e+03
4.760000000000000000e+02	1.499156989108801326e+03
4.770000000000000000e+02	1.554928580495931556e+03
4.780000000000000000e+02	1.612452121475197373e+03
4.790000000000000000e+02	1.671768966825262396e+03
4.800000000000000000e+02	1.732920900167097216e+03
4.810000000000000000e+02	1.795950115979617067e+03
4.820000000000000000e+02	1.860899202025884051e+03
4.830000000000000000e+02	1.927811128674591828e+03
4.840000000000000000e+02	1.996729276806243661e+03
4.850000000000000000e+02	2.067697647745534141e+03
4.860000000000000000e+02	2.140761856596755024e+03
4.870000000000000000e+02	2.215973240864499076e+03
4.880000000000000000e+02	2.293404430377905555e+03
4.890000000000000000e+02	2.373203879364857585e+03
4.900000000000000000e+02	2.455772511177352044e+03
4.910000000000000000e+02	2.542292156471935414e+03
4.920000000000000000e+02	2.636181877481982156e+03
4.930000000000000000e+02	2.746782784568404622e+03
4.940000000000000000e+02	2.897878249213571962e+03
4.950000000000000000e+02	3.145579643468197901e+03
4.960000000000000000e+02	3.612079061214255034e+03
4.970000000000000000e+02	4.542000991185706880e+03
4.980000000000000000e+02	6.383226851435289063e+03
4.990000000000000000e+02	9.880125712152286724e+03
5.000000000000000000e+02	1.614265178986976207e+04
5.010000000000000000e+02	2.662603666222060565e+04
5.020000000000000000e+02	4.294071276140359259e+04
5.030000000000000000e+02	6.643673978400755732e+04
5.040000000000000000e+02	9.759014739863807335e+04
5.050000000000000000e+02	1.353482822016027058e+05
5.060000000000000000e+02	1.767101744330227957e+05
5.070000000000000000e+02	2.168394288865352282e+05
5.080000000000000000e+02	2.498672165823452233e+05
5.090000000000000000e+02	2.702616796384721529e+05
5.100000000000000000e+02	2.743415256162542501e+05
5.110000000000000000e+02	2.613678895996030478e+05
5.120000000000000000e+02	2.337703035046485602e+05
5.130000000000000000e+02	1.964120143354986794e+05
5.140000000000000000e+02	1.551993475074399903e+05
5.150000000000000000e+02	1.155800636850231385e+05
5.160000000000000000e+02	8.144710006642249937e+04
5.170000000000000000e+02	5.471580719873371709e+04
5.180000000000000000e+02	3.553318363374930777e+04
5.190000000000000000e+02	2.286411510306115451e+04
5.200000000000000000e+02	1.515156709008771941e+04
5.210000000000000000e+02	1.083307623996345865e+04
5.220000000000000000e+02	8.630358046010422186e+03
5.230000000000000000e+02	7.637347314730982362e+03
5.240000000000000000e+02	7.282281508927825598e+03
5.250000000000000000e+02	7.239170694899819864e+03
5.260000000000000000e+02	7.338567266709247633e+03
5.270000000000000000e+02	7.499694412259451383e+03
5.280000000000000000e+02	7.687092306769578499e+03
5.290000000000000000e+02	7.886385821295231835e+03
5.300000000000000000e+02	8.092184402782679172e+03
5.310000000000000000e+02	8.302618370208479973e+03
5.320000000000000000e+02	8.517090402235060537e+03
5.330000000000000000e+02	8.735427576209331164e+03
5.340000000000000000e+02	8.957587153275091623e+03
5.350000000000000000e+02	9.183562358907884118e+03
5.360000000000000000e+02	9.413354448929034334e+03
5.370000000000000000e+02	9.646965005613941685e+03
5.380000000000000000e+02	9.884393934535100925e+03
5.390000000000000000e+02	1.012563894816656648e+04
5.400000000000000000e+02	1.037069540942374078e+04
5.410000000000000000e+02	1.061955625673794930e+04
5.420000000000000000e+02	1.087221194703981382e+04
5.430000000000000000e+02	1.112865040322618370e+04
5.440000000000000000e+02	1.138885696354093852e+04
5.450000000000000000e+02	1.165281433247542009e+04
5.460000000000000000e+02	1.192050253319852891e+04
5.470000000000000000e+02	1.219189886159669550e+04
5.480000000000000000e+02	1.246697784201471040e+04
5.490000000000000000e+02	1.274571118479010875e+04
5.500000000000000000e+02	1.302806774567337561e+04
5.510000000000000000e+02	1.331401348722588773e+04
5.520000000000000000e+02	1.360351144228660633e+04
5.530000000000000000e+02	1.389652167959777034e+04
5.540000000000000000e+02	1.419300127167862775e+04
5.550000000000000000e+02	1.449290426503520030e+04
5.560000000000000000e+02	1.479618165279242021e+04
5.570000000000000000e+02	1.510278134983363452e+04
5.580000000000000000e+02	1.541264817053059596e+04
5.590000000000000000e+02	1.572572380914513087e+04
5.600000000000000000e+02	1.604194682298167209e+04
5.610000000000000000e+02	1.636125261836752543e+04
5.620000000000000000e+02	1.668357343953525924e+04
5.630000000000000000e+02	1.700883836047912700e+04
5.640000000000000000e+02	1.733697327985456286e+04
5.650000000000000000e+02	1.766790091898682658e+04
5.660000000000000000e+02	1.800154082305191696e+04
5.670000000000000000e+02	1.833780936548946556e+04
5.680000000000000000e+02	1.867661975570392678e+04
5.690000000000000000e+02	1.901788205010683669e+04
5.700000000000000000e+02	1.936150316654920243e+04
5.710000000000000000e+02	1.970738690218908232e+04
5.720000000000000000e+02	2.005543395483550921e+04
5.730000000000000000e+02	2.040554194780570469e+04
5.740000000000000000e+02	2.075760545832820935e+04
5.750000000000000000e+02	2.111151604952009075e+04
5.760000000000000000e+02	2.146716230596197784e+04
5.770000000000000000e+02	2.182442987288977747e+04
5.780000000000000000e+02	2.218320149901737022e+04
5.790000000000000000e+02	2.254335708299948965e+04
5.800000000000000000e+02	2.290477372353916508e+04
5.810000000000000000e+02	2.326732577313894217e+04
5.820000000000000000e+02	2.363088489548991129e+04
5.830000000000000000e+02	2.399532012648746968e+04
5.840000000000000000e+02	2.436049793885728286e+04
5.850000000000000000e+02	2.472628231036966827e+04
5.860000000000000000e+02	2.509253479561515633e+04
5.870000000000000000e+02	2.545911460130860723e+04
5.880000000000000000e+02	2.582587866508364823e+04
5.890000000000000000e+02	2.619268173773398303e+04
5.900000000000000000e+02	2.655937646885212962e+04
5.910000000000000000e+02	2.692581349581127870e+04
5.920000000000000000e+02	2.729184153602983133e+04
5.930000000000000000e+02	2.765730748245321956e+04
5.940000000000000000e+02	2.802205650218170558e+04
5.950000000000000000e+02	2.838593213816787465e+04
5.960000000000000000e+02	2.874877641390182544e+04
5.970000000000000000e+02	2.911042994099697535e+04
5.980000000000000000e+02	2.947073202958403999e+04
5.990000000000000000e+02	2.982952080141570332e+04
6.000000000000000000e+02	3.018663330557935114e+04
6.010000000000000000e+02	3.054190563671032214e+04
6.020000000000000000e+02	3.089517305559327360e+04
6.030000000000000000e+02	3.124627011203454822e+04
6.040000000000000000e+02	3.159503076988384055e+04
6.050000000000000000e+02	3.194128853407893985e+04
6.060000000000000000e+02	3.228487657958321506e+04
6.070000000000000000e+02	3.262562788208109851e+04
6.080000000000000000e+02	3.296337535029315040e+04
6.090000000000000000e+02	3.329795195976820105e+04
6.100000000000000000e+02	3.362919088800685859e+04
6.110000000000000000e+02	3.395692565076670871e+04
6.120000000000000000e+02	3.428099023939705512e+04
6.130000000000000000e+02	3.460121925904734962e+04
6.140000000000000000e+02	3.491744806759120547e+04
6.150000000000000000e+02	3.522951291510515875e+04
6.160000000000000000e+02	3.553725108373901458e+04
6.170000000000000000e+02	3.584050102781261376e+04
6.180000000000000000e+02	3.613910251397213142e+04
6.190000000000000000e+02	3.643289676123719255e+04
6.200000000000000000e+02	3.672172658076912194e+04
6.210000000000000000e+02	3.700543651518932893e+04
6.220000000000000000e+02	3.728387297727625264e+04
6.230000000000000000e+02	3.755688438786866755e+04
6.240000000000000000e+02	3.782432131280290196e+04
6.250000000000000000e+02	3.808603659871175478e+04
6.260000000000000000e+02	3.834188550751296862e+04
6.270000000000000000e+02	3.859172584941584500e+04
6.280000000000000000e+02	3.883541811427556968e+04
6.290000000000000000e+02	3.907282560112562351e+04
6.300000000000000000e+02	3.930381454572067014e+04
6.310000000000000000e+02	3.952825424592335185e+04
6.320000000000000000e+02	3.974601718477099348e+04
6.330000000000000000e+02	3.995697915106020082e+04
6.340000000000000000e+02	4.016101935728987155e+04
6.350000000000000000e+02	4.035802055480617128e+04
6.360000000000000000e+02	4.054786914599578449e+04
6.370000000000000000e+02	4.073045529337746848e+04
6.380000000000000000e+02	4.090567302544523409e+04
6.390000000000000000e+02	4.107342033912046463e+04
6.400000000000000000e+02	4.123359929867447499e+04
6.410000000000000000e+02	4.138611613098710950e+04
6.420000000000000000e+02	4.153088131701188831e+04
6.430000000000000000e+02	4.166780967932275234e+04
6.440000000000000000e+02	4.179682046562249889e+04
6.450000000000000000e+02	4.191783742809852265e+04
6.460000000000000000e+02	4.203078889851649728e+04
6.470000000000000000e+02	4.213560785894862056e+04
6.480000000000000000e+02	4.223223200803862710e+04
6.490000000000000000e+02	4.232060382271188428e+04
6.500000000000000000e+02	4.240067061524504243e+04
6.510000000000000000e+02	4.247238458561590960e+04
6.520000000000000000e+02	4.253570286906077672e+04
6.530000000000000000e+02	4.259058757877298194e+04
6.540000000000000000e+02	4.263700584368308773e+04
6.550000000000000000e+02	4.267492984126805095e+04
6.560000000000000000e+02	4.270433682534342370e+04
6.570000000000000000e+02	4.272520914879980410e+04
6.580000000000000000e+02	4.273753428125166829e+04
6.590000000000000000e+02	4.274130482157394727e+04
6.600000000000000000e+02	4.273651850530866068e+04
6.610000000000000000e+02	4.272317820693141402e+04
6.620000000000000000e+02	4.270129193697438313e+04
6.630000000000000000e+02	4.267087283400997694e+04
6.640000000000000000e+02	4.263193915150632529e+04
6.650000000000000000e+02	4.258451423957302904e+04
6.660000000000000000e+02	4.252862652162272570e+04
6.670000000000000000e+02	4.246430946598110313e+04
6.680000000000000000e+02	4.239160155248508090e+04
6.690000000000000000e+02	4.231054623411585635e+04
6.700000000000000000e+02	4.222119189372030087e+04
6.710000000000000000e+02	4.212359179588104598e+04
6.720000000000000000e+02	4.201780403400243085e+04
6.730000000000000000e+02	4.190389147268562374e+04
6.740000000000000000e+02	4.178192168547325855e+04
6.750000000000000000e+02	4.165196688804959558e+04
6.760000000000000000e+02	4.151410386698885122e+04
6.770000000000000000e+02	4.136841390414997295e+04
6.780000000000000000e+02	4.121498269682216778e+04
6.790000000000000000e+02	4.105390027373087651e+04
6.800000000000000000e+02	4.088526090701955400e+04
6.810000000000000000e+02	4.070916302032751264e+04
6.820000000000000000e+02	4.052570909308950650e+04
6.830000000000000000e+02	4.033500556118704844e+04
6.840000000000000000e+02	4.013716271408638568e+04
6.850000000000000000e+02	3.993229458860213344e+04
6.860000000000000000e+02	3.972051885942980880e+04
6.870000000000000000e+02	3.950195672659419506e+04
6.880000000000000000e+02	3.927673279996412020e+04
6.890000000000000000e+02	3.904497498098761571e+04
6.900000000000000000e+02	3.880681434180423821e+04
6.910000000000000000e+02	3.856238500189445767e+04
6.920000000000000000e+02	3.831182400242820586e+04
6.930000000000000000e+02	3.805527117847715272e+04
6.940000000000000000e+02	3.779286902925711183e+04
6.950000000000000000e+02	3.752476258656873688e+04
6.960000000000000000e+02	3.725109928160600975e+04
6.970000000000000000e+02	3.697202881030321441e+04
6.980000000000000000e+02	3.668770299739194888e+04
6.990000000000000000e+02	3.639827565934008453e+04
7.000000000000000000e+02	3.610390246634532377e+04
7.010000000000000000e+02	3.580474080355543992e+04
7.020000000000000000e+02	3.550094963168750110e+04
7.030000000000000000e+02	3.519268934721766709e+04
7.040000000000000000e+02	3.488012164231215138e+04
7.050000000000000000e+02	3.456340936466927815e+04
7.060000000000000000e+02	3.424271637744086911e+04
7.070000000000000000e+02	3.391820741939976870e+04
7.080000000000000000e+02	3.359004796551846084e+04
7.090000000000000000e+02	3.325840408812166424e+04
7.100000000000000000e+02	3.292344231877331185e+04
7.110000000000000000e+02	3.258532951105608299e+04
7.120000000000000000e+02	3.224423270439843691e+04
7.130000000000000000e+02	3.190031898910151358e+04
7.140000000000000000e+02	3.155375537271471330e+04
7.150000000000000000e+02	3.120470864790554697e+04
7.160000000000000000e+02	3.085334526196568186e+04
7.170000000000000000e+02	3.049983118809119333e+04
7.180000000000000000e+02	3.014433179857124924e+04
7.190000000000000000e+02	2.978701174001507388e+04
7.200000000000000000e+02	2.942803481074290903e+04
7.210000000000000000e+02	2.906756384046211315e+04
7.220000000000000000e+02	2.870576057234499967e+04
7.230000000000000000e+02	2.834278554762014028e+04
7.240000000000000000e+02	2.797879799278426799e+04
7.250000000000000000e+02	2.761395570953665811e+04
7.260000000000000000e+02	2.724841496753291358e+04
7.270000000000000000e+02	2.688233040005002113e+04
7.280000000000000000e+02	2.651585490264911277e+04
7.290000000000000000e+02	2.614913953491720167e+04
7.300000000000000000e+02	2.578233342536374766e+04
7.310000000000000000e+02	2.541558367954243658e+04
7.320000000000000000e+02	2.504903529146321671e+04
7.330000000000000000e+02	2.468283105835407696e+04
7.340000000000000000e+02	2.431711149882651443e+04
7.350000000000000000e+02	2.395201477449325102e+04
7.360000000000000000e+02	2.358767661508113815e+04
7.370000000000000000e+02	2.322423024707674267e+04
7.380000000000000000e+02	2.286180632593664632e+04
7.390000000000000000e+02	2.250053287188904505e+04
7.400000000000000000e+02	2.214053520934775952e+04
7.410000000000000000e+02	2.178193590995459454e+04
7.420000000000000000e+02	2.142485473926048508e+04
7.430000000000000000e+02	2.106940860705078740e+04
7.440000000000000000e+02	2.071571152131482449e+04
7.450000000000000000e+02	2.036387454585487649e+04
7.460000000000000000e+02	2.001400576152461872e+04
7.470000000000000000e+02	1.966621023108232112e+04
7.480000000000000000e+02	1.932058996763921095e+04
7.490000000000000000e+02	1.897724390667891203e+04
7.500000000000000000e+02	1.863626788161907461e+04
7.510000000000000000e+02	1.829775460288217801e+04
7.520000000000000000e+02	1.796179364043795067e+04
7.530000000000000000e+02	1.762847140977593517e+04
7.540000000000000000e+02	1.729787116126246110e+04
7.550000000000000000e+02	1.697007297283265507e+04
7.560000000000000000e+02	1.664515374596427137e+04
7.570000000000000000e+02	1.632318720487655628e+04
7.580000000000000000e+02	1.600424389889404665e+04
7.590000000000000000e+02	1.568839120791186542e+04
7.600000000000000000e+02	1.537569335089603737e+04
7.610000000000000000e+02	1.506621139734941971e+04
7.620000000000000000e+02	1.476000328167107909e+04
7.630000000000000000e+02	1.445712382033439098e+04
7.640000000000000000e+02	1.415762473180672896e+04
7.650000000000000000e+02	1.386155465913128501e+04
7.660000000000000000e+02	1.356895919508961015e+04
7.670000000000000000e+02	1.327988090986153293e+04
7.680000000000000000e+02	1.299435938109725612e+04
7.690000000000000000e+02	1.271243122631514052e+04
7.700000000000000000e+02	1.243413013753697487e+04
7.710000000000000000e+02	1.215948691807163050e+04
7.720000000000000000e+02	1.188852952135669875e+04
7.730000000000000000e+02	1.162128309176694893e+04
7.740000000000000000e+02	1.135777000729770589e+04
7.750000000000000000e+02	1.109800992403073724e+04
7.760000000000000000e+02	1.084201982228962879e+04
7.770000000000000000e+02	1.058981405439175251e+04
7.780000000000000000e+02	1.034140439390341635e+04
7.790000000000000000e+02	1.009680008630521115e+04
7.800000000000000000e+02	9.856007900974536824e+03
7.810000000000000000e+02	9.619032184392728595e+03
7.820000000000000000e+02	9.385874914484678811e+03
7.830000000000000000e+02	9.156535755999504545e+03
7.840000000000000000e+02	8.931012116841448005e+03
7.850000000000000000e+02	8.709299205261231691e+03
7.860000000000000000e+02	8.491390087818917891e+03
7.870000000000000000e+02	8.277275748030608156e+03
7.880000000000000000e+02	8.066945145612361557e+03
7.890000000000000000e+02	7.860385276236228492e+03
7.900000000000000000e+02	7.657581231714505520e+03
7.910000000000000000e+02	7.458516260530112049e+03
7.920000000000000000e+02	7.263171828632338475e+03
7.930000000000000000e+02	7.071527680419156241e+03
7.940000000000000000e+02	6.883561899828852802e+03
7.950000000000000000e+02	6.699250971465825387e+03
7.960000000000000000e+02	6.518569841687103690e+03
7.970000000000000000e+02	6.341491979578307109e+03
7.980000000000000000e+02	6.167989437749759418e+03
7.990000000000000000e+02	5.998032912885527367e+03
8.000000000000000000e+02	5.831591805980448044e+03
8.010000000000000000e+02	5.668634282202223403e+03
8.020000000000000000e+02	5.509127330318144232e+03
8.030000000000000000e+02	5.353036821628005782e+03
8.040000000000000000e+02	5.200327568347350280e+03
8.050000000000000000e+02	5.050963381387302434e+03
8.060000000000000000e+02	4.904907127479677911e+03
8.070000000000000000e+02	4.762120785598493967e+03
8.080000000000000000e+02	4.622565502631214258e+03
8.090000000000000000e+02	4.486201648255574582e+03
8.100000000000000000e+02	4.352988868980185543e+03
8.110000000000000000e+02	4.222886141309428240e+03
8.120000000000000000e+02	4.095851823995585164e+03
8.130000000000000000e+02	3.971843709343510000e+03
8.140000000000000000e+02	3.850819073535416010e+03
8.150000000000000000e+02	3.732734725945773789e+03
8.160000000000000000e+02	3.617547057418540135e+03
8.170000000000000000e+02	3.505212087481234448e+03
8.180000000000000000e+02	3.395685510472660553e+03
8.190000000000000000e+02	3.288922740563214120e+03
8.200000000000000000e+02	3.184878955648969622e+03
8.210000000000000000e+02	3.083509140102824404e+03
8.220000000000000000e+02	2.984768126368102003e+03
8.230000000000000000e+02	2.888610635382075998e+03
8.240000000000000000e+02	2.794991315818870589e+03
8.250000000000000000e+02	2.703864782143179127e+03
8.260000000000000000e+02	2.615185651468131709e+03
8.270000000000000000e+02	2.528908579212535187e+03
8.280000000000000000e+02	2.444988293554490610e+03
8.290000000000000000e+02	2.363379628680165752e+03
8.300000000000000000e+02	2.284037556828211109e+03
8.310000000000000000e+02	2.206917219131910770e+03
8.320000000000000000e+02	2.131973955262810250e+03
8.330000000000000000e+02	2.059163331881004069e+03
8.340000000000000000e+02	1.988441169898839462e+03
8.350000000000000000e+02	1.919763570566091403e+03
8.360000000000000000e+02	1.853086940386095648e+03
8.370000000000000000e+02	1.788368014873567745e+03
8.380000000000000000e+02	1.725563881166066494e+03
8.390000000000000000e+02	1.664631999502245662e+03
8.400000000000000000e+02	1.605530223581113660e+03
8.410000000000000000e+02	1.548216819817573878e+03
8.420000000000000000e+02	1.492650485510509270e+03
8.430000000000000000e+02	1.438790365940578113e+03
8.440000000000000000e+02	1.386596070415761233e+03
8.450000000000000000e+02	1.336027687283503838e+03
8.460000000000000000e+02	1.287045797929018136e+03
8.470000000000000000e+02	1.239611489780048487e+03
8.480000000000000000e+02	1.193686368338953116e+03
8.490000000000000000e+02	1.149232568263626945e+03
8.500000000000000000e+02	1.106212763519201417e+03
8.510000000000000000e+02	1.064590176623027446e+03
8.520000000000000000e+02	1.024328587005776399e+03
8.530000000000000000e+02	9.853923385119037448e+02
8.540000000000000000e+02	9.477463460630198142e+02
8.550000000000000000e+02	9.113561015079611707e+02
8.560000000000000000e+02	8.761876786835940720e+02
8.570000000000000000e+02	8.422077377105313190e+02
8.580000000000000000e+02	8.093835285480784023e+02
8.590000000000000000e+02	7.776828938328108052e+02
8.600000000000000000e+02	7.470742710252084180e+02
8.610000000000000000e+02	7.175266938887962169e+02
8.620000000000000000e+02	6.890097933261826029e+02
8.630000000000000000e+02	6.614937975963212011e+02
8.640000000000000000e+02	6.349495319372182394e+02
8.650000000000000000e+02	6.093484176181426619e+02
8.660000000000000000e+02	5.846624704452551669e+02
8.670000000000000000e+02	5.608642987443267884e+02
8.680000000000000000e+02	5.379271008440100559e+02
8.690000000000000000e+02	5.158246620828606410e+02
8.700000000000000000e+02	4.945313513630028979e+02
8.710000000000000000e+02	4.740221172730419426e+02
8.720000000000000000e+02	4.542724838024724363e+02
8.730000000000000000e+02	4.352585456694868071e+02
8.740000000000000000e+02	4.169569632837157656e+02
8.750000000000000000e+02	3.993449573650186721e+02
8.760000000000000000e+02	3.824003032390618841e+02
8.770000000000000000e+02	3.661013248299652219e+02
8.780000000000000000e+02	3.504268883698817945e+02
8.790000000000000000e+02	3.353563958449116740e+02
8.800000000000000000e+02	3.208697781962859494e+02
8.810000000000000000e+02	3.069474882952947041e+02
8.820000000000000000e+02	2.935704937099335439e+02
8.830000000000000000e+02	2.807202692807713902e+02
8.840000000000000000e+02	2.683787895230333334e+02
8.850000000000000000e+02	2.565285208713973475e+02
8.860000000000000000e+02	2.451524137835011459e+02
8.870000000000000000e+02	2.342338947176357067e+02
8.880000000000000000e+02	2.237568579996109861e+02
8.890000000000000000e+02	2.137056575932501516e+02
8.900000000000000000e+02	2.040650987884683616e+02
8.910000000000000000e+02	1.948204298203827136e+02
8.920000000000000000e+02	1.859573334323835354e+02
8.930000000000000000e+02	1.774619183956015434e+02
8.940000000000000000e+02	1.693207109966974429e+02
8.950000000000000000e+02	1.615206465054028513e+02
8.960000000000000000e+02	1.540490606327510648e+02
8.970000000000000000e+02	1.468936809904442669e+02
8.980000000000000000e+02	1.400426185613261509e+02
8.990000000000000000e+02	1.334843591904501068e+02
9.000000000000000000e+02	1.272077551057660827e+02
9.010000000000000000e+02	1.212020164769922843e+02
9.020000000000000000e+02	1.154567030207773826e+02
9.030000000000000000e+02	1.099617156598250318e+02
9.040000000000000000e+02	1.047072882432091490e+02
9.050000000000000000e+02	9.968397933468692429e+01
9.060000000000000000e+02	9.488266407540028524e+01
9.070000000000000000e+02	9.029452612694706204e+01
9.080000000000000000e+02	8.591104970041179456e+01
9.090000000000000000e+02	8.172401167655435472e+01
9.100000000000000000e+02	7.772547382198307275e+01
9.110000000000000000e+02	7.390777510577323994e+01
9.120000000000000000e+02	7.026352412063604902e+01
9.130000000000000000e+02	6.678559161240177389e+01
9.140000000000000000e+02	6.346710312124660902e+01
9.150000000000000000e+02	6.030143173777305066e+01
9.160000000000000000e+02	5.728219097674152493e+01
9.170000000000000000e+02	5.440322777095202156e+01
9.180000000000000000e+02	5.165861558748706983e+01
9.190000000000000000e+02	4.904264766824805122e+01
9.200000000000000000e+02	4.654983039645075849e+01
9.210000000000000000e+02	4.417487679049138904e+01
9.220000000000000000e+02	4.191270012634750941e+01
9.230000000000000000e+02	3.975840768944408410e+01
9.240000000000000000e+02	3.770729465669130320e+01
9.250000000000000000e+02	3.575483810918738214e+01
9.260000000000000000e+02	3.389669117587366287e+01
9.270000000000000000e+02	3.212867730823911216e+01
9.280000000000000000e+02	3.044678468598458210e+01
9.290000000000000000e+02	2.884716075338539198e+01
9.300000000000000000e+02	2.732610688592357917e+01
9.310000000000000000e+02	2.588007318660896061e+01
9.320000000000000000e+02	2.450565341125911445e+01
9.330000000000000000e+02	2.319958002187161128e+01
9.340000000000000000e+02	2.195871936709406214e+01
9.350000000000000000e+02	2.078006698867526936e+01
9.360000000000000000e+02	1.966074305266960565e+01
9.370000000000000000e+02	1.859798790406124525e+01
9.380000000000000000e+02	1.758915774337917526e+01
9.390000000000000000e+02	1.663172042378360516e+01
9.400000000000000000e+02	1.572325136702204773e+01
9.410000000000000000e+02	1.486142959657913387e+01
9.420000000000000000e+02	1.404403388627440030e+01
9.430000000000000000e+02	1.326893902250065160e+01
9.440000000000000000e+02	1.253411217823982327e+01
9.450000000000000000e+02	1.183760939694281689e+01
9.460000000000000000e+02	1.117757218431576050e+01
9.470000000000000000e+02	1.055222420601630162e+01
9.480000000000000000e+02	9.959868089230255350e+00
9.490000000000000000e+02	9.398882326070182813e+00
9.500000000000000000e+02	8.867718276713720371e+00
9.510000000000000000e+02	8.364897270180748023e+00
9.520000000000000000e+02	7.889007800633468293e+00
9.530000000000000000e+02	7.438702817072396556e+00
9.540000000000000000e+02	7.012697104295525286e+00
9.550000000000000000e+02	6.609764752983632086e+00
9.560000000000000000e+02	6.228736716776309912e+00
9.570000000000000000e+02	5.868498454206049431e+00
9.580000000000000000e+02	5.527987653365309839e+00
9.590000000000000000e+02	5.206192037190893629e+00
9.600000000000000000e+02	4.902147247262316654e+00
9.610000000000000000e+02	4.614934804026303183e+00
9.620000000000000000e+02	4.343680141376499826e+00
9.630000000000000000e+02	4.087550713537484448e+00
9.640000000000000000e+02	3.845754172223428746e+00
9.650000000000000000e+02	3.617536612065630486e+00
9.660000000000000000e+02	3.402180882328319278e+00
9.670000000000000000e+02	3.199004962958701181e+00
9.680000000000000000e+02	3.007360403046029251e+00
9.690000000000000000e+02	2.826630819793734428e+00
9.700000000000000000e+02	2.656230456139388352e+00
9.710000000000000000e+02	2.495602795189534540e+00
9.720000000000000000e+02	2.344219229668746518e+00
9.730000000000000000e+02	2.201577784616207012e+00
9.740000000000000000e+02	2.067201891597264751e+00
9.750000000000000000e+02	1.940639212732486296e+00
9.760000000000000000e+02	1.821460512882110194e+00
9.770000000000000000e+02	1.709258578359656333e+00
9.780000000000000000e+02	1.603647180584852006e+00
9.790000000000000000e+02	1.504260083122221925e+00
9.800000000000000000e+02	1.410750090588591910e+00
9.810000000000000000e+02	1.322788137949319820e+00
9.820000000000000000e+02	1.240062418759897200e+00
9.830000000000000000e+02	1.162277550946296589e+00
9.840000000000000000e+02	1.089153778754025526e+00
9.850000000000000000e+02	1.020426209532325101e+00
9.860000000000000000e+02	9.558440840562381080e-01
9.870000000000000000e+02	8.951700791251809841e-01
9.880000000000000000e+02	8.381796412124283835e-01
9.890000000000000000e+02	7.846603499751766408e-01
9.900000000000000000e+02	7.344113104698181127e-01
9.910000000000000000e+02	6.872425729515869719e-01
9.920000000000000000e+02	6.429745791717457193e-01
9.930000000000000000e+02	6.014376341190970088e-01
9.940000000000000000e+02	5.624714021855921064e-01
9.950000000000000000e+02	5.259244267683679253e-01
9.960000000000000000e+02	4.916536723524463359e-01
9.970000000000000000e+02	4.595240881496854835e-01
9.980000000000000000e+02	4.294081924003718131e-01
9.990000000000000000e+02	4.011856764739260561e-01
1.000000000000000000e+03	3.747430279347700455e-01
