  440.0000	               69
  441.0000	               74
  442.0000	               83
  443.0000	               76
  444.0000	               91
  445.0000	               95
  446.0000	               92
  447.0000	               92
  448.0000	               81
  449.0000	              111
  450.0000	              104
  451.0000	              104
  452.0000	              123
  453.0000	              160
  454.0000	              131
  455.0000	              155
  456.0000	              147
  457.0000	              138
  458.0000	              145
  459.0000	              120
  460.0000	              128
  461.0000	              120
  462.0000	              134
  463.0000	              145
  464.0000	              117
  465.0000	              126
  466.0000	              116
  467.0000	              128
  468.0000	              162
  469.0000	              164
  470.0000	              149
  471.0000	              193
  472.0000	              233
  473.0000	              235
  474.0000	              278
  475.0000	              300
  476.0000	              371
  477.0000	              426
  478.0000	              481
  479.0000	              537
  480.0000	              615
  481.0000	              731
  482.0000	              759
  483.0000	              917
  484.0000	             1152
  485.0000	             1185
  486.0000	             1406
  487.0000	             1611
  488.0000	             1722
  489.0000	             1944
  490.0000	             2265
  491.0000	             2415
  492.0000	             2969
  493.0000	             3546
  494.0000	             4025
  495.0000	             4828
  496.0000	             5870
  497.0000	             7143
  498.0000	             8911
  499.0000	            10658
  500.0000	            13410
  501.0000	            16625
  502.0000	            21161
  503.0000	            27389
  504.0000	            35699
  505.0000	            47537
  506.0000	            63004
  507.0000	            82789
  508.0000	           107886
  509.0000	           133968
  510.0000	           176014
  511.0000	           171091
  512.0000	           164798
  513.0000	           210046
  514.0000	           129888
  515.0000	            95448
  516.0000	            59395
  517.0000	            43186
  518.0000	            32597
  519.0000	            25411
  520.0000	            19934
  521.0000	            16557
  522.0000	            13539
  523.0000	            11229
  524.0000	             9531
  525.0000	             7842
  526.0000	             6805
  527.0000	             5776
  528.0000	             5004
  529.0000	             4473
  530.0000	             3951
  531.0000	             3747
  532.0000	             3476
  533.0000	             3141
  534.0000	             3022
  535.0000	             2841
  536.0000	             2737
  537.0000	             2692
  538.0000	             2625
  539.0000	             2771
  540.0000	             2622
  541.0000	             2675
  542.0000	             2703
  543.0000	             2738
  544.0000	             2653
  545.0000	             2692
  546.0000	             2582
  547.0000	             2894
  548.0000	             2632
  549.0000	             2774
  550.0000	             2782
  551.0000	             2690
  552.0000	             2825
  553.0000	             2670
  554.0000	             2748
  555.0000	             2722
  556.0000	             2792
  557.0000	             2687
  558.0000	             2797
  559.0000	             3075
  560.0000	             3056
  561.0000	             3083
  562.0000	             3029
  563.0000	             3204
  564.0000	             3229
  565.0000	             3410
  566.0000	             3482
  567.0000	             3436
  568.0000	             3510
  569.0000	             3661
  570.0000	             3669
  571.0000	             3636
  572.0000	             3743
  573.0000	             3872
  574.0000	             3816
  575.0000	             3880
  576.0000	             3934
  577.0000	             3922
  578.0000	             4093
  579.0000	             3997
  580.0000	             4173
  581.0000	             4178
  582.0000	             4280
  583.0000	             4470
  584.0000	             4368
  585.0000	             4343
  586.0000	             4395
  587.0000	             4385
  588.0000	             4437
  589.0000	             4643
  590.0000	             4606
  591.0000	             4532
  592.0000	             4426
  593.0000	             4687
  594.0000	             4577
  595.0000	             4735
  596.0000	             4880
  597.0000	             5024
  598.0000	             4819
  599.0000	             4696
  600.0000	             4716
  601.0000	             4723
  602.0000	             4677
  603.0000	             4348
  604.0000	             4304
  605.0000	             4383
  606.0000	             4342
  607.0000	             4322
  608.0000	             4477
  609.0000	             4341
  610.0000	             4428
  611.0000	             4368
  612.0000	             4265
  613.0000	             4505
  614.0000	             4275
  615.0000	             4307
  616.0000	             4346
  617.0000	             4412
  618.0000	             4405
  619.0000	             4459
  620.0000	             4333
  621.0000	             4356
  622.0000	             4362
  623.0000	             4375
  624.0000	             4194
  625.0000	             4219
  626.0000	             4398
  627.0000	             4296
  628.0000	             4268
  629.0000	             4265
  630.0000	             4198
  631.0000	             4296
  632.0000	             4226
  633.0000	             4172
  634.0000	             4014
  635.0000	             4026
  636.0000	             3896
  637.0000	             4067
  638.0000	             3852
  639.0000	             3813
  640.0000	             3854
  641.0000	             3831
  642.0000	             3828
  643.0000	             3754
  644.0000	             3749
  645.0000	             3692
  646.0000	             3636
  647.0000	             3656
  648.0000	             3553
  649.0000	             3450
  650.0000	             3405
  651.0000	             3967
  652.0000	             3994
  653.0000	             3851
  654.0000	             3781
  655.0000	             3677
  656.0000	             3734
  657.0000	             3711
  658.0000	             3694
  659.0000	             3573
  660.0000	             3583
  661.0000	             3544
  662.0000	             3493
  663.0000	             3440
  664.0000	             3231
  665.0000	             3381
  666.0000	             3226
  667.0000	             3216
  668.0000	             3132
  669.0000	             3042
  670.0000	             2980
  671.0000	             2870
  672.0000	             3014
  673.0000	             2868
  674.0000	             2867
  675.0000	             2848
  676.0000	             2694
  677.0000	             2576
  678.0000	             2532
  679.0000	             2649
  680.0000	             2347
  681.0000	             2359
  682.0000	             2269
  683.0000	             2265
  684.0000	             2183
  685.0000	             2194
  686.0000	             2155
  687.0000	             2151
  688.0000	             2031
  689.0000	             2238
  690.0000	             2064
  691.0000	             2115
  692.0000	             2016
  693.0000	             2018
  694.0000	             1922
  695.0000	             1895
  696.0000	             1925
  697.0000	             1904
  698.0000	             1952
  699.0000	             1746
  700.0000	             1825
  701.0000	             1742
  702.0000	             1641
  703.0000	             1714
  704.0000	             1649
  705.0000	             1613
  706.0000	             1601
  707.0000	             1599
  708.0000	             1631
  709.0000	             1544
  710.0000	             1417
  711.0000	             1355
  712.0000	             1444
  713.0000	             1382
  714.0000	             1284
  715.0000	             1286
  716.0000	             1214
  717.0000	             1278
  718.0000	             1138
  719.0000	             1110
  720.0000	             1127
  721.0000	             1036
  722.0000	             1016
  723.0000	              976
  724.0000	              983
  725.0000	              923
  726.0000	              933
  727.0000	              879
  728.0000	              995
  729.0000	              820
  730.0000	              822
  731.0000	              805
  732.0000	              766
  733.0000	              777
  734.0000	              706
  735.0000	              758
  736.0000	              857
  737.0000	              755
  738.0000	              720
  739.0000	              645
  740.0000	              594
  741.0000	              661
  742.0000	              586
  743.0000	              533
  744.0000	              543
  745.0000	              554
  746.0000	              529
  747.0000	              550
  748.0000	              555
  749.0000	              448
  750.0000	              451
  751.0000	              467
  752.0000	              385
  753.0000	              407
  754.0000	              445
  755.0000	              386
  756.0000	              451
  757.0000	              402
  758.0000	              436
  759.0000	              390
  760.0000	              397
  761.0000	              376
  762.0000	              365
  763.0000	              463
  764.0000	              369
  765.0000	              335
  766.0000	              287
  767.0000	              293
  768.0000	              279
  769.0000	              295
  770.0000	              278
  771.0000	              283
  772.0000	              304
  773.0000	              272
  774.0000	              296
  775.0000	              290
  776.0000	              283
  777.0000	              288
  778.0000	              277
  779.0000	              262
  780.0000	              233
  781.0000	              234
  782.0000	              238
  783.0000	              232
  784.0000	              269
  785.0000	              210
  786.0000	              263
  787.0000	              240
  788.0000	              170
  789.0000	              194
  790.0000	              201
  791.0000	              197
  792.0000	              220
  793.0000	              190
  794.0000	              192
  795.0000	              158
  796.0000	              186
  797.0000	              161
  798.0000	              179
  799.0000	              184
  800.0000	              150
