4.410000000000000000e+02	7.935119718242697573e+00
4.420000000000000000e+02	8.436783292164825809e+00
4.430000000000000000e+02	8.968025229177355229e+00
4.440000000000000000e+02	9.530446893860954560e+00
4.450000000000000000e+02	1.012572729717503073e+01
4.460000000000000000e+02	1.075562631591960283e+01
4.470000000000000000e+02	1.142198801436905953e+01
4.480000000000000000e+02	1.212674406956453588e+01
4.490000000000000000e+02	1.287191730166601822e+01
4.500000000000000000e+02	1.365962531067146379e+01
4.510000000000000000e+02	1.449208422070871904e+01
4.520000000000000000e+02	1.537161253299490049e+01
4.530000000000000000e+02	1.630063508843853981e+01
4.540000000000000000e+02	1.728168714073144940e+01
4.550000000000000000e+02	1.831741854063781716e+01
4.560000000000000000e+02	1.941059803204135292e+01
4.570000000000000000e+02	2.056411766015199305e+01
4.580000000000000000e+02	2.178099729210606839e+01
4.590000000000000000e+02	2.306438925001417317e+01
4.600000000000000000e+02	2.441758305632181347e+01
4.610000000000000000e+02	2.584401029114657433e+01
4.620000000000000000e+02	2.734724956104391325e+01
4.630000000000000000e+02	2.893103157843017215e+01
4.640000000000000000e+02	3.059924435065618553e+01
4.650000000000000000e+02	3.235593847747815488e+01
4.660000000000000000e+02	3.420533255541429440e+01
4.670000000000000000e+02	3.615181868720412695e+01
4.680000000000000000e+02	3.819996809430529083e+01
4.690000000000000000e+02	4.035453683006731040e+01
4.700000000000000000e+02	4.262047159091505932e+01
4.710000000000000000e+02	4.500291562255439004e+01
4.720000000000000000e+02	4.750721471788141059e+01
4.730000000000000000e+02	5.013892330293246857e+01
4.740000000000000000e+02	5.290381060685679415e+01
4.750000000000000000e+02	5.580786691152374601e+01
4.760000000000000000e+02	5.885730987599914243e+01
4.770000000000000000e+02	6.205859093073095067e+01
4.780000000000000000e+02	6.541840173588393270e+01
4.790000000000000000e+02	6.894368069784611919e+01
4.800000000000000000e+02	7.264161953750624434e+01
4.810000000000000000e+02	7.651966990346407727e+01
4.820000000000000000e+02	8.058555002289145364e+01
4.830000000000000000e+02	8.484725138230568575e+01
4.840000000000000000e+02	8.931304543008266705e+01
4.850000000000000000e+02	9.399149029232792429e+01
4.860000000000000000e+02	9.889143749562386176e+01
4.870000000000000000e+02	1.040220387086351650e+02
4.880000000000000000e+02	1.093927526508055763e+02
4.890000000000000000e+02	1.150133532053122991e+02
4.900000000000000000e+02	1.208939449799854771e+02
4.910000000000000000e+02	1.270450199217061424e+02
4.920000000000000000e+02	1.334777172102721181e+02
4.930000000000000000e+02	1.402049870759036025e+02
4.940000000000000000e+02	1.472463541594352137e+02
4.950000000000000000e+02	1.546454626247714828e+02
4.960000000000000000e+02	1.625278530694887422e+02
4.970000000000000000e+02	1.712700267106699528e+02
4.980000000000000000e+02	1.819354851416844667e+02
4.990000000000000000e+02	1.972539221497834205e+02
5.000000000000000000e+02	2.234970751043709640e+02
5.010000000000000000e+02	2.734255636225840931e+02
5.020000000000000000e+02	3.697292694647270537e+02
5.030000000000000000e+02	5.469187921805923907e+02
5.040000000000000000e+02	8.480178794405699136e+02
5.050000000000000000e+02	1.312289654018874216e+03
5.060000000000000000e+02	1.953602026659559897e+03
5.070000000000000000e+02	2.736138166755701150e+03
5.080000000000000000e+02	3.561319477488604662e+03
5.090000000000000000e+02	4.280295410908610393e+03
5.100000000000000000e+02	4.735650029171766619e+03
5.110000000000000000e+02	4.817952718558419292e+03
5.120000000000000000e+02	4.509695517110065339e+03
5.130000000000000000e+02	3.892606504726721141e+03
5.140000000000000000e+02	3.114187091235568005e+03
5.150000000000000000e+02	2.332126551660417135e+03
5.160000000000000000e+02	1.665048325089868058e+03
5.170000000000000000e+02	1.169671734649184600e+03
5.180000000000000000e+02	8.465271144636635654e+02
5.190000000000000000e+02	6.622265928832896407e+02
5.200000000000000000e+02	5.731675772639271145e+02
5.210000000000000000e+02	5.412326918965752611e+02
5.220000000000000000e+02	5.397982116729784821e+02
5.230000000000000000e+02	5.531397129876359031e+02
5.240000000000000000e+02	5.731995216397854165e+02
5.250000000000000000e+02	5.963479501332427617e+02
5.260000000000000000e+02	6.211409193046520159e+02
5.270000000000000000e+02	6.470754053564206743e+02
5.280000000000000000e+02	6.740062269317531900e+02
5.290000000000000000e+02	7.019094326610622829e+02
5.300000000000000000e+02	7.307979884701370565e+02
5.310000000000000000e+02	7.606951443623956948e+02
5.320000000000000000e+02	7.916269249024358032e+02
5.330000000000000000e+02	8.236202252345639181e+02
5.340000000000000000e+02	8.567023691801892937e+02
5.350000000000000000e+02	8.909010078966117590e+02
5.360000000000000000e+02	9.262440891631232489e+02
5.370000000000000000e+02	9.627598392260974833e+02
5.380000000000000000e+02	1.000476745988709922e+03
5.390000000000000000e+02	1.039423541587763566e+03
5.400000000000000000e+02	1.079629184040687278e+03
5.410000000000000000e+02	1.121122837908100337e+03
5.420000000000000000e+02	1.163933853956045596e+03
5.430000000000000000e+02	1.208091747808178070e+03
5.440000000000000000e+02	1.253626177580113790e+03
5.450000000000000000e+02	1.300566920489639870e+03
5.460000000000000000e+02	1.348943848438005944e+03
5.470000000000000000e+02	1.398786902559067130e+03
5.480000000000000000e+02	1.450126066734694405e+03
5.490000000000000000e+02	1.502991340076556980e+03
5.500000000000000000e+02	1.557412708376146384e+03
5.510000000000000000e+02	1.613420114526729094e+03
5.520000000000000000e+02	1.671043427922782939e+03
5.530000000000000000e+02	1.730312412844449000e+03
5.540000000000000000e+02	1.791256695836465724e+03
5.550000000000000000e+02	1.853905732093162896e+03
5.560000000000000000e+02	1.918288770863129457e+03
5.570000000000000000e+02	1.984434819889370601e+03
5.580000000000000000e+02	2.052372608902905995e+03
5.590000000000000000e+02	2.122130552190057642e+03
5.600000000000000000e+02	2.193736710255860999e+03
5.610000000000000000e+02	2.267218750608438313e+03
5.620000000000000000e+02	2.342603907691412132e+03
5.630000000000000000e+02	2.419918941993884346e+03
5.640000000000000000e+02	2.499190098369810585e+03
5.650000000000000000e+02	2.580443063601099311e+03
5.660000000000000000e+02	2.663702923241061853e+03
5.670000000000000000e+02	2.748994117777402153e+03
5.680000000000000000e+02	2.836340398156232368e+03
5.690000000000000000e+02	2.925764780711134335e+03
5.700000000000000000e+02	3.017289501543637016e+03
5.710000000000000000e+02	3.110935970403937972e+03
5.720000000000000000e+02	3.206724724123042051e+03
5.730000000000000000e+02	3.304675379649899241e+03
5.740000000000000000e+02	3.404806586749446524e+03
5.750000000000000000e+02	3.507135980419741372e+03
5.760000000000000000e+02	3.611680133088664206e+03
5.770000000000000000e+02	3.718454506652859891e+03
5.780000000000000000e+02	3.827473404423766169e+03
5.790000000000000000e+02	3.938749923047640550e+03
5.800000000000000000e+02	4.052295904468569461e+03
5.810000000000000000e+02	4.168121888005364781e+03
5.820000000000000000e+02	4.286237062615160539e+03
5.830000000000000000e+02	4.406649219418282883e+03
5.840000000000000000e+02	4.529364704560700375e+03
5.850000000000000000e+02	4.654388372491923292e+03
5.860000000000000000e+02	4.781723539737760802e+03
5.870000000000000000e+02	4.911371939248669150e+03
5.880000000000000000e+02	5.043333675405765462e+03
5.890000000000000000e+02	5.177607179767637717e+03
5.900000000000000000e+02	5.314189167642181019e+03
5.910000000000000000e+02	5.453074595568493351e+03
5.920000000000000000e+02	5.594256619794659855e+03
5.930000000000000000e+02	5.737726555837793057e+03
5.940000000000000000e+02	5.883473839213195788e+03
5.950000000000000000e+02	6.031485987419739104e+03
5.960000000000000000e+02	6.181748563268699399e+03
5.970000000000000000e+02	6.334245139643276161e+03
5.980000000000000000e+02	6.488957265775748965e+03
5.990000000000000000e+02	6.645864435128889454e+03
6.000000000000000000e+02	6.804944054967673765e+03
6.010000000000000000e+02	6.966171417706592365e+03
6.020000000000000000e+02	7.129519674116926581e+03
6.030000000000000000e+02	7.294959808477269689e+03
6.040000000000000000e+02	7.462460615749249882e+03
6.050000000000000000e+02	7.631988680858974476e+03
6.060000000000000000e+02	7.803508360162957615e+03
6.070000000000000000e+02	7.976981765175519286e+03
6.080000000000000000e+02	8.152368748632529787e+03
6.090000000000000000e+02	8.329626892964142826e+03
6.100000000000000000e+02	8.508711501246718399e+03
6.110000000000000000e+02	8.689575590701522742e+03
6.120000000000000000e+02	8.872169888804952279e+03
6.130000000000000000e+02	9.056442832072056262e+03
6.140000000000000000e+02	9.242340567571915017e+03
6.150000000000000000e+02	9.429806957230101034e+03
6.160000000000000000e+02	9.618783584969880394e+03
6.170000000000000000e+02	9.809209766740104897e+03
6.180000000000000000e+02	1.000102256347385992e+04
6.190000000000000000e+02	1.019415679701790759e+04
6.200000000000000000e+02	1.038854506906870120e+04
6.210000000000000000e+02	1.058411778314646654e+04
6.220000000000000000e+02	1.078080316963428595e+04
6.230000000000000000e+02	1.097852731390446570e+04
6.240000000000000000e+02	1.117721418754979641e+04
6.250000000000000000e+02	1.137678568273225937e+04
6.260000000000000000e+02	1.157716164965685675e+04
6.270000000000000000e+02	1.177825993717307392e+04
6.280000000000000000e+02	1.197999643650121834e+04
6.290000000000000000e+02	1.218228512807567859e+04
6.300000000000000000e+02	1.238503813149165398e+04
6.310000000000000000e+02	1.258816575853654649e+04
6.320000000000000000e+02	1.279157656928162396e+04
6.330000000000000000e+02	1.299517743120406521e+04
6.340000000000000000e+02	1.319887358130389475e+04
6.350000000000000000e+02	1.340256869117467249e+04
6.360000000000000000e+02	1.360616493498121235e+04
6.370000000000000000e+02	1.380956306029199550e+04
6.380000000000000000e+02	1.401266246170825616e+04
6.390000000000000000e+02	1.421536125722624820e+04
6.400000000000000000e+02	1.441755636726352532e+04
6.410000000000000000e+02	1.461914359627467275e+04
6.420000000000000000e+02	1.482001771687643850e+04
6.430000000000000000e+02	1.502007255639683171e+04
6.440000000000000000e+02	1.521920108575755148e+04
6.450000000000000000e+02	1.541729551059387086e+04
6.460000000000000000e+02	1.561424736451104582e+04
6.470000000000000000e+02	1.580994760437144032e+04
6.480000000000000000e+02	1.600428670750166020e+04
6.490000000000000000e+02	1.619715477070445195e+04
6.500000000000000000e+02	1.638844161095555683e+04
6.510000000000000000e+02	1.657803686766139072e+04
6.520000000000000000e+02	1.676583010634940001e+04
6.530000000000000000e+02	1.695171092365883669e+04
6.540000000000000000e+02	1.713556905349613589e+04
6.550000000000000000e+02	1.731729447421548684e+04
6.560000000000000000e+02	1.749677751668187193e+04
6.570000000000000000e+02	1.767390897307094565e+04
6.580000000000000000e+02	1.784858020625714198e+04
6.590000000000000000e+02	1.802068325963901589e+04
6.600000000000000000e+02	1.819011096724842355e+04
6.610000000000000000e+02	1.835675706398823968e+04
6.620000000000000000e+02	1.852051629584152397e+04
6.630000000000000000e+02	1.868128452989353536e+04
6.640000000000000000e+02	1.883895886400703603e+04
6.650000000000000000e+02	1.899343773599019187e+04
6.660000000000000000e+02	1.914462103209608540e+04
6.670000000000000000e+02	1.929241019469233288e+04
6.680000000000000000e+02	1.943670832893965780e+04
6.690000000000000000e+02	1.957742030831823286e+04
6.700000000000000000e+02	1.971445287884169011e+04
6.710000000000000000e+02	1.984771476179933234e+04
6.720000000000000000e+02	1.997711675486858076e+04
6.730000000000000000e+02	2.010257183144122610e+04
6.740000000000000000e+02	2.022399523800891620e+04
6.750000000000000000e+02	2.034130458945563441e+04
6.760000000000000000e+02	2.045441996210740035e+04
6.770000000000000000e+02	2.056326398439215336e+04
6.780000000000000000e+02	2.066776192496618023e+04
6.790000000000000000e+02	2.076784177816648298e+04
6.800000000000000000e+02	2.086343434665258974e+04
6.810000000000000000e+02	2.095447332110494608e+04
6.820000000000000000e+02	2.104089535685158626e+04
6.830000000000000000e+02	2.112264014729904738e+04
6.840000000000000000e+02	2.119965049404851379e+04
6.850000000000000000e+02	2.127187237358299535e+04
6.860000000000000000e+02	2.133925500041678606e+04
6.870000000000000000e+02	2.140175088660388792e+04
6.880000000000000000e+02	2.145931589750772400e+04
6.890000000000000000e+02	2.151190930374054369e+04
6.900000000000000000e+02	2.155949382918691481e+04
6.910000000000000000e+02	2.160203569503204562e+04
6.920000000000000000e+02	2.163950465972213715e+04
6.930000000000000000e+02	2.167187405479059453e+04
6.940000000000000000e+02	2.169912081649070024e+04
6.950000000000000000e+02	2.172122551318218029e+04
6.960000000000000000e+02	2.173817236842619604e+04
6.970000000000000000e+02	2.174994927975026803e+04
6.980000000000000000e+02	2.175654783305196179e+04
6.990000000000000000e+02	2.175796331261730302e+04
7.000000000000000000e+02	2.175419470673717660e+04
7.010000000000000000e+02	2.174524470891245801e+04
7.020000000000000000e+02	2.173111971464573799e+04
7.030000000000000000e+02	2.171182981382509752e+04
7.040000000000000000e+02	2.168738877871256773e+04
7.050000000000000000e+02	2.165781404755730546e+04
7.060000000000000000e+02	2.162312670386079481e+04
7.070000000000000000e+02	2.158335145132856633e+04
7.080000000000000000e+02	2.153851658455011784e+04
7.090000000000000000e+02	2.148865395545571300e+04
7.100000000000000000e+02	2.143379893560577693e+04
7.110000000000000000e+02	2.137399037437532752e+04
7.120000000000000000e+02	2.130927055310271317e+04
7.130000000000000000e+02	2.123968513527833420e+04
7.140000000000000000e+02	2.116528311285554446e+04
7.150000000000000000e+02	2.108611674877209225e+04
7.160000000000000000e+02	2.100224151577646990e+04
7.170000000000000000e+02	2.091371603165939086e+04
7.180000000000000000e+02	2.082060199099629244e+04
7.190000000000000000e+02	2.072296409351205875e+04
7.200000000000000000e+02	2.062086996918436489e+04
7.210000000000000000e+02	2.051439010020701971e+04
7.220000000000000000e+02	2.040359773993928684e+04
7.230000000000000000e+02	2.028856882897153264e+04
7.240000000000000000e+02	2.016938190844187920e+04
7.250000000000000000e+02	2.004611803074211275e+04
7.260000000000000000e+02	1.991886066775496874e+04
7.270000000000000000e+02	1.978769561676798185e+04
7.280000000000000000e+02	1.965271090421215922e+04
7.290000000000000000e+02	1.951399668737653337e+04
7.300000000000000000e+02	1.937164515425181162e+04
7.310000000000000000e+02	1.922575042165860577e+04
7.320000000000000000e+02	1.907640843181748642e+04
7.330000000000000000e+02	1.892371684751941939e+04
7.340000000000000000e+02	1.876777494605647735e+04
7.350000000000000000e+02	1.860868351207342494e+04
7.360000000000000000e+02	1.844654472950137279e+04
7.370000000000000000e+02	1.828146207273487016e+04
7.380000000000000000e+02	1.811354019721372606e+04
7.390000000000000000e+02	1.794288482957048473e+04
7.400000000000000000e+02	1.776960265750370309e+04
7.410000000000000000e+02	1.759380121953628986e+04
7.420000000000000000e+02	1.741558879481673284e+04
7.430000000000000000e+02	1.723507429311964734e+04
7.440000000000000000e+02	1.705236714520001260e+04
7.450000000000000000e+02	1.686757719365352386e+04
7.460000000000000000e+02	1.668081458443294832e+04
7.470000000000000000e+02	1.649218965916776870e+04
7.480000000000000000e+02	1.630181284843150570e+04
7.490000000000000000e+02	1.610979456609792214e+04
7.500000000000000000e+02	1.591624510492392619e+04
7.510000000000000000e+02	1.572127453349340794e+04
7.520000000000000000e+02	1.552499259465243267e+04
7.530000000000000000e+02	1.532750860556210682e+04
7.540000000000000000e+02	1.512893135949136195e+04
7.550000000000000000e+02	1.492936902946735245e+04
7.560000000000000000e+02	1.472892907389672109e+04
7.570000000000000000e+02	1.452771814426619676e+04
7.580000000000000000e+02	1.432584199502618321e+04
7.590000000000000000e+02	1.412340539575592084e+04
7.600000000000000000e+02	1.392051204570379923e+04
7.610000000000000000e+02	1.371726449079105987e+04
7.620000000000000000e+02	1.351376404316190565e+04
7.630000000000000000e+02	1.331011070335760633e+04
7.640000000000000000e+02	1.310640308518667916e+04
7.650000000000000000e+02	1.290273834335775973e+04
7.660000000000000000e+02	1.269921210393619913e+04
7.670000000000000000e+02	1.249591839767979036e+04
7.680000000000000000e+02	1.229294959630343510e+04
7.690000000000000000e+02	1.209039635171694317e+04
7.700000000000000000e+02	1.188834753827450913e+04
7.710000000000000000e+02	1.168689019806884789e+04
7.720000000000000000e+02	1.148610948929735787e+04
7.730000000000000000e+02	1.128608863772214136e+04
7.740000000000000000e+02	1.108690889124031128e+04
7.750000000000000000e+02	1.088864947757544542e+04
7.760000000000000000e+02	1.069138756509586528e+04
7.770000000000000000e+02	1.049519822676001968e+04
7.780000000000000000e+02	1.030015440718414538e+04
7.790000000000000000e+02	1.010632689282229148e+04
7.800000000000000000e+02	9.913784285243846170e+03
7.810000000000000000e+02	9.722592977488797260e+03
7.820000000000000000e+02	9.532817133476362869e+03
7.830000000000000000e+02	9.344518670437922992e+03
7.840000000000000000e+02	9.157757244340820762e+03
7.850000000000000000e+02	8.972590238265298467e+03
7.860000000000000000e+02	8.789072753692660626e+03
7.870000000000000000e+02	8.607257604658856508e+03
7.880000000000000000e+02	8.427195314723800038e+03
7.890000000000000000e+02	8.248934116703107065e+03
7.900000000000000000e+02	8.072519955105547524e+03
7.910000000000000000e+02	7.897996491216114009e+03
7.920000000000000000e+02	7.725405110761599644e+03
7.930000000000000000e+02	7.554784934092594085e+03
7.940000000000000000e+02	7.386172828813138040e+03
7.950000000000000000e+02	7.219603424786657342e+03
7.960000000000000000e+02	7.055109131444548439e+03
7.970000000000000000e+02	6.892720157321506122e+03
7.980000000000000000e+02	6.732464531739816266e+03
7.990000000000000000e+02	6.574368128563018217e+03
8.000000000000000000e+02	6.418454691937724419e+03
8.010000000000000000e+02	6.264745863941034258e+03
8.020000000000000000e+02	6.113261214049760383e+03
8.030000000000000000e+02	5.964018270346616191e+03
8.040000000000000000e+02	5.817032552377731918e+03
8.050000000000000000e+02	5.672317605575171910e+03
8.060000000000000000e+02	5.529885037157645456e+03
8.070000000000000000e+02	5.389744553422331592e+03
8.080000000000000000e+02	5.251903998340543694e+03
8.090000000000000000e+02	5.116369393370069702e+03
8.100000000000000000e+02	4.983144978397125669e+03
8.110000000000000000e+02	4.852233253721328765e+03
8.120000000000000000e+02	4.723635022997505075e+03
8.130000000000000000e+02	4.597349437048841537e+03
8.140000000000000000e+02	4.473374038466739876e+03
8.150000000000000000e+02	4.351704806913575339e+03
8.160000000000000000e+02	4.232336205045724455e+03
8.170000000000000000e+02	4.115261224975371988e+03
8.180000000000000000e+02	4.000471435190952889e+03
8.190000000000000000e+02	3.887957027857490630e+03
8.200000000000000000e+02	3.777706866419698144e+03
8.210000000000000000e+02	3.669708533432259173e+03
8.220000000000000000e+02	3.563948378543543640e+03
8.230000000000000000e+02	3.460411566560787378e+03
8.240000000000000000e+02	3.359082125526682375e+03
8.250000000000000000e+02	3.259942994739348705e+03
8.260000000000000000e+02	3.162976072649687922e+03
8.270000000000000000e+02	3.068162264572249114e+03
8.280000000000000000e+02	2.975481530147941612e+03
8.290000000000000000e+02	2.884912930499152935e+03
8.300000000000000000e+02	2.796434675020079794e+03
8.310000000000000000e+02	2.710024167747468709e+03
8.320000000000000000e+02	2.625658053259235203e+03
8.330000000000000000e+02	2.543312262050876598e+03
8.340000000000000000e+02	2.462962055341936320e+03
8.350000000000000000e+02	2.384582069267244151e+03
8.360000000000000000e+02	2.308146358410047469e+03
8.370000000000000000e+02	2.233628438636587362e+03
8.380000000000000000e+02	2.161001329194100890e+03
8.390000000000000000e+02	2.090237594036670544e+03
8.400000000000000000e+02	2.021309382345715676e+03
8.410000000000000000e+02	1.954188468214358863e+03
8.420000000000000000e+02	1.888846289467248425e+03
8.430000000000000000e+02	1.825253985589776221e+03
8.440000000000000000e+02	1.763382434742954501e+03
8.450000000000000000e+02	1.703202289842516393e+03
8.460000000000000000e+02	1.644684013683020794e+03
8.470000000000000000e+02	1.587797913090015754e+03
8.480000000000000000e+02	1.532514172085418750e+03
8.490000000000000000e+02	1.478802884053451407e+03
8.500000000000000000e+02	1.426634082896506698e+03
8.510000000000000000e+02	1.375977773172371599e+03
8.520000000000000000e+02	1.326803959206166155e+03
8.530000000000000000e+02	1.279082673172322984e+03
8.540000000000000000e+02	1.232784002143721182e+03
8.550000000000000000e+02	1.187878114106945077e+03
8.560000000000000000e+02	1.144335282944312894e+03
8.570000000000000000e+02	1.102125912385028414e+03
8.580000000000000000e+02	1.061220558929393064e+03
8.590000000000000000e+02	1.021589953751555754e+03
8.600000000000000000e+02	9.832050235877435398e+02
8.610000000000000000e+02	9.460369106183371741e+02
8.620000000000000000e+02	9.100569913534581019e+02
8.630000000000000000e+02	8.752368945330463248e+02
8.640000000000000000e+02	8.415485180535545169e+02
8.650000000000000000e+02	8.089640449345699835e+02
8.660000000000000000e+02	7.774559583396895732e+02
8.670000000000000000e+02	7.469970556670109545e+02
8.680000000000000000e+02	7.175604617254964523e+02
8.690000000000000000e+02	6.891196410143604680e+02
8.700000000000000000e+02	6.616484091233996878e+02
8.710000000000000000e+02	6.351209432729426680e+02
8.720000000000000000e+02	6.095117920127429443e+02
8.730000000000000000e+02	5.847958840997623611e+02
8.740000000000000000e+02	5.609485365753214410e+02
8.750000000000000000e+02	5.379454620625953112e+02
8.760000000000000000e+02	5.157627753058379767e+02
8.770000000000000000e+02	4.943769989731075043e+02
8.780000000000000000e+02	4.737650687445621998e+02
8.790000000000000000e+02	4.539043377086660485e+02
8.800000000000000000e+02	4.347725800888421759e+02
8.810000000000000000e+02	4.163479943232746905e+02
8.820000000000000000e+02	3.986092055206608507e+02
8.830000000000000000e+02	3.815352673147801283e+02
8.840000000000000000e+02	3.651056631407583950e+02
8.850000000000000000e+02	3.493003069558766924e+02
8.860000000000000000e+02	3.340995434277135701e+02
8.870000000000000000e+02	3.194841476122825839e+02
8.880000000000000000e+02	3.054353241446969491e+02
8.890000000000000000e+02	2.919347059647011520e+02
8.900000000000000000e+02	2.789643525992010495e+02
8.910000000000000000e+02	2.665067480236622259e+02
8.920000000000000000e+02	2.545447981239867943e+02
8.930000000000000000e+02	2.430618277801557383e+02
8.940000000000000000e+02	2.320415775926067568e+02
8.950000000000000000e+02	2.214682002719497405e+02
8.960000000000000000e+02	2.113262567122506823e+02
8.970000000000000000e+02	2.016007117677105498e+02
8.980000000000000000e+02	1.922769297521581109e+02
8.990000000000000000e+02	1.833406696803216676e+02
9.000000000000000000e+02	1.747780802694164777e+02
9.010000000000000000e+02	1.665756947191027564e+02
9.020000000000000000e+02	1.587204252874030317e+02
9.030000000000000000e+02	1.511995576796755358e+02
9.040000000000000000e+02	1.440007452672479360e+02
9.050000000000000000e+02	1.371120031518073574e+02
9.060000000000000000e+02	1.305217020911399857e+02
9.070000000000000000e+02	1.242185623012897508e+02
9.080000000000000000e+02	1.181916471496956831e+02
9.090000000000000000e+02	1.124303567533419539e+02
9.100000000000000000e+02	1.069244214954353822e+02
9.110000000000000000e+02	1.016638954736022100e+02
9.120000000000000000e+02	9.663914989207637518e+01
9.130000000000000000e+02	9.184086640983365157e+01
9.140000000000000000e+02	8.726003045611037123e+01
9.150000000000000000e+02	8.288792452423447799e+01
9.160000000000000000e+02	7.871612145419024387e+01
9.170000000000000000e+02	7.473647771383991767e+01
9.180000000000000000e+02	7.094112668822857870e+01
9.190000000000000000e+02	6.732247198591410609e+01
9.200000000000000000e+02	6.387318077078536049e+01
9.210000000000000000e+02	6.058617712736059957e+01
9.220000000000000000e+02	5.745463546709826375e+01
9.230000000000000000e+02	5.447197398279886471e+01
9.240000000000000000e+02	5.163184815773735892e+01
9.250000000000000000e+02	4.892814433573241217e+01
9.260000000000000000e+02	4.635497335793937879e+01
9.270000000000000000e+02	4.390666427174416953e+01
9.280000000000000000e+02	4.157775811673714372e+01
9.290000000000000000e+02	3.936300179235995955e+01
9.300000000000000000e+02	3.725734201144417312e+01
9.310000000000000000e+02	3.525591934349613865e+01
9.320000000000000000e+02	3.335406235123434016e+01
9.330000000000000000e+02	3.154728182354505606e+01
9.340000000000000000e+02	2.983126510769771400e+01
9.350000000000000000e+02	2.820187054334564891e+01
9.360000000000000000e+02	2.665512200053798608e+01
9.370000000000000000e+02	2.518720352367772719e+01
9.380000000000000000e+02	2.379445408308473020e+01
9.390000000000000000e+02	2.247336243555587743e+01
9.400000000000000000e+02	2.122056209506320457e+01
9.410000000000000000e+02	2.003282641448717882e+01
9.420000000000000000e+02	1.890706377905496538e+01
9.430000000000000000e+02	1.784031291193300461e+01
9.440000000000000000e+02	1.682973829221799633e+01
9.450000000000000000e+02	1.587262568537377305e+01
9.460000000000000000e+02	1.496637778597716739e+01
9.470000000000000000e+02	1.410850997246120642e+01
9.480000000000000000e+02	1.329664617338088384e+01
9.490000000000000000e+02	1.252851484457278630e+01
9.500000000000000000e+02	1.180194505643650693e+01
9.510000000000000000e+02	1.111486269043145825e+01
9.520000000000000000e+02	1.046528674375858259e+01
9.530000000000000000e+02	9.851325741080644960e+00
9.540000000000000000e+02	9.271174252028316687e+00
9.550000000000000000e+02	8.723109513141015015e+00
9.560000000000000000e+02	8.205488152801628132e+00
9.570000000000000000e+02	7.716743017642303748e+00
9.580000000000000000e+02	7.255380098824264046e+00
9.590000000000000000e+02	6.819975556527208660e+00
9.600000000000000000e+02	6.409172840924622250e+00
9.610000000000000000e+02	6.021679907867602211e+00
9.620000000000000000e+02	5.656266527453134074e+00
9.630000000000000000e+02	5.311761683612712837e+00
9.640000000000000000e+02	4.987051062821954872e+00
9.650000000000000000e+02	4.681074630003021930e+00
9.660000000000000000e+02	4.392824289668283200e+00
9.670000000000000000e+02	4.121341630334330652e+00
9.680000000000000000e+02	3.865715750222199709e+00
9.690000000000000000e+02	3.625081162249850664e+00
9.700000000000000000e+02	3.398615776318029802e+00
9.710000000000000000e+02	3.185538956889542916e+00
9.720000000000000000e+02	2.985109653864508328e+00
9.730000000000000000e+02	2.796624604760396871e+00
9.740000000000000000e+02	2.619416606215205778e+00
9.750000000000000000e+02	2.452852852844424891e+00
9.760000000000000000e+02	2.296333341498067782e+00
9.770000000000000000e+02	2.149289338981912323e+00
9.780000000000000000e+02	2.011181911327492244e+00
9.790000000000000000e+02	1.881500512718171647e+00
9.800000000000000000e+02	1.759761632203291626e+00
9.810000000000000000e+02	1.645507496358868060e+00
9.820000000000000000e+02	1.538304826081766885e+00
9.830000000000000000e+02	1.437743645733845055e+00
9.840000000000000000e+02	1.343436142883907447e+00
9.850000000000000000e+02	1.255015576927520859e+00
9.860000000000000000e+02	1.172135234898167733e+00
9.870000000000000000e+02	1.094467432817666452e+00
9.880000000000000000e+02	1.021702560968770879e+00
9.890000000000000000e+02	9.535481715087245069e-01
9.900000000000000000e+02	8.897281068789231195e-01
9.910000000000000000e+02	8.299816675025429857e-01
9.920000000000000000e+02	7.740628172991776967e-01
9.930000000000000000e+02	7.217394255828288863e-01
9.940000000000000000e+02	6.727925439470988644e-01
9.950000000000000000e+02	6.270157167789860431e-01
9.960000000000000000e+02	5.842143240801814796e-01
9.970000000000000000e+02	5.442049553121589556e-01
9.980000000000000000e+02	5.068148130186448386e-01
9.990000000000000000e+02	4.718811450159649534e-01
1.000000000000000000e+03	4.392507039785327749e-01
