  440.0000	             3997
  441.0000	             3862
  442.0000	             3913
  443.0000	             3978
  444.0000	             3990
  445.0000	             3763
  446.0000	             3958
  447.0000	             3919
  448.0000	             3996
  449.0000	             4013
  450.0000	             3881
  451.0000	             4047
  452.0000	             4120
  453.0000	             3964
  454.0000	             3973
  455.0000	             3915
  456.0000	             3913
  457.0000	             4184
  458.0000	             4180
  459.0000	             4242
  460.0000	             4276
  461.0000	             4261
  462.0000	             4375
  463.0000	             4242
  464.0000	             4064
  465.0000	             4010
  466.0000	             4160
  467.0000	             4058
  468.0000	             4208
  469.0000	             3986
  470.0000	             4025
  471.0000	             4043
  472.0000	             4138
  473.0000	             4513
  474.0000	             4108
  475.0000	             4031
  476.0000	             4053
  477.0000	             4468
  478.0000	             4173
  479.0000	             4278
  480.0000	             4266
  481.0000	             4481
  482.0000	             4550
  483.0000	             4474
  484.0000	             4686
  485.0000	             4989
  486.0000	             4933
  487.0000	             5078
  488.0000	             5519
  489.0000	             5503
  490.0000	             5616
  491.0000	             6253
  492.0000	             6620
  493.0000	             7120
  494.0000	             8102
  495.0000	             8816
  496.0000	            10335
  497.0000	            12229
  498.0000	            14923
  499.0000	            18761
  500.0000	            23563
  501.0000	            30288
  502.0000	            38597
  503.0000	            48469
  504.0000	            59777
  505.0000	            71150
  506.0000	            81233
  507.0000	            88675
  508.0000	            90459
  509.0000	            84502
  510.0000	            73192
  511.0000	            60091
  512.0000	            46630
  513.0000	            36410
  514.0000	            27730
  515.0000	            22208
  516.0000	            17971
  517.0000	            14934
  518.0000	            12295
  519.0000	            10518
  520.0000	             9551
  521.0000	             8498
  522.0000	             7791
  523.0000	             7606
  524.0000	             6830
  525.0000	             6550
  526.0000	             5935
  527.0000	             5972
  528.0000	             5478
  529.0000	             5516
  530.0000	             5598
  531.0000	             5663
  532.0000	             5690
  533.0000	             5594
  534.0000	             5505
  535.0000	             5487
  536.0000	             5612
  537.0000	             5573
  538.0000	             5658
  539.0000	             5850
  540.0000	             5444
  541.0000	             5718
  542.0000	             5732
  543.0000	             5680
  544.0000	             5842
  545.0000	             5675
  546.0000	             5882
  547.0000	             5775
  548.0000	             5928
  549.0000	             5884
  550.0000	             6068
  551.0000	             5927
  552.0000	             5766
  553.0000	             6091
  554.0000	             6018
  555.0000	             6078
  556.0000	             6258
  557.0000	             6267
  558.0000	             6738
  559.0000	             6384
  560.0000	             6350
  561.0000	             6779
  562.0000	             6800
  563.0000	             6919
  564.0000	             6767
  565.0000	             6875
  566.0000	             6700
  567.0000	             6912
  568.0000	             6938
  569.0000	             7323
  570.0000	             7307
  571.0000	             7241
  572.0000	             7792
  573.0000	             7543
  574.0000	             7476
  575.0000	             8014
  576.0000	             7790
  577.0000	             7732
  578.0000	             7696
  579.0000	             8076
  580.0000	             8232
  581.0000	             7980
  582.0000	             8295
  583.0000	             8431
  584.0000	             8187
  585.0000	             8633
  586.0000	             8332
  587.0000	             8508
  588.0000	             8336
  589.0000	             8458
  590.0000	             8812
  591.0000	             8534
  592.0000	             8965
  593.0000	             9131
  594.0000	             8950
  595.0000	             9356
  596.0000	             9082
  597.0000	             9100
  598.0000	             9310
  599.0000	             9157
  600.0000	             9276
  601.0000	             9033
  602.0000	             9414
  603.0000	             9187
  604.0000	             9197
  605.0000	             9678
  606.0000	             9140
  607.0000	             9676
  608.0000	             9448
  609.0000	             9703
  610.0000	             9590
  611.0000	             9574
  612.0000	             9557
  613.0000	             9957
  614.0000	             9959
  615.0000	             9806
  616.0000	             9684
  617.0000	            10014
  618.0000	            10007
  619.0000	             9798
  620.0000	             9910
  621.0000	             9629
  622.0000	             9766
  623.0000	             9995
  624.0000	             9995
  625.0000	             9913
  626.0000	            10044
  627.0000	             9915
  628.0000	             9986
  629.0000	             9484
  630.0000	             9870
  631.0000	             9455
  632.0000	             9634
  633.0000	             9481
  634.0000	             9348
  635.0000	             9540
  636.0000	             9103
  637.0000	             8843
  638.0000	             9463
  639.0000	             9573
  640.0000	             9221
  641.0000	             9107
  642.0000	             9217
  643.0000	             9229
  644.0000	             8910
  645.0000	             9016
  646.0000	             8826
  647.0000	             8770
  648.0000	             8718
  649.0000	             8761
  650.0000	             9039
  651.0000	             8680
  652.0000	             8569
  653.0000	             8616
  654.0000	             8204
  655.0000	             8689
  656.0000	             8207
  657.0000	             7974
  658.0000	             8015
  659.0000	             7966
  660.0000	             8080
  661.0000	             8049
  662.0000	             7898
  663.0000	             7766
  664.0000	             7513
  665.0000	             7932
  666.0000	             7879
  667.0000	             7559
  668.0000	             7301
  669.0000	             7463
  670.0000	             7329
  671.0000	             7203
  672.0000	             6986
  673.0000	             6979
  674.0000	             6766
  675.0000	             6939
  676.0000	             6970
  677.0000	             6784
  678.0000	             6681
  679.0000	             6757
  680.0000	             6721
  681.0000	             6806
  682.0000	             6600
  683.0000	             6435
  684.0000	             6338
  685.0000	             6316
  686.0000	             6109
  687.0000	             6138
  688.0000	             6279
  689.0000	             6161
  690.0000	             6056
  691.0000	             6295
  692.0000	             6118
  693.0000	             6168
  694.0000	             6103
  695.0000	             5879
  696.0000	             6068
  697.0000	             6110
  698.0000	             6117
  699.0000	             5660
  700.0000	             5973
  701.0000	             6007
  702.0000	             5851
  703.0000	             5729
  704.0000	             5658
  705.0000	             5687
  706.0000	             5474
  707.0000	             5750
  708.0000	             5549
  709.0000	             5404
  710.0000	             5897
  711.0000	             5545
  712.0000	             5477
  713.0000	             5227
  714.0000	             5301
  715.0000	             5287
  716.0000	             5249
  717.0000	             5087
  718.0000	             4850
  719.0000	             4916
  720.0000	             4750
  721.0000	             5132
  722.0000	             4879
  723.0000	             4918
  724.0000	             4765
  725.0000	             4770
  726.0000	             4903
  727.0000	             4983
  728.0000	             4999
  729.0000	             4835
  730.0000	             4736
  731.0000	             4483
  732.0000	             4952
  733.0000	             4689
  734.0000	             4372
  735.0000	             4428
  736.0000	             4701
  737.0000	             4267
  738.0000	             4664
  739.0000	             4593
  740.0000	             4483
  741.0000	             4512
  742.0000	             4340
  743.0000	             4592
  744.0000	             4419
  745.0000	             4374
  746.0000	             4512
  747.0000	             4344
  748.0000	             4475
  749.0000	             4266
  750.0000	             4194
  751.0000	             4276
  752.0000	             4048
  753.0000	             4406
  754.0000	             4268
  755.0000	             4459
  756.0000	             4141
  757.0000	             4344
  758.0000	             4142
  759.0000	             4298
  760.0000	             4048
  761.0000	             4367
  762.0000	             4076
  763.0000	             4212
  764.0000	             4207
  765.0000	             3942
  766.0000	             4341
  767.0000	             4211
  768.0000	             4001
  769.0000	             4070
  770.0000	             4097
  771.0000	             4255
  772.0000	             3922
  773.0000	             4016
  774.0000	             3975
  775.0000	             4026
  776.0000	             4007
  777.0000	             4184
  778.0000	             4008
  779.0000	             4014
  780.0000	             4053
  781.0000	             3839
  782.0000	             3954
  783.0000	             4154
  784.0000	             4033
  785.0000	             3776
  786.0000	             3999
  787.0000	             3894
  788.0000	             4000
  789.0000	             3975
  790.0000	             4067
  791.0000	             3835
  792.0000	             4065
  793.0000	             3959
  794.0000	             4073
  795.0000	             3886
  796.0000	             4076
  797.0000	             4193
  798.0000	             3994
  799.0000	             3774
  800.0000	             3934
