  440.0000	             4059
  441.0000	             4042
  442.0000	             4159
  443.0000	             4053
  444.0000	             4193
  445.0000	             4122
  446.0000	             4184
  447.0000	             4018
  448.0000	             4153
  449.0000	             4075
  450.0000	             4197
  451.0000	             4053
  452.0000	             4156
  453.0000	             4100
  454.0000	             3913
  455.0000	             4210
  456.0000	             4412
  457.0000	             4297
  458.0000	             4129
  459.0000	             4487
  460.0000	             4168
  461.0000	             4294
  462.0000	             4052
  463.0000	             4203
  464.0000	             3809
  465.0000	             4227
  466.0000	             4145
  467.0000	             4270
  468.0000	             4166
  469.0000	             4347
  470.0000	             4273
  471.0000	             4186
  472.0000	             4324
  473.0000	             4404
  474.0000	             4311
  475.0000	             4639
  476.0000	             4383
  477.0000	             4715
  478.0000	             5022
  479.0000	             5505
  480.0000	             5373
  481.0000	             5425
  482.0000	             5698
  483.0000	             6256
  484.0000	             5980
  485.0000	             6571
  486.0000	             6765
  487.0000	             7199
  488.0000	             7704
  489.0000	             8207
  490.0000	             9005
  491.0000	             9693
  492.0000	            10457
  493.0000	            12116
  494.0000	            13816
  495.0000	            15013
  496.0000	            17614
  497.0000	            20518
  498.0000	            24092
  499.0000	            28894
  500.0000	            35236
  501.0000	            43370
  502.0000	            54173
  503.0000	            67934
  504.0000	            86153
  505.0000	           111138
  506.0000	           143679
  507.0000	           187616
  508.0000	           241098
  509.0000	           297959
  510.0000	           347598
  511.0000	           377742
  512.0000	           371191
  513.0000	           333434
  514.0000	           272045
  515.0000	           208034
  516.0000	           155756
  517.0000	           116807
  518.0000	            87630
  519.0000	            67167
  520.0000	            52863
  521.0000	            42041
  522.0000	            34841
  523.0000	            28855
  524.0000	            23999
  525.0000	            20210
  526.0000	            17441
  527.0000	            15418
  528.0000	            13803
  529.0000	            12636
  530.0000	            11525
  531.0000	            10757
  532.0000	             9885
  533.0000	             9317
  534.0000	             9248
  535.0000	             8873
  536.0000	             8691
  537.0000	             9012
  538.0000	             8886
  539.0000	             8997
  540.0000	             8894
  541.0000	             8729
  542.0000	             8851
  543.0000	             8881
  544.0000	             8858
  545.0000	             8677
  546.0000	             9153
  547.0000	             8847
  548.0000	             9240
  549.0000	             9232
  550.0000	             9225
  551.0000	             9257
  552.0000	             9601
  553.0000	             9728
  554.0000	             9556
  555.0000	             9973
  556.0000	            10035
  557.0000	            10084
  558.0000	            10688
  559.0000	            10381
  560.0000	            11224
  561.0000	            11081
  562.0000	            11463
  563.0000	            11765
  564.0000	            11519
  565.0000	            11830
  566.0000	            12528
  567.0000	            12347
  568.0000	            12822
  569.0000	            12857
  570.0000	            12680
  571.0000	            13515
  572.0000	            13503
  573.0000	            13596
  574.0000	            13768
  575.0000	            13861
  576.0000	            14166
  577.0000	            14597
  578.0000	            15022
  579.0000	            15546
  580.0000	            15286
  581.0000	            15985
  582.0000	            15808
  583.0000	            17062
  584.0000	            16816
  585.0000	            17580
  586.0000	            17328
  587.0000	            17882
  588.0000	            17750
  589.0000	            18276
  590.0000	            18954
  591.0000	            18599
  592.0000	            18932
  593.0000	            19112
  594.0000	            19473
  595.0000	            19633
  596.0000	            20071
  597.0000	            20396
  598.0000	            20493
  599.0000	            20919
  600.0000	            20881
  601.0000	            21706
  602.0000	            21508
  603.0000	            21710
  604.0000	            21938
  605.0000	            21372
  606.0000	            22438
  607.0000	            22466
  608.0000	            22362
  609.0000	            22439
  610.0000	            22412
  611.0000	            23048
  612.0000	            23521
  613.0000	            23996
  614.0000	            23906
  615.0000	            23968
  616.0000	            24190
  617.0000	            24283
  618.0000	            24527
  619.0000	            24402
  620.0000	            24105
  621.0000	            24522
  622.0000	            24451
  623.0000	            24372
  624.0000	            24638
  625.0000	            24616
  626.0000	            25158
  627.0000	            24385
  628.0000	            24851
  629.0000	            24870
  630.0000	            25293
  631.0000	            25604
  632.0000	            25176
  633.0000	            25134
  634.0000	            25198
  635.0000	            24395
  636.0000	            25368
  637.0000	            24920
  638.0000	            24734
  639.0000	            24383
  640.0000	            24472
  641.0000	            24074
  642.0000	            23577
  643.0000	            24052
  644.0000	            23987
  645.0000	            24163
  646.0000	            23470
  647.0000	            23126
  648.0000	            23279
  649.0000	            23108
  650.0000	            23159
  651.0000	            22321
  652.0000	            22270
  653.0000	            21535
  654.0000	            20631
  655.0000	            21554
  656.0000	            20995
  657.0000	            20707
  658.0000	            19394
  659.0000	            20090
  660.0000	            19713
  661.0000	            19907
  662.0000	            19756
  663.0000	            19446
  664.0000	            19090
  665.0000	            19140
  666.0000	            18182
  667.0000	            18451
  668.0000	            18441
  669.0000	            18227
  670.0000	            18453
  671.0000	            17718
  672.0000	            17204
  673.0000	            16777
  674.0000	            17136
  675.0000	            16571
  676.0000	            15945
  677.0000	            15612
  678.0000	            15700
  679.0000	            15260
  680.0000	            15202
  681.0000	            14820
  682.0000	            14662
  683.0000	            14389
  684.0000	            13689
  685.0000	            13783
  686.0000	            13649
  687.0000	            13341
  688.0000	            13398
  689.0000	            13565
  690.0000	            13418
  691.0000	            12828
  692.0000	            12907
  693.0000	            13082
  694.0000	            13082
  695.0000	            12742
  696.0000	            12352
  697.0000	            11954
  698.0000	            11843
  699.0000	            11955
  700.0000	            11697
  701.0000	            11397
  702.0000	            11245
  703.0000	            11167
  704.0000	            11127
  705.0000	            10724
  706.0000	            10694
  707.0000	            10579
  708.0000	            10518
  709.0000	            10159
  710.0000	            10042
  711.0000	             9874
  712.0000	             9383
  713.0000	             9081
  714.0000	             9033
  715.0000	             9282
  716.0000	             8964
  717.0000	             9028
  718.0000	             8824
  719.0000	             8190
  720.0000	             8323
  721.0000	             8158
  722.0000	             8140
  723.0000	             8054
  724.0000	             7833
  725.0000	             7793
  726.0000	             7366
  727.0000	             7207
  728.0000	             7275
  729.0000	             7139
  730.0000	             7124
  731.0000	             7193
  732.0000	             7045
  733.0000	             6845
  734.0000	             7008
  735.0000	             6585
  736.0000	             6419
  737.0000	             6293
  738.0000	             6452
  739.0000	             6550
  740.0000	             6378
  741.0000	             6381
  742.0000	             6143
  743.0000	             5873
  744.0000	             6045
  745.0000	             6017
  746.0000	             5941
  747.0000	             5706
  748.0000	             5838
  749.0000	             5711
  750.0000	             5615
  751.0000	             5596
  752.0000	             5680
  753.0000	             5544
  754.0000	             5285
  755.0000	             5492
  756.0000	             5259
  757.0000	             5355
  758.0000	             5169
  759.0000	             5244
  760.0000	             5327
  761.0000	             5065
  762.0000	             5093
  763.0000	             5021
  764.0000	             4721
  765.0000	             4681
  766.0000	             5054
  767.0000	             5066
  768.0000	             4842
  769.0000	             4902
  770.0000	             4701
  771.0000	             4879
  772.0000	             4862
  773.0000	             4587
  774.0000	             4768
  775.0000	             4785
  776.0000	             4622
  777.0000	             4747
  778.0000	             4630
  779.0000	             4563
  780.0000	             4536
  781.0000	             4625
  782.0000	             4686
  783.0000	             4498
  784.0000	             4698
  785.0000	             4325
  786.0000	             4453
  787.0000	             4190
  788.0000	             4390
  789.0000	             4279
  790.0000	             4394
  791.0000	             4573
  792.0000	             4458
  793.0000	             4123
  794.0000	             4505
  795.0000	             4421
  796.0000	             4234
  797.0000	             4350
  798.0000	             4423
  799.0000	             4340
  800.0000	             4189
