  440.0000	             3955
  441.0000	             3657
  442.0000	             3729
  443.0000	             3790
  444.0000	             3750
  445.0000	             3764
  446.0000	             3758
  447.0000	             3961
  448.0000	             3790
  449.0000	             3868
  450.0000	             3861
  451.0000	             3946
  452.0000	             3855
  453.0000	             3995
  454.0000	             3788
  455.0000	             3698
  456.0000	             3886
  457.0000	             3656
  458.0000	             3639
  459.0000	             3861
  460.0000	             3906
  461.0000	             4004
  462.0000	             3994
  463.0000	             3822
  464.0000	             3752
  465.0000	             3781
  466.0000	             3842
  467.0000	             3768
  468.0000	             3922
  469.0000	             3807
  470.0000	             3936
  471.0000	             3798
  472.0000	             3839
  473.0000	             3615
  474.0000	             3778
  475.0000	             4138
  476.0000	             3815
  477.0000	             3755
  478.0000	             3704
  479.0000	             3801
  480.0000	             3934
  481.0000	             3841
  482.0000	             3725
  483.0000	             3823
  484.0000	             3752
  485.0000	             3988
  486.0000	             3912
  487.0000	             3800
  488.0000	             4126
  489.0000	             4013
  490.0000	             4351
  491.0000	             3909
  492.0000	             3963
  493.0000	             4108
  494.0000	             3967
  495.0000	             3804
  496.0000	             3865
  497.0000	             3900
  498.0000	             3963
  499.0000	             3705
  500.0000	             3808
  501.0000	             3886
  502.0000	             3725
  503.0000	             4035
  504.0000	             3834
  505.0000	             3819
  506.0000	             3837
  507.0000	             3943
  508.0000	             4194
  509.0000	             4205
  510.0000	             4338
  511.0000	             4218
  512.0000	             4351
  513.0000	             4232
  514.0000	             4144
  515.0000	             4029
  516.0000	             4074
  517.0000	             4014
  518.0000	             3928
  519.0000	             4077
  520.0000	             3910
  521.0000	             3842
  522.0000	             3889
  523.0000	             3777
  524.0000	             3882
  525.0000	             3977
  526.0000	             3811
  527.0000	             3804
  528.0000	             3854
  529.0000	             3808
  530.0000	             3829
  531.0000	             3891
  532.0000	             3824
  533.0000	             3843
  534.0000	             3940
  535.0000	             3968
  536.0000	             3731
  537.0000	             3732
  538.0000	             3761
  539.0000	             3776
  540.0000	             3866
  541.0000	             4133
  542.0000	             3971
  543.0000	             4162
  544.0000	             4083
  545.0000	             3937
  546.0000	             3893
  547.0000	             3936
  548.0000	             3911
  549.0000	             3942
  550.0000	             3940
  551.0000	             4041
  552.0000	             3870
  553.0000	             4057
  554.0000	             3848
  555.0000	             4136
  556.0000	             4166
  557.0000	             3829
  558.0000	             3823
  559.0000	             4107
  560.0000	             4155
  561.0000	             4279
  562.0000	             4204
  563.0000	             4169
  564.0000	             4435
  565.0000	             4044
  566.0000	             4187
  567.0000	             4240
  568.0000	             4298
  569.0000	             4455
  570.0000	             4549
  571.0000	             4497
  572.0000	             4297
  573.0000	             4302
  574.0000	             4478
  575.0000	             4453
  576.0000	             4481
  577.0000	             4622
  578.0000	             4532
  579.0000	             4547
  580.0000	             4781
  581.0000	             4703
  582.0000	             4953
  583.0000	             4748
  584.0000	             4690
  585.0000	             5100
  586.0000	             5067
  587.0000	             4858
  588.0000	             5174
  589.0000	             5192
  590.0000	             5108
  591.0000	             5170
  592.0000	             5199
  593.0000	             5451
  594.0000	             5330
  595.0000	             5523
  596.0000	             5639
  597.0000	             5397
  598.0000	             5534
  599.0000	             5667
  600.0000	             5823
  601.0000	             5745
  602.0000	             5954
  603.0000	             6229
  604.0000	             6168
  605.0000	             6196
  606.0000	             6344
  607.0000	             6264
  608.0000	             6532
  609.0000	             6603
  610.0000	             6686
  611.0000	             6628
  612.0000	             6857
  613.0000	             6952
  614.0000	             6727
  615.0000	             7188
  616.0000	             7193
  617.0000	             7387
  618.0000	             7292
  619.0000	             7804
  620.0000	             7367
  621.0000	             7849
  622.0000	             7639
  623.0000	             7830
  624.0000	             7954
  625.0000	             7613
  626.0000	             7931
  627.0000	             7817
  628.0000	             8052
  629.0000	             7817
  630.0000	             8310
  631.0000	             8385
  632.0000	             8142
  633.0000	             8190
  634.0000	             8555
  635.0000	             8208
  636.0000	             8439
  637.0000	             8615
  638.0000	             8732
  639.0000	             8570
  640.0000	             8389
  641.0000	             8395
  642.0000	             8601
  643.0000	             8603
  644.0000	             8901
  645.0000	             8532
  646.0000	             8719
  647.0000	             8658
  648.0000	             8534
  649.0000	             8726
  650.0000	             8530
  651.0000	             8992
  652.0000	             8664
  653.0000	             8863
  654.0000	             8589
  655.0000	             8851
  656.0000	             8893
  657.0000	             8781
  658.0000	             8908
  659.0000	             8669
  660.0000	             8562
  661.0000	             8345
  662.0000	             8720
  663.0000	             8447
  664.0000	             8501
  665.0000	             8574
  666.0000	             8349
  667.0000	             8260
  668.0000	             8386
  669.0000	             8363
  670.0000	             8415
  671.0000	             8197
  672.0000	             8398
  673.0000	             8541
  674.0000	             8351
  675.0000	             8489
  676.0000	             8266
  677.0000	             8192
  678.0000	             7960
  679.0000	             7687
  680.0000	             8157
  681.0000	             7948
  682.0000	             7617
  683.0000	             7792
  684.0000	             7360
  685.0000	             7720
  686.0000	             7587
  687.0000	             7437
  688.0000	             7597
  689.0000	             7497
  690.0000	             7709
  691.0000	             7129
  692.0000	             7325
  693.0000	             7328
  694.0000	             7188
  695.0000	             7398
  696.0000	             7201
  697.0000	             7356
  698.0000	             7187
  699.0000	             7006
  700.0000	             7369
  701.0000	             7013
  702.0000	             7062
  703.0000	             6795
  704.0000	             6967
  705.0000	             7064
  706.0000	             6794
  707.0000	             6624
  708.0000	             6561
  709.0000	             6486
  710.0000	             6538
  711.0000	             6417
  712.0000	             6412
  713.0000	             6343
  714.0000	             6091
  715.0000	             6148
  716.0000	             6269
  717.0000	             6325
  718.0000	             6041
  719.0000	             5752
  720.0000	             5861
  721.0000	             5839
  722.0000	             5881
  723.0000	             5860
  724.0000	             5685
  725.0000	             5522
  726.0000	             5837
  727.0000	             5677
  728.0000	             5490
  729.0000	             5275
  730.0000	             5420
  731.0000	             5441
  732.0000	             5192
  733.0000	             5407
  734.0000	             5213
  735.0000	             5515
  736.0000	             5021
  737.0000	             5298
  738.0000	             5256
  739.0000	             4976
  740.0000	             4730
  741.0000	             4980
  742.0000	             4988
  743.0000	             4733
  744.0000	             4999
  745.0000	             4841
  746.0000	             4766
  747.0000	             4612
  748.0000	             4716
  749.0000	             4774
  750.0000	             4483
  751.0000	             4706
  752.0000	             4610
  753.0000	             4679
  754.0000	             4633
  755.0000	             4568
  756.0000	             4529
  757.0000	             4506
  758.0000	             4520
  759.0000	             4449
  760.0000	             4281
  761.0000	             4402
  762.0000	             4552
  763.0000	             4357
  764.0000	             4196
  765.0000	             4535
  766.0000	             4139
  767.0000	             4189
  768.0000	             4360
  769.0000	             4505
  770.0000	             4255
  771.0000	             4293
  772.0000	             4244
  773.0000	             4369
  774.0000	             4346
  775.0000	             4228
  776.0000	             4589
  777.0000	             4169
  778.0000	             4498
  779.0000	             4266
  780.0000	             4161
  781.0000	             4212
  782.0000	             4242
  783.0000	             4179
  784.0000	             4321
  785.0000	             4250
  786.0000	             4345
  787.0000	             4351
  788.0000	             4017
  789.0000	             4196
  790.0000	             4297
  791.0000	             4277
  792.0000	             4137
  793.0000	             4062
  794.0000	             4051
  795.0000	             4072
  796.0000	             4159
  797.0000	             4305
  798.0000	             4219
  799.0000	             4166
  800.0000	             3925
