4.410000000000000000e+02	6.987850016092128635e-01
4.420000000000000000e+02	7.602249513348037224e-01
4.430000000000000000e+02	8.267673408709335092e-01
4.440000000000000000e+02	8.988084663459667834e-01
4.450000000000000000e+02	9.767729974754794098e-01
4.460000000000000000e+02	1.061115807889730922e+00
4.470000000000000000e+02	1.152323907520130142e+00
4.480000000000000000e+02	1.250918481517128367e+00
4.490000000000000000e+02	1.357457040277396221e+00
4.500000000000000000e+02	1.472535685258726135e+00
4.510000000000000000e+02	1.596791495356433055e+00
4.520000000000000000e+02	1.730905038703768106e+00
4.530000000000000000e+02	1.875603014840843352e+00
4.540000000000000000e+02	2.031661032270313694e+00
4.550000000000000000e+02	2.199906526482930058e+00
4.560000000000000000e+02	2.381221823591213482e+00
4.570000000000000000e+02	2.576547354753494723e+00
4.580000000000000000e+02	2.786885026602865967e+00
4.590000000000000000e+02	3.013301752914568254e+00
4.600000000000000000e+02	3.256933152750353777e+00
4.610000000000000000e+02	3.518987420307724268e+00
4.620000000000000000e+02	3.800749371675085087e+00
4.630000000000000000e+02	4.103584673648573045e+00
4.640000000000000000e+02	4.428944259702475961e+00
4.650000000000000000e+02	4.778368938120373777e+00
4.660000000000000000e+02	5.153494197187534986e+00
4.670000000000000000e+02	5.556055212215716743e+00
4.680000000000000000e+02	5.987892059016713731e+00
4.690000000000000000e+02	6.450955138260976440e+00
4.700000000000000000e+02	6.947310814949247515e+00
4.710000000000000000e+02	7.479147276988657111e+00
4.720000000000000000e+02	8.048780616597028370e+00
4.730000000000000000e+02	8.658661137960224963e+00
4.740000000000000000e+02	9.311379894234690369e+00
4.750000000000000000e+02	1.000967545661996461e+01
4.760000000000000000e+02	1.075644091782300293e+01
4.770000000000000000e+02	1.155473113179449030e+01
4.780000000000000000e+02	1.240777019113823521e+01
4.790000000000000000e+02	1.331895914307394513e+01
4.800000000000000000e+02	1.429188394427297659e+01
4.810000000000000000e+02	1.533032365428203114e+01
4.820000000000000000e+02	1.643825886660219737e+01
4.830000000000000000e+02	1.761988037579852673e+01
4.840000000000000000e+02	1.887959807827924763e+01
4.850000000000000000e+02	2.022205010362727151e+01
4.860000000000000000e+02	2.165211217280903711e+01
4.870000000000000000e+02	2.317490718115237058e+01
4.880000000000000000e+02	2.479581502278019656e+01
4.890000000000000000e+02	2.652048281582246858e+01
4.900000000000000000e+02	2.835483662969335938e+01
4.910000000000000000e+02	3.030510138620121907e+01
4.920000000000000000e+02	3.237786514734835208e+01
4.930000000000000000e+02	3.458036409913545839e+01
4.940000000000000000e+02	3.692175611651457245e+01
4.950000000000000000e+02	3.941836172503661828e+01
4.960000000000000000e+02	4.211310275730740216e+01
4.970000000000000000e+02	4.513997486085362709e+01
4.980000000000000000e+02	4.891405564024558572e+01
4.990000000000000000e+02	5.462506935329893309e+01
5.000000000000000000e+02	6.535385024255620579e+01
5.010000000000000000e+02	8.822783334867638416e+01
5.020000000000000000e+02	1.378383355505132499e+02
5.030000000000000000e+02	2.402858498774003237e+02
5.040000000000000000e+02	4.355162735656780910e+02
5.050000000000000000e+02	7.736967914737545016e+02
5.060000000000000000e+02	1.301150073493530499e+03
5.070000000000000000e+02	2.035201357714379583e+03
5.080000000000000000e+02	2.935580046221141401e+03
5.090000000000000000e+02	3.888554096737449072e+03
5.100000000000000000e+02	4.720827536059455269e+03
5.110000000000000000e+02	5.247896604909597045e+03
5.120000000000000000e+02	5.340360340775139775e+03
5.130000000000000000e+02	4.975989351757013537e+03
5.140000000000000000e+02	4.249038039844749619e+03
5.150000000000000000e+02	3.331496681386387081e+03
5.160000000000000000e+02	2.407966782916211741e+03
5.170000000000000000e+02	1.617656184263901196e+03
5.180000000000000000e+02	1.027308939585244843e+03
5.190000000000000000e+02	6.377490286727323792e+02
5.200000000000000000e+02	4.099745588185285214e+02
5.210000000000000000e+02	2.929860225190290066e+02
5.220000000000000000e+02	2.422160595297112593e+02
5.230000000000000000e+02	2.265677507602286198e+02
5.240000000000000000e+02	2.277012728546814628e+02
5.250000000000000000e+02	2.362348030166133981e+02
5.260000000000000000e+02	2.479494056414133354e+02
5.270000000000000000e+02	2.611682775162415737e+02
5.280000000000000000e+02	2.753061872657170852e+02
5.290000000000000000e+02	2.901917710913403994e+02
5.300000000000000000e+02	3.057934950846217248e+02
5.310000000000000000e+02	3.221223619761121881e+02
5.320000000000000000e+02	3.392013009759072020e+02
5.330000000000000000e+02	3.570565762638468641e+02
5.340000000000000000e+02	3.757156211005392947e+02
5.350000000000000000e+02	3.952065397002637042e+02
5.360000000000000000e+02	4.155579951831643939e+02
5.370000000000000000e+02	4.367991766589865961e+02
5.380000000000000000e+02	4.589597797371528713e+02
5.390000000000000000e+02	4.820699878170020156e+02
5.400000000000000000e+02	5.061604519350538567e+02
5.410000000000000000e+02	5.312622687831270696e+02
5.420000000000000000e+02	5.574069568039835758e+02
5.430000000000000000e+02	5.846264303153189985e+02
5.440000000000000000e+02	6.129529716212101675e+02
5.450000000000000000e+02	6.424192010740042633e+02
5.460000000000000000e+02	6.730580450532120267e+02
5.470000000000000000e+02	7.049027018317444799e+02
5.480000000000000000e+02	7.379866053039023654e+02
5.490000000000000000e+02	7.723433865538373766e+02
5.500000000000000000e+02	8.080068332478015236e+02
5.510000000000000000e+02	8.450108468383690479e+02
5.520000000000000000e+02	8.833893975739226789e+02
5.530000000000000000e+02	9.231764773120911514e+02
5.540000000000000000e+02	9.644060501414535338e+02
5.550000000000000000e+02	1.007112000821696483e+03
5.560000000000000000e+02	1.051328081058545649e+03
5.570000000000000000e+02	1.097087853636110140e+03
5.580000000000000000e+02	1.144424634435858479e+03
5.590000000000000000e+02	1.193371432378196232e+03
5.600000000000000000e+02	1.243960887329568777e+03
5.610000000000000000e+02	1.296225206025142370e+03
5.620000000000000000e+02	1.350196096064412586e+03
5.630000000000000000e+02	1.405904698044494580e+03
5.640000000000000000e+02	1.463381515903439322e+03
5.650000000000000000e+02	1.522656345553537676e+03
5.660000000000000000e+02	1.583758201892339912e+03
5.670000000000000000e+02	1.646715244286911684e+03
5.680000000000000000e+02	1.711554700634662595e+03
5.690000000000000000e+02	1.778302790111961940e+03
5.700000000000000000e+02	1.846984644729564707e+03
5.710000000000000000e+02	1.917624229821669360e+03
5.720000000000000000e+02	1.990244263603165109e+03
5.730000000000000000e+02	2.064866135937231320e+03
5.740000000000000000e+02	2.141509826462982346e+03
5.750000000000000000e+02	2.220193822240174995e+03
5.760000000000000000e+02	2.300935035075181077e+03
5.770000000000000000e+02	2.383748718699348956e+03
5.780000000000000000e+02	2.468648385977610360e+03
5.790000000000000000e+02	2.555645726331566948e+03
5.800000000000000000e+02	2.644750523567457549e+03
5.810000000000000000e+02	2.735970574305120408e+03
5.820000000000000000e+02	2.829311607209498561e+03
5.830000000000000000e+02	2.924777203231227304e+03
5.840000000000000000e+02	3.022368717067372472e+03
5.850000000000000000e+02	3.122085200057524617e+03
5.860000000000000000e+02	3.223923324734014386e+03
5.870000000000000000e+02	3.327877311248118076e+03
5.880000000000000000e+02	3.433938855896632049e+03
5.890000000000000000e+02	3.542097061975142424e+03
5.900000000000000000e+02	3.652338373185688397e+03
5.910000000000000000e+02	3.764646509827186946e+03
5.920000000000000000e+02	3.879002407997099908e+03
5.930000000000000000e+02	3.995384162032214135e+03
5.940000000000000000e+02	4.113766970415085780e+03
5.950000000000000000e+02	4.234123085370752051e+03
5.960000000000000000e+02	4.356421766375559855e+03
5.970000000000000000e+02	4.480629237796511006e+03
5.980000000000000000e+02	4.606708650875371859e+03
5.990000000000000000e+02	4.734620050266768885e+03
6.000000000000000000e+02	4.864320345333888326e+03
6.010000000000000000e+02	4.995763286398813761e+03
6.020000000000000000e+02	5.128899446137435007e+03
6.030000000000000000e+02	5.263676206300759077e+03
6.040000000000000000e+02	5.400037749935803731e+03
6.050000000000000000e+02	5.537925059269725352e+03
6.060000000000000000e+02	5.677275919410626557e+03
6.070000000000000000e+02	5.818024928007574090e+03
6.080000000000000000e+02	5.960103511000676008e+03
6.090000000000000000e+02	6.103439944579818075e+03
6.100000000000000000e+02	6.247959383457615331e+03
6.110000000000000000e+02	6.393583895548580585e+03
6.120000000000000000e+02	6.540232503132279817e+03
6.130000000000000000e+02	6.687821230563464269e+03
6.140000000000000000e+02	6.836263158576882233e+03
6.150000000000000000e+02	6.985468485218643764e+03
6.160000000000000000e+02	7.135344593419733428e+03
6.170000000000000000e+02	7.285796125210647006e+03
6.180000000000000000e+02	7.436725062559020444e+03
6.190000000000000000e+02	7.588030814794778962e+03
6.200000000000000000e+02	7.739610312569740017e+03
6.210000000000000000e+02	7.891358108280684064e+03
6.220000000000000000e+02	8.043166482866970000e+03
6.230000000000000000e+02	8.194925558875618663e+03
6.240000000000000000e+02	8.346523419668599672e+03
6.250000000000000000e+02	8.497846234629003447e+03
6.260000000000000000e+02	8.648778390204548487e+03
6.270000000000000000e+02	8.799202626609059735e+03
6.280000000000000000e+02	8.949000179984712304e+03
6.290000000000000000e+02	9.098050929810360685e+03
6.300000000000000000e+02	9.246233551324072323e+03
6.310000000000000000e+02	9.393425672711196967e+03
6.320000000000000000e+02	9.539504036792890474e+03
6.330000000000000000e+02	9.684344666934204724e+03
6.340000000000000000e+02	9.827823036875493926e+03
6.350000000000000000e+02	9.969814244176241118e+03
6.360000000000000000e+02	1.011019318694637150e+04
6.370000000000000000e+02	1.024883474352688609e+04
6.380000000000000000e+02	1.038561395476916186e+04
6.390000000000000000e+02	1.052040620855058296e+04
6.400000000000000000e+02	1.065308742615349911e+04
6.410000000000000000e+02	1.078353425012466505e+04
6.420000000000000000e+02	1.091162423322347240e+04
6.430000000000000000e+02	1.103723602805958762e+04
6.440000000000000000e+02	1.116024957701375934e+04
6.450000000000000000e+02	1.128054630203006673e+04
6.460000000000000000e+02	1.139800929386330608e+04
6.470000000000000000e+02	1.151252350036190364e+04
6.480000000000000000e+02	1.162397591336466212e+04
6.490000000000000000e+02	1.173225575378860231e+04
6.500000000000000000e+02	1.183725465448556861e+04
6.510000000000000000e+02	1.193886684044668255e+04
6.520000000000000000e+02	1.203698930593656587e+04
6.530000000000000000e+02	1.213152198814318945e+04
6.540000000000000000e+02	1.222236793693452273e+04
6.550000000000000000e+02	1.230943348031953974e+04
6.560000000000000000e+02	1.239262838521893354e+04
6.570000000000000000e+02	1.247186601315972803e+04
6.580000000000000000e+02	1.254706347051811281e+04
6.590000000000000000e+02	1.261814175294608322e+04
6.600000000000000000e+02	1.268502588362982351e+04
6.610000000000000000e+02	1.274764504504136676e+04
6.620000000000000000e+02	1.280593270385949472e+04
6.630000000000000000e+02	1.285982672875155549e+04
6.640000000000000000e+02	1.290926950072435466e+04
6.650000000000000000e+02	1.295420801576983285e+04
6.660000000000000000e+02	1.299459397954956330e+04
6.670000000000000000e+02	1.303038389388132055e+04
6.680000000000000000e+02	1.306153913481093696e+04
6.690000000000000000e+02	1.308802602207329619e+04
6.700000000000000000e+02	1.310981587976758419e+04
6.710000000000000000e+02	1.312688508809380801e+04
6.720000000000000000e+02	1.313921512601993527e+04
6.730000000000000000e+02	1.314679260477169919e+04
6.740000000000000000e+02	1.314960929206039327e+04
6.750000000000000000e+02	1.314766212698719391e+04
6.760000000000000000e+02	1.314095322558630687e+04
6.770000000000000000e+02	1.312948987699285135e+04
6.780000000000000000e+02	1.311328453024519149e+04
6.790000000000000000e+02	1.309235477175519372e+04
6.800000000000000000e+02	1.306672329350346081e+04
6.810000000000000000e+02	1.303641785204006737e+04
6.820000000000000000e+02	1.300147121839449210e+04
6.830000000000000000e+02	1.296192111902127544e+04
6.840000000000000000e+02	1.291781016793038543e+04
6.850000000000000000e+02	1.286918579017317643e+04
6.860000000000000000e+02	1.281610013687627361e+04
6.870000000000000000e+02	1.275860999203643951e+04
6.880000000000000000e+02	1.269677667130960981e+04
6.890000000000000000e+02	1.263066591304656868e+04
6.900000000000000000e+02	1.256034776184632392e+04
6.910000000000000000e+02	1.248589644491582658e+04
6.920000000000000000e+02	1.240739024154150866e+04
6.930000000000000000e+02	1.232491134599377619e+04
6.940000000000000000e+02	1.223854572420045406e+04
6.950000000000000000e+02	1.214838296453881230e+04
6.960000000000000000e+02	1.205451612310840210e+04
6.970000000000000000e+02	1.195704156385844362e+04
6.980000000000000000e+02	1.185605879395378361e+04
6.990000000000000000e+02	1.175167029477256619e+04
7.000000000000000000e+02	1.164398134893672614e+04
7.010000000000000000e+02	1.153309986378303984e+04
7.020000000000000000e+02	1.141913619168802325e+04
7.030000000000000000e+02	1.130220294766411826e+04
7.040000000000000000e+02	1.118241482464765431e+04
7.050000000000000000e+02	1.105988840690075813e+04
7.060000000000000000e+02	1.093474198194996825e+04
7.070000000000000000e+02	1.080709535148350551e+04
7.080000000000000000e+02	1.067706964162733311e+04
7.090000000000000000e+02	1.054478711301692601e+04
7.100000000000000000e+02	1.041037097107746922e+04
7.110000000000000000e+02	1.027394517691976762e+04
7.120000000000000000e+02	1.013563425925258525e+04
7.130000000000000000e+02	9.995563127704610451e+03
7.140000000000000000e+02	9.853856887940550223e+03
7.150000000000000000e+02	9.710640658946249459e+03
7.160000000000000000e+02	9.566039392847189447e+03
7.170000000000000000e+02	9.420177697613171404e+03
7.180000000000000000e+02	9.273179662989768985e+03
7.190000000000000000e+02	9.125168689983869626e+03
7.200000000000000000e+02	8.976267324216893030e+03
7.210000000000000000e+02	8.826597093444597704e+03
7.220000000000000000e+02	8.676278349527237879e+03
7.230000000000000000e+02	8.525430115118100730e+03
7.240000000000000000e+02	8.374169935322061065e+03
7.250000000000000000e+02	8.222613734559196018e+03
7.260000000000000000e+02	8.070875678851261910e+03
7.270000000000000000e+02	7.919068043731448597e+03
7.280000000000000000e+02	7.767301087960099721e+03
7.290000000000000000e+02	7.615682933211139243e+03
7.300000000000000000e+02	7.464319449875903956e+03
7.310000000000000000e+02	7.313314149112946325e+03
7.320000000000000000e+02	7.162768081254163917e+03
7.330000000000000000e+02	7.012779740659547315e+03
7.340000000000000000e+02	6.863444977094723072e+03
7.350000000000000000e+02	6.714856913687678571e+03
7.360000000000000000e+02	6.567105871503305934e+03
7.370000000000000000e+02	6.420279300757025339e+03
7.380000000000000000e+02	6.274461718671641393e+03
7.390000000000000000e+02	6.129734653964820609e+03
7.400000000000000000e+02	5.986176597938258055e+03
7.410000000000000000e+02	5.843862962123682337e+03
7.420000000000000000e+02	5.702866042425482192e+03
7.430000000000000000e+02	5.563254989684794054e+03
7.440000000000000000e+02	5.425095786575662714e+03
7.450000000000000000e+02	5.288451230730094721e+03
7.460000000000000000e+02	5.153380923975766564e+03
7.470000000000000000e+02	5.019941267557720494e+03
7.480000000000000000e+02	4.888185463203588370e+03
7.490000000000000000e+02	4.758163519880849890e+03
7.500000000000000000e+02	4.629922266084260627e+03
7.510000000000000000e+02	4.503505367481997382e+03
7.520000000000000000e+02	4.378953349740150770e+03
7.530000000000000000e+02	4.256303626337112291e+03
7.540000000000000000e+02	4.135590531172026203e+03
7.550000000000000000e+02	4.016845355764848136e+03
7.560000000000000000e+02	3.900096390839751166e+03
7.570000000000000000e+02	3.785368972078481875e+03
7.580000000000000000e+02	3.672685529825999765e+03
7.590000000000000000e+02	3.562065642527087675e+03
7.600000000000000000e+02	3.453526093669799138e+03
7.610000000000000000e+02	3.347080932009498611e+03
7.620000000000000000e+02	3.242741534845794376e+03
7.630000000000000000e+02	3.140516674123959092e+03
7.640000000000000000e+02	3.040412585132397453e+03
7.650000000000000000e+02	2.942433037568287546e+03
7.660000000000000000e+02	2.846579408744775264e+03
7.670000000000000000e+02	2.752850758714953827e+03
7.680000000000000000e+02	2.661243907090243283e+03
7.690000000000000000e+02	2.571753511333807182e+03
7.700000000000000000e+02	2.484372146313114172e+03
7.710000000000000000e+02	2.399090384899783203e+03
7.720000000000000000e+02	2.315896879409314352e+03
7.730000000000000000e+02	2.234778443678213534e+03
7.740000000000000000e+02	2.155720135581373597e+03
7.750000000000000000e+02	2.078705339798251771e+03
7.760000000000000000e+02	2.003715850642443911e+03
7.770000000000000000e+02	1.930731954775631039e+03
7.780000000000000000e+02	1.859732513633509143e+03
7.790000000000000000e+02	1.790695045398227876e+03
7.800000000000000000e+02	1.723595806358996242e+03
7.810000000000000000e+02	1.658409871509811865e+03
7.820000000000000000e+02	1.595111214240756681e+03
7.830000000000000000e+02	1.533672784986918487e+03
7.840000000000000000e+02	1.474066588706696393e+03
7.850000000000000000e+02	1.416263761069024440e+03
7.860000000000000000e+02	1.360234643236897682e+03
7.870000000000000000e+02	1.305948855142402181e+03
7.880000000000000000e+02	1.253375367156319726e+03
7.890000000000000000e+02	1.202482570063154299e+03
7.900000000000000000e+02	1.153238343260201646e+03
7.910000000000000000e+02	1.105610121106945371e+03
7.920000000000000000e+02	1.059564957358641777e+03
7.930000000000000000e+02	1.015069587625399663e+03
7.940000000000000000e+02	9.720904898053900069e+02
7.950000000000000000e+02	9.305939424479638546e+02
7.960000000000000000e+02	8.905460810094623412e+02
7.970000000000000000e+02	8.519129519712752199e+02
7.980000000000000000e+02	8.146605647963236834e+02
7.990000000000000000e+02	7.787549417065175703e+02
8.000000000000000000e+02	7.441621652698913749e+02
8.010000000000000000e+02	7.108484237920470150e+02
8.020000000000000000e+02	6.787800545122207723e+02
8.030000000000000000e+02	6.479235846097001286e+02
8.040000000000000000e+02	6.182457700315073907e+02
8.050000000000000000e+02	5.897136321571551889e+02
8.060000000000000000e+02	5.622944923209431636e+02
8.070000000000000000e+02	5.359560042166118592e+02
8.080000000000000000e+02	5.106661842132999709e+02
8.090000000000000000e+02	4.863934396155610784e+02
8.100000000000000000e+02	4.631065949037643463e+02
8.110000000000000000e+02	4.407749159945032034e+02
8.120000000000000000e+02	4.193681325636398469e+02
8.130000000000000000e+02	3.988564584773969841e+02
8.140000000000000000e+02	3.792106103793851162e+02
8.150000000000000000e+02	3.604018244837147336e+02
8.160000000000000000e+02	3.424018716263233841e+02
8.170000000000000000e+02	3.251830706284001735e+02
8.180000000000000000e+02	3.087183000273030302e+02
8.190000000000000000e+02	2.929810082316325861e+02
8.200000000000000000e+02	2.779452221581947811e+02
8.210000000000000000e+02	2.635855544094075071e+02
8.220000000000000000e+02	2.498772090503514107e+02
8.230000000000000000e+02	2.367959860450835379e+02
8.240000000000000000e+02	2.243182844120854043e+02
8.250000000000000000e+02	2.124211041587685429e+02
8.260000000000000000e+02	2.010820470548478909e+02
8.270000000000000000e+02	1.902793163041271782e+02
8.280000000000000000e+02	1.799917151737979566e+02
8.290000000000000000e+02	1.701986446397964130e+02
8.300000000000000000e+02	1.608801001060383555e+02
8.310000000000000000e+02	1.520166672545388451e+02
8.320000000000000000e+02	1.435895170824584284e+02
8.330000000000000000e+02	1.355804001810753334e+02
8.340000000000000000e+02	1.279716403105267517e+02
8.350000000000000000e+02	1.207461273229221490e+02
8.360000000000000000e+02	1.138873094851165177e+02
8.370000000000000000e+02	1.073791852510367448e+02
8.380000000000000000e+02	1.012062945320056713e+02
8.390000000000000000e+02	9.535370951199995204e+01
8.400000000000000000e+02	8.980702505322456375e+01
8.410000000000000000e+02	8.455234873579696853e+01
8.420000000000000000e+02	7.957629057370517955e+01
8.430000000000000000e+02	7.486595244756195200e+01
8.440000000000000000e+02	7.040891729300446400e+01
8.450000000000000000e+02	6.619323808191582259e+01
8.460000000000000000e+02	6.220742663195619571e+01
8.470000000000000000e+02	5.844044227821044757e+01
8.480000000000000000e+02	5.488168043907866434e+01
8.490000000000000000e+02	5.152096110686756703e+01
8.500000000000000000e+02	4.834851729188738290e+01
8.510000000000000000e+02	4.535498344722330444e+01
8.520000000000000000e+02	4.253138389974112954e+01
8.530000000000000000e+02	3.986912131129958681e+01
8.540000000000000000e+02	3.735996519259075654e+01
8.550000000000000000e+02	3.499604049050620347e+01
8.560000000000000000e+02	3.276981626844369799e+01
8.570000000000000000e+02	3.067409449752189943e+01
8.580000000000000000e+02	2.870199897526496002e+01
8.590000000000000000e+02	2.684696438695527121e+01
8.600000000000000000e+02	2.510272552353421815e+01
8.610000000000000000e+02	2.346330666865599923e+01
8.620000000000000000e+02	2.192301116627301028e+01
8.630000000000000000e+02	2.047641117895098617e+01
8.640000000000000000e+02	1.911833764598108587e+01
8.650000000000000000e+02	1.784387044927176902e+01
8.660000000000000000e+02	1.664832879396960763e+01
8.670000000000000000e+02	1.552726180977220061e+01
8.680000000000000000e+02	1.447643937795894331e+01
8.690000000000000000e+02	1.349184318827739837e+01
8.700000000000000000e+02	1.256965802898141504e+01
8.710000000000000000e+02	1.170626331252461050e+01
8.720000000000000000e+02	1.089822483866548097e+01
8.730000000000000000e+02	1.014228679603982819e+01
8.740000000000000000e+02	9.435364002600499234e+00
8.750000000000000000e+02	8.774534384712003643e+00
8.760000000000000000e+02	8.157031694118863641e+00
8.770000000000000000e+02	7.580238461478725931e+00
8.780000000000000000e+02	7.041679184664412894e+00
8.790000000000000000e+02	6.539013749591086722e+00
8.800000000000000000e+02	6.070031080914343846e+00
8.810000000000000000e+02	5.632643019571709431e+00
8.820000000000000000e+02	5.224878423800669580e+00
8.830000000000000000e+02	4.844877489961835870e+00
8.840000000000000000e+02	4.490886289222300931e+00
8.850000000000000000e+02	4.161251515912137933e+00
8.860000000000000000e+02	3.854415443153738074e+00
8.870000000000000000e+02	3.568911081178488320e+00
8.880000000000000000e+02	3.303357533585981720e+00
8.890000000000000000e+02	3.056455546667176115e+00
8.900000000000000000e+02	2.826983246802057259e+00
8.910000000000000000e+02	2.613792060853785681e+00
8.920000000000000000e+02	2.415802814413877009e+00
8.930000000000000000e+02	2.232002002704116972e+00
8.940000000000000000e+02	2.061438228911097070e+00
8.950000000000000000e+02	1.903218804715405499e+00
8.960000000000000000e+02	1.756506507780122073e+00
8.970000000000000000e+02	1.620516490979473589e+00
8.980000000000000000e+02	1.494513338178629080e+00
8.990000000000000000e+02	1.377808261417540869e+00
9.000000000000000000e+02	1.269756434404815559e+00
9.010000000000000000e+02	1.169754457290883343e+00
9.020000000000000000e+02	1.077237947761893189e+00
9.030000000000000000e+02	9.916792535762488647e-01
9.040000000000000000e+02	9.125852817533788297e-01
9.050000000000000000e+02	8.394954397184154482e-01
9.060000000000000000e+02	7.719796838062144007e-01
9.070000000000000000e+02	7.096366706327358331e-01
9.080000000000000000e+02	6.520920069505015126e-01
9.090000000000000000e+02	5.989965937171093380e-01
9.100000000000000000e+02	5.500250602208037742e-01
9.110000000000000000e+02	5.048742842244492435e-01
9.120000000000000000e+02	4.632619942082413234e-01
9.130000000000000000e+02	4.249254499117461892e-01
9.140000000000000000e+02	3.896201974967852255e-01
9.150000000000000000e+02	3.571188957739211411e-01
9.160000000000000000e+02	3.272102100564169280e-01
9.170000000000000000e+02	2.996977703261808901e-01
9.180000000000000000e+02	2.743991905160077516e-01
9.190000000000000000e+02	2.511451458311388940e-01
9.200000000000000000e+02	2.297785051504289688e-01
9.210000000000000000e+02	2.101535156630461032e-01
9.220000000000000000e+02	1.921350370104087935e-01
9.230000000000000000e+02	1.755978223147353079e-01
9.240000000000000000e+02	1.604258435850494657e-01
9.250000000000000000e+02	1.465116590985445499e-01
9.260000000000000000e+02	1.337558204597377176e-01
9.270000000000000000e+02	1.220663171417679937e-01
9.280000000000000000e+02	1.113580564133707651e-01
9.290000000000000000e+02	1.015523766514617870e-01
9.300000000000000000e+02	9.257659213279653687e-02
9.310000000000000000e+02	8.436356748882686829e-02
9.320000000000000000e+02	7.685132009559074440e-02
9.330000000000000000e+02	6.998264875526161166e-02
9.340000000000000000e+02	6.370478710781607434e-02
9.350000000000000000e+02	5.796908029018184999e-02
9.360000000000000000e+02	5.273068343620317122e-02
9.370000000000000000e+02	4.794828068384008463e-02
9.380000000000000000e+02	4.358382342622810213e-02
9.390000000000000000e+02	3.960228661060881394e-02
9.400000000000000000e+02	3.597144195374741421e-02
9.410000000000000000e+02	3.266164700431841567e-02
9.420000000000000000e+02	2.964564904194273362e-02
9.430000000000000000e+02	2.689840285913476861e-02
9.440000000000000000e+02	2.439690152645082946e-02
9.450000000000000000e+02	2.212001929266988950e-02
9.460000000000000000e+02	2.004836582096675146e-02
9.470000000000000000e+02	1.816415100881762709e-02
9.480000000000000000e+02	1.645105968388553899e-02
9.490000000000000000e+02	1.489413551044246366e-02
9.500000000000000000e+02	1.347967348106651232e-02
9.510000000000000000e+02	1.219512040648525197e-02
9.520000000000000000e+02	1.102898285259215974e-02
9.530000000000000000e+02	9.970742007917126476e-03
9.540000000000000000e+02	9.010774997259534541e-03
9.550000000000000000e+02	8.140282187864054594e-03
9.560000000000000000e+02	7.351220063510120230e-03
9.570000000000000000e+02	6.636239269265295330e-03
9.580000000000000000e+02	5.988627455491924399e-03
9.590000000000000000e+02	5.402256574061667371e-03
9.600000000000000000e+02	4.871534302694217194e-03
9.610000000000000000e+02	4.391359294956154180e-03
9.620000000000000000e+02	3.957079973800298710e-03
9.630000000000000000e+02	3.564456605654634652e-03
9.640000000000000000e+02	3.209626410043949028e-03
9.650000000000000000e+02	2.889071476604361012e-03
9.660000000000000000e+02	2.599589277186828418e-03
9.670000000000000000e+02	2.338265575595047715e-03
9.680000000000000000e+02	2.102449551417384568e-03
9.690000000000000000e+02	1.889730967442206262e-03
9.700000000000000000e+02	1.697919222339381706e-03
9.710000000000000000e+02	1.525024141693569028e-03
9.720000000000000000e+02	1.369238371132009292e-03
9.730000000000000000e+02	1.228921245243073902e-03
9.740000000000000000e+02	1.102584015272172402e-03
9.750000000000000000e+02	9.888763272476030087e-04
9.760000000000000000e+02	8.865738502676376396e-04
9.770000000000000000e+02	7.945669622062068779e-04
9.780000000000000000e+02	7.118504071018083015e-04
9.790000000000000000e+02	6.375138450144948255e-04
9.800000000000000000e+02	5.707332211988799852e-04
9.810000000000000000e+02	5.107628870759432999e-04
9.820000000000000000e+02	4.569284107199912204e-04
9.830000000000000000e+02	4.086200194351555801e-04
9.840000000000000000e+02	3.652866215025642963e-04
9.850000000000000000e+02	3.264303583576981744e-04
9.860000000000000000e+02	2.916016423292306595e-04
9.870000000000000000e+02	2.603946386560685149e-04
9.880000000000000000e+02	2.324431538178198741e-04
9.890000000000000000e+02	2.074168952834735849e-04
9.900000000000000000e+02	1.850180706208528710e-04
9.910000000000000000e+02	1.649782965313095762e-04
9.920000000000000000e+02	1.470557907953095461e-04
9.930000000000000000e+02	1.310328223490641718e-04
9.940000000000000000e+02	1.167133967734764794e-04
9.950000000000000000e+02	1.039211563767714460e-04
9.960000000000000000e+02	9.249747580286499520e-05
9.970000000000000000e+02	8.229973570971663795e-05
9.980000000000000000e+02	7.319975854566474545e-05
9.990000000000000000e+02	6.508239181664295775e-05
1.000000000000000000e+03	5.784422549197679278e-05
