  440.0000	             3645
  441.0000	             3762
  442.0000	             3644
  443.0000	             3845
  444.0000	             3933
  445.0000	             3809
  446.0000	             3903
  447.0000	             3956
  448.0000	             3861
  449.0000	             3801
  450.0000	             3778
  451.0000	             3934
  452.0000	             4199
  453.0000	             3715
  454.0000	             3915
  455.0000	             3999
  456.0000	             3970
  457.0000	             4318
  458.0000	             4068
  459.0000	             4494
  460.0000	             4676
  461.0000	             4855
  462.0000	             4968
  463.0000	             4950
  464.0000	             4771
  465.0000	             4474
  466.0000	             4526
  467.0000	             4448
  468.0000	             4309
  469.0000	             4307
  470.0000	             4089
  471.0000	             4140
  472.0000	             4423
  473.0000	             4416
  474.0000	             4527
  475.0000	             4392
  476.0000	             4562
  477.0000	             4605
  478.0000	             4743
  479.0000	             4624
  480.0000	             5199
  481.0000	             5421
  482.0000	             5570
  483.0000	             5575
  484.0000	             6127
  485.0000	             6293
  486.0000	             6781
  487.0000	             6988
  488.0000	             7566
  489.0000	             8337
  490.0000	             9219
  491.0000	            10319
  492.0000	            11626
  493.0000	            13335
  494.0000	            15817
  495.0000	            22306
  496.0000	            33789
  497.0000	            37601
  498.0000	            44015
  499.0000	            54865
  500.0000	            69371
  501.0000	            88529
  502.0000	           112413
  503.0000	           140103
  504.0000	           166762
  505.0000	           195169
  506.0000	           213021
  507.0000	           226796
  508.0000	           225884
  509.0000	           208872
  510.0000	           181981
  511.0000	           147876
  512.0000	           114879
  513.0000	            88728
  514.0000	            68024
  515.0000	            52260
  516.0000	            41437
  517.0000	            32601
  518.0000	            26057
  519.0000	            21662
  520.0000	            18813
  521.0000	            15902
  522.0000	            13479
  523.0000	            11787
  524.0000	            10550
  525.0000	             9481
  526.0000	             8697
  527.0000	             8556
  528.0000	             7985
  529.0000	             7419
  530.0000	             7245
  531.0000	             6766
  532.0000	             7018
  533.0000	             6894
  534.0000	             6852
  535.0000	             6829
  536.0000	             6645
  537.0000	             6689
  538.0000	             6427
  539.0000	             6483
  540.0000	             6389
  541.0000	             6396
  542.0000	             6288
  543.0000	             6171
  544.0000	             6287
  545.0000	             6238
  546.0000	             5986
  547.0000	             6542
  548.0000	             6832
  549.0000	             6253
  550.0000	             6558
  551.0000	             6509
  552.0000	             6215
  553.0000	             6438
  554.0000	             6154
  555.0000	             6555
  556.0000	             6122
  557.0000	             6435
  558.0000	             6951
  559.0000	             7324
  560.0000	             7200
  561.0000	             6988
  562.0000	             7134
  563.0000	             6776
  564.0000	             7080
  565.0000	             6954
  566.0000	             7034
  567.0000	             6736
  568.0000	             6938
  569.0000	             7007
  570.0000	             6812
  571.0000	             6866
  572.0000	             6993
  573.0000	             7177
  574.0000	             7244
  575.0000	             7474
  576.0000	             8061
  577.0000	             8242
  578.0000	             7885
  579.0000	             7807
  580.0000	             8005
  581.0000	             7673
  582.0000	             7725
  583.0000	             8114
  584.0000	             7992
  585.0000	             8112
  586.0000	             8287
  587.0000	             7911
  588.0000	             8163
  589.0000	             8127
  590.0000	             8228
  591.0000	             8217
  592.0000	             8044
  593.0000	             7894
  594.0000	             8430
  595.0000	             8425
  596.0000	             8298
  597.0000	             8198
  598.0000	             8497
  599.0000	             8228
  600.0000	             8550
  601.0000	             8370
  602.0000	             8729
  603.0000	             8471
  604.0000	             8595
  605.0000	             8730
  606.0000	             8409
  607.0000	             8497
  608.0000	             8638
  609.0000	             8734
  610.0000	             8412
  611.0000	             8785
  612.0000	             8690
  613.0000	             8382
  614.0000	             8231
  615.0000	             8898
  616.0000	             8622
  617.0000	             8666
  618.0000	             8813
  619.0000	             8606
  620.0000	             8417
  621.0000	             8419
  622.0000	             8846
  623.0000	             8426
  624.0000	             9306
  625.0000	             9064
  626.0000	             9058
  627.0000	             8712
  628.0000	             8453
  629.0000	             8647
  630.0000	             8672
  631.0000	             8596
  632.0000	             8571
  633.0000	             8590
  634.0000	             8340
  635.0000	             8289
  636.0000	             8394
  637.0000	             8330
  638.0000	             8373
  639.0000	             7876
  640.0000	             7603
  641.0000	             7788
  642.0000	             8026
  643.0000	             7746
  644.0000	             7633
  645.0000	             7301
  646.0000	             7620
  647.0000	             7527
  648.0000	             7538
  649.0000	             7719
  650.0000	             7723
  651.0000	             7825
  652.0000	             7676
  653.0000	             7665
  654.0000	             7390
  655.0000	             7466
  656.0000	             7606
  657.0000	             7154
  658.0000	             7094
  659.0000	             7017
  660.0000	             6864
  661.0000	             7127
  662.0000	             6917
  663.0000	             6712
  664.0000	             6615
  665.0000	             6713
  666.0000	             6544
  667.0000	             6492
  668.0000	             6531
  669.0000	             6813
  670.0000	             6566
  671.0000	             6499
  672.0000	             6262
  673.0000	             7108
  674.0000	             7799
  675.0000	             7289
  676.0000	             7206
  677.0000	             6934
  678.0000	             6687
  679.0000	             6683
  680.0000	             6253
  681.0000	             6576
  682.0000	             6144
  683.0000	             6189
  684.0000	             5991
  685.0000	             6028
  686.0000	             5797
  687.0000	             5967
  688.0000	             5982
  689.0000	             5990
  690.0000	             5888
  691.0000	             5640
  692.0000	             5682
  693.0000	             5792
  694.0000	             5712
  695.0000	             5498
  696.0000	             5611
  697.0000	             5590
  698.0000	             5450
  699.0000	             5362
  700.0000	             4983
  701.0000	             5452
  702.0000	             5317
  703.0000	             5225
  704.0000	             5085
  705.0000	             4931
  706.0000	             5204
  707.0000	             5036
  708.0000	             5209
  709.0000	             4924
  710.0000	             4851
  711.0000	             5061
  712.0000	             5467
  713.0000	             5003
  714.0000	             5311
  715.0000	             5045
  716.0000	             5017
  717.0000	             4789
  718.0000	             4793
  719.0000	             4716
  720.0000	             4756
  721.0000	             4912
  722.0000	             4658
  723.0000	             4532
  724.0000	             4641
  725.0000	             4543
  726.0000	             4662
  727.0000	             4654
  728.0000	             4732
  729.0000	             4629
  730.0000	             4607
  731.0000	             4323
  732.0000	             4360
  733.0000	             4621
  734.0000	             4340
  735.0000	             4572
  736.0000	             4174
  737.0000	             4289
  738.0000	             4499
  739.0000	             4698
  740.0000	             4416
  741.0000	             4368
  742.0000	             4273
  743.0000	             4336
  744.0000	             4223
  745.0000	             4271
  746.0000	             4221
  747.0000	             4083
  748.0000	             4166
  749.0000	             4168
  750.0000	             4000
  751.0000	             4184
  752.0000	             4005
  753.0000	             3852
  754.0000	             4122
  755.0000	             4033
  756.0000	             4205
  757.0000	             3943
  758.0000	             4095
  759.0000	             4089
  760.0000	             3986
  761.0000	             3951
  762.0000	             3785
  763.0000	             4026
  764.0000	             4108
  765.0000	             4007
  766.0000	             3942
  767.0000	             4008
  768.0000	             3865
  769.0000	             3938
  770.0000	             3932
  771.0000	             3888
  772.0000	             3720
  773.0000	             3950
  774.0000	             3919
  775.0000	             3759
  776.0000	             3943
  777.0000	             3895
  778.0000	             3767
  779.0000	             3861
  780.0000	             3785
  781.0000	             4000
  782.0000	             3678
  783.0000	             3889
  784.0000	             3827
  785.0000	             3747
  786.0000	             3866
  787.0000	             3914
  788.0000	             3564
  789.0000	             3882
  790.0000	             3731
  791.0000	             3901
  792.0000	             3826
  793.0000	             3804
  794.0000	             3728
  795.0000	             3744
  796.0000	             3839
  797.0000	             3846
  798.0000	             3837
  799.0000	             3696
  800.0000	             3829
