  440.0000	             3585
  441.0000	             3567
  442.0000	             3581
  443.0000	             3462
  444.0000	             3566
  445.0000	             3510
  446.0000	             3729
  447.0000	             3605
  448.0000	             3425
  449.0000	             3368
  450.0000	             3608
  451.0000	             3549
  452.0000	             3551
  453.0000	             3572
  454.0000	             3657
  455.0000	             3769
  456.0000	             3676
  457.0000	             3651
  458.0000	             3680
  459.0000	             3674
  460.0000	             3578
  461.0000	             3644
  462.0000	             3460
  463.0000	             3599
  464.0000	             3559
  465.0000	             3534
  466.0000	             3609
  467.0000	             3674
  468.0000	             3369
  469.0000	             3607
  470.0000	             3733
  471.0000	             3584
  472.0000	             3838
  473.0000	             3906
  474.0000	             3686
  475.0000	             3988
  476.0000	             3836
  477.0000	             3867
  478.0000	             4009
  479.0000	             3918
  480.0000	             4002
  481.0000	             3895
  482.0000	             4106
  483.0000	             4281
  484.0000	             4192
  485.0000	             4283
  486.0000	             4247
  487.0000	             4786
  488.0000	             5112
  489.0000	             4961
  490.0000	             5245
  491.0000	             5412
  492.0000	             5894
  493.0000	             6478
  494.0000	             6501
  495.0000	             7431
  496.0000	             8257
  497.0000	             9108
  498.0000	            10395
  499.0000	            12027
  500.0000	            14639
  501.0000	            15848
  502.0000	            19311
  503.0000	            23930
  504.0000	            29757
  505.0000	            38501
  506.0000	            50196
  507.0000	            65491
  508.0000	            82977
  509.0000	           103729
  510.0000	           124442
  511.0000	           137366
  512.0000	           150167
  513.0000	           146519
  514.0000	           118777
  515.0000	            91487
  516.0000	            68764
  517.0000	            50987
  518.0000	            36289
  519.0000	            28618
  520.0000	            23161
  521.0000	            19298
  522.0000	            15735
  523.0000	            13789
  524.0000	            11997
  525.0000	            10479
  526.0000	             9458
  527.0000	             8175
  528.0000	             7849
  529.0000	             7444
  530.0000	             6667
  531.0000	             6382
  532.0000	             6220
  533.0000	             5944
  534.0000	             6144
  535.0000	             5962
  536.0000	             6086
  537.0000	             5729
  538.0000	             6048
  539.0000	             5840
  540.0000	             5723
  541.0000	             5923
  542.0000	             5874
  543.0000	             5787
  544.0000	             5956
  545.0000	             6222
  546.0000	             6082
  547.0000	             6400
  548.0000	             6118
  549.0000	             6577
  550.0000	             6297
  551.0000	             6520
  552.0000	             6436
  553.0000	             6989
  554.0000	             6859
  555.0000	             6962
  556.0000	             7022
  557.0000	             7094
  558.0000	             7077
  559.0000	             7535
  560.0000	             7290
  561.0000	             8012
  562.0000	             8012
  563.0000	             8158
  564.0000	             7964
  565.0000	             7893
  566.0000	             7953
  567.0000	             8499
  568.0000	             8232
  569.0000	             8333
  570.0000	             8256
  571.0000	             8372
  572.0000	             8496
  573.0000	             8698
  574.0000	             8992
  575.0000	             9209
  576.0000	             9104
  577.0000	             9505
  578.0000	             9405
  579.0000	             9442
  580.0000	             9686
  581.0000	             9882
  582.0000	            10203
  583.0000	            10195
  584.0000	            10230
  585.0000	            10467
  586.0000	            10713
  587.0000	            10720
  588.0000	            11210
  589.0000	            11064
  590.0000	            11630
  591.0000	            11879
  592.0000	            11742
  593.0000	            11977
  594.0000	            12096
  595.0000	            12223
  596.0000	            12395
  597.0000	            12818
  598.0000	            12832
  599.0000	            12620
  600.0000	            12866
  601.0000	            13138
  602.0000	            13248
  603.0000	            13415
  604.0000	            13421
  605.0000	            13473
  606.0000	            14114
  607.0000	            13721
  608.0000	            13635
  609.0000	            14344
  610.0000	            14682
  611.0000	            14440
  612.0000	            14781
  613.0000	            14604
  614.0000	            14858
  615.0000	            15125
  616.0000	            15033
  617.0000	            14912
  618.0000	            15431
  619.0000	            15536
  620.0000	            15643
  621.0000	            15790
  622.0000	            15607
  623.0000	            15733
  624.0000	            15731
  625.0000	            15895
  626.0000	            15903
  627.0000	            16095
  628.0000	            16141
  629.0000	            15933
  630.0000	            16170
  631.0000	            16362
  632.0000	            16719
  633.0000	            16553
  634.0000	            15288
  635.0000	            15417
  636.0000	            15202
  637.0000	            14957
  638.0000	            15084
  639.0000	            15359
  640.0000	            14866
  641.0000	            15346
  642.0000	            15186
  643.0000	            14685
  644.0000	            15125
  645.0000	            14944
  646.0000	            15136
  647.0000	            15024
  648.0000	            14366
  649.0000	            14563
  650.0000	            14501
  651.0000	            14581
  652.0000	            14548
  653.0000	            14645
  654.0000	            14503
  655.0000	            14172
  656.0000	            14599
  657.0000	            14049
  658.0000	            14288
  659.0000	            13610
  660.0000	            13552
  661.0000	            13545
  662.0000	            13099
  663.0000	            12964
  664.0000	            13344
  665.0000	            12786
  666.0000	            12734
  667.0000	            12811
  668.0000	            12473
  669.0000	            12571
  670.0000	            12313
  671.0000	            11810
  672.0000	            11905
  673.0000	            11783
  674.0000	            11596
  675.0000	            11758
  676.0000	            11653
  677.0000	            11052
  678.0000	            11271
  679.0000	            11069
  680.0000	            10666
  681.0000	            10736
  682.0000	            10164
  683.0000	            10105
  684.0000	            10236
  685.0000	             9850
  686.0000	            10034
  687.0000	             9570
  688.0000	             9594
  689.0000	             9481
  690.0000	             9723
  691.0000	             9734
  692.0000	             9563
  693.0000	             9868
  694.0000	             9401
  695.0000	             9433
  696.0000	             8866
  697.0000	             9557
  698.0000	             8786
  699.0000	             8969
  700.0000	             8671
  701.0000	             9043
  702.0000	             8659
  703.0000	             8462
  704.0000	             8425
  705.0000	             7899
  706.0000	             8067
  707.0000	             8081
  708.0000	             7909
  709.0000	             7898
  710.0000	             7684
  711.0000	             7643
  712.0000	             7516
  713.0000	             7352
  714.0000	             7577
  715.0000	             7178
  716.0000	             7017
  717.0000	             6847
  718.0000	             6888
  719.0000	             6811
  720.0000	             6469
  721.0000	             6790
  722.0000	             6380
  723.0000	             6257
  724.0000	             6014
  725.0000	             6107
  726.0000	             6318
  727.0000	             6069
  728.0000	             5578
  729.0000	             5914
  730.0000	             6098
  731.0000	             5713
  732.0000	             5689
  733.0000	             5499
  734.0000	             5449
  735.0000	             5627
  736.0000	             5282
  737.0000	             5297
  738.0000	             5353
  739.0000	             5407
  740.0000	             4972
  741.0000	             5023
  742.0000	             5067
  743.0000	             4914
  744.0000	             5001
  745.0000	             4712
  746.0000	             4993
  747.0000	             5168
  748.0000	             4900
  749.0000	             4854
  750.0000	             4729
  751.0000	             4875
  752.0000	             4654
  753.0000	             4721
  754.0000	             4587
  755.0000	             4477
  756.0000	             4745
  757.0000	             4617
  758.0000	             4564
  759.0000	             4523
  760.0000	             4579
  761.0000	             4394
  762.0000	             4287
  763.0000	             4216
  764.0000	             4197
  765.0000	             4390
  766.0000	             4346
  767.0000	             4054
  768.0000	             4162
  769.0000	             4390
  770.0000	             4486
  771.0000	             4149
  772.0000	             4016
  773.0000	             4091
  774.0000	             4225
  775.0000	             4009
  776.0000	             4055
  777.0000	             4126
  778.0000	             4043
  779.0000	             3968
  780.0000	             3986
  781.0000	             4054
  782.0000	             4148
  783.0000	             4123
  784.0000	             4005
  785.0000	             3778
  786.0000	             4115
  787.0000	             3804
  788.0000	             4086
  789.0000	             3992
  790.0000	             4077
  791.0000	             3984
  792.0000	             3826
  793.0000	             3762
  794.0000	             3841
  795.0000	             3855
  796.0000	             3791
  797.0000	             3733
  798.0000	             3693
  799.0000	             3821
  800.0000	             3894
