4.410000000000000000e+02	9.650828017411822657e+02
4.420000000000000000e+02	9.930653325147175110e+02
4.430000000000000000e+02	1.021690090183620214e+03
4.440000000000000000e+02	1.050965974932198378e+03
4.450000000000000000e+02	1.080901814802759418e+03
4.460000000000000000e+02	1.111506357701021670e+03
4.470000000000000000e+02	1.142788263240405968e+03
4.480000000000000000e+02	1.174756094428815459e+03
4.490000000000000000e+02	1.207418309201825195e+03
4.500000000000000000e+02	1.240783251806476756e+03
4.510000000000000000e+02	1.274859144040183082e+03
4.520000000000000000e+02	1.309654076349525212e+03
4.530000000000000000e+02	1.345175998794034967e+03
4.540000000000000000e+02	1.381432711880352826e+03
4.550000000000000000e+02	1.418431857272440993e+03
4.560000000000000000e+02	1.456180908383848873e+03
4.570000000000000000e+02	1.494687160858306697e+03
4.580000000000000000e+02	1.533957722945251362e+03
4.590000000000000000e+02	1.573999505777152763e+03
4.600000000000000000e+02	1.614819213555839724e+03
4.610000000000000000e+02	1.656423333655302031e+03
4.620000000000000000e+02	1.698818126648739963e+03
4.630000000000000000e+02	1.742009616267934689e+03
4.640000000000000000e+02	1.786003579303287324e+03
4.650000000000000000e+02	1.830805535453167749e+03
4.660000000000000000e+02	1.876420737131491251e+03
4.670000000000000000e+02	1.922854159242714331e+03
4.680000000000000000e+02	1.970110488933715033e+03
4.690000000000000000e+02	2.018194115332278898e+03
4.700000000000000000e+02	2.067109119282180473e+03
4.710000000000000000e+02	2.116859263085089424e+03
4.720000000000000000e+02	2.167447980259779797e+03
4.730000000000000000e+02	2.218878365329353983e+03
4.740000000000000000e+02	2.271153163647483780e+03
4.750000000000000000e+02	2.324274761275088167e+03
4.760000000000000000e+02	2.378245174920798945e+03
4.770000000000000000e+02	2.433066041968304489e+03
4.780000000000000000e+02	2.488738610667184275e+03
4.790000000000000000e+02	2.545263730840883909e+03
4.800000000000000000e+02	2.602641846814681685e+03
4.810000000000000000e+02	2.660873000428995510e+03
4.820000000000000000e+02	2.719956878357501864e+03
4.830000000000000000e+02	2.779893043351776669e+03
4.840000000000000000e+02	2.840681882687677444e+03
4.850000000000000000e+02	2.902328177594530644e+03
4.860000000000000000e+02	2.964853635681887681e+03
4.870000000000000000e+02	3.028338061126239609e+03
4.880000000000000000e+02	3.093045861232350489e+03
4.890000000000000000e+02	3.159789180354852761e+03
4.900000000000000000e+02	3.230899855063148607e+03
4.910000000000000000e+02	3.312649396464505116e+03
4.920000000000000000e+02	3.420836348868917412e+03
4.930000000000000000e+02	3.592698840018328156e+03
4.940000000000000000e+02	3.910230620205937157e+03
4.950000000000000000e+02	4.541713452276989301e+03
4.960000000000000000e+02	5.808121365208682619e+03
4.970000000000000000e+02	8.276102796972525539e+03
4.980000000000000000e+02	1.286620739790671723e+04
4.990000000000000000e+02	2.094257950990032623e+04
5.000000000000000000e+02	3.432290508650759875e+04
5.010000000000000000e+02	5.512824922415548644e+04
5.020000000000000000e+02	8.540242629046968068e+04
5.030000000000000000e+02	1.264890005968341575e+05
5.040000000000000000e+02	1.782624105000713316e+05
5.050000000000000000e+02	2.384368059585176816e+05
5.060000000000000000e+02	3.022583693636367097e+05
5.070000000000000000e+02	3.628537638989951811e+05
5.080000000000000000e+02	4.123265902042153175e+05
5.090000000000000000e+02	4.434091920470632613e+05
5.100000000000000000e+02	4.512079675327389850e+05
5.110000000000000000e+02	4.344676674401388736e+05
5.120000000000000000e+02	3.959054932180518517e+05
5.130000000000000000e+02	3.414927249918962480e+05
5.140000000000000000e+02	2.789450424924182007e+05
5.150000000000000000e+02	2.159462084683591092e+05
5.160000000000000000e+02	1.586630611896464543e+05
5.170000000000000000e+02	1.109237856166072597e+05
5.180000000000000000e+02	7.413942843173950678e+04
5.190000000000000000e+02	4.779248560498141160e+04
5.200000000000000000e+02	3.019052879058171311e+04
5.210000000000000000e+02	1.919989896222550669e+04
5.220000000000000000e+02	1.278228709358984634e+04
5.230000000000000000e+02	9.283093881281158247e+03
5.240000000000000000e+02	7.511790478321802766e+03
5.250000000000000000e+02	6.693238027570581835e+03
5.260000000000000000e+02	6.365333898671721727e+03
5.270000000000000000e+02	6.273945361586177569e+03
5.280000000000000000e+02	6.289487494436569250e+03
5.290000000000000000e+02	6.350468109229805123e+03
5.300000000000000000e+02	6.429653514004687167e+03
5.310000000000000000e+02	6.515757651121766685e+03
5.320000000000000000e+02	6.604390009282210485e+03
5.330000000000000000e+02	6.693937418887083368e+03
5.340000000000000000e+02	6.783830952641810654e+03
5.350000000000000000e+02	6.873868719131122816e+03
5.360000000000000000e+02	6.963969472667148693e+03
5.370000000000000000e+02	7.054088963683616385e+03
5.380000000000000000e+02	7.144193397354642002e+03
5.390000000000000000e+02	7.234251557415513162e+03
5.400000000000000000e+02	7.324232623783023882e+03
5.410000000000000000e+02	7.414105614135414726e+03
5.420000000000000000e+02	7.503839259337712065e+03
5.430000000000000000e+02	7.593401987753332833e+03
5.440000000000000000e+02	7.682761935460708628e+03
5.450000000000000000e+02	7.771886962527314608e+03
5.460000000000000000e+02	7.860744670883805156e+03
5.470000000000000000e+02	7.949302422850885705e+03
5.480000000000000000e+02	8.037527360120850062e+03
5.490000000000000000e+02	8.125386423145343542e+03
5.500000000000000000e+02	8.212846370908537210e+03
5.510000000000000000e+02	8.299873801069243200e+03
5.520000000000000000e+02	8.386435170455741172e+03
5.530000000000000000e+02	8.472496815896660337e+03
5.540000000000000000e+02	8.558024975370619359e+03
5.550000000000000000e+02	8.642985809456917195e+03
5.560000000000000000e+02	8.727345423068876698e+03
5.570000000000000000e+02	8.811069887451074464e+03
5.580000000000000000e+02	8.894125262421071966e+03
5.590000000000000000e+02	8.976477618835877365e+03
5.600000000000000000e+02	9.058093061262854462e+03
5.610000000000000000e+02	9.138937750834418694e+03
5.620000000000000000e+02	9.218977928265374430e+03
5.630000000000000000e+02	9.298179937011480433e+03
5.640000000000000000e+02	9.376510246547341012e+03
5.650000000000000000e+02	9.453935475741493065e+03
5.660000000000000000e+02	9.530422416306197192e+03
5.670000000000000000e+02	9.605938056299200980e+03
5.680000000000000000e+02	9.680449603654427847e+03
5.690000000000000000e+02	9.753924509718419358e+03
5.700000000000000000e+02	9.826330492769076955e+03
5.710000000000000000e+02	9.897635561493132627e+03
5.720000000000000000e+02	9.967808038398639837e+03
5.730000000000000000e+02	1.003681658313866137e+04
5.740000000000000000e+02	1.010463021572228172e+04
5.750000000000000000e+02	1.017121833958898424e+04
5.760000000000000000e+02	1.023655076452249705e+04
5.770000000000000000e+02	1.030059772938016431e+04
5.780000000000000000e+02	1.036332992461399226e+04
5.790000000000000000e+02	1.042471851455961041e+04
5.800000000000000000e+02	1.048473515946946281e+04
5.810000000000000000e+02	1.054335203726677173e+04
5.820000000000000000e+02	1.060054186499692878e+04
5.830000000000000000e+02	1.065627791995318876e+04
5.840000000000000000e+02	1.071053406045387237e+04
5.850000000000000000e+02	1.076328474624843329e+04
5.860000000000000000e+02	1.081450505853017603e+04
5.870000000000000000e+02	1.086417071953366030e+04
5.880000000000000000e+02	1.091225811169526423e+04
5.890000000000000000e+02	1.095874429635575689e+04
5.900000000000000000e+02	1.100360703198414012e+04
5.910000000000000000e+02	1.104682479190253434e+04
5.920000000000000000e+02	1.108837678149232670e+04
5.930000000000000000e+02	1.112824295486235496e+04
5.940000000000000000e+02	1.116640403096039881e+04
5.950000000000000000e+02	1.120284150910990866e+04
5.960000000000000000e+02	1.123753768395439329e+04
5.970000000000000000e+02	1.127047565979261708e+04
5.980000000000000000e+02	1.130163936428834313e+04
5.990000000000000000e+02	1.133101356153902634e+04
6.000000000000000000e+02	1.135858386448864985e+04
6.010000000000000000e+02	1.138433674667047126e+04
6.020000000000000000e+02	1.140825955326630356e+04
6.030000000000000000e+02	1.143034051146968704e+04
6.040000000000000000e+02	1.145056874014102686e+04
6.050000000000000000e+02	1.146893425874364948e+04
6.060000000000000000e+02	1.148542799555049714e+04
6.070000000000000000e+02	1.150004179511199436e+04
6.080000000000000000e+02	1.151276842497649704e+04
6.090000000000000000e+02	1.152360158165559551e+04
6.100000000000000000e+02	1.153253589582730820e+04
6.110000000000000000e+02	1.153956693677125077e+04
6.120000000000000000e+02	1.154469121603057101e+04
6.130000000000000000e+02	1.154790619029646587e+04
6.140000000000000000e+02	1.154921026351190267e+04
6.150000000000000000e+02	1.154860278819214727e+04
6.160000000000000000e+02	1.154608406596052737e+04
6.170000000000000000e+02	1.154165534729885258e+04
6.180000000000000000e+02	1.153531883051274235e+04
6.190000000000000000e+02	1.152707765991309498e+04
6.200000000000000000e+02	1.151693592321577125e+04
6.210000000000000000e+02	1.150489864816252521e+04
6.220000000000000000e+02	1.149097179836708710e+04
6.230000000000000000e+02	1.147516226839120100e+04
6.240000000000000000e+02	1.145747787805630651e+04
6.250000000000000000e+02	1.143792736599743876e+04
6.260000000000000000e+02	1.141652038246678421e+04
6.270000000000000000e+02	1.139326748139518531e+04
6.280000000000000000e+02	1.136818011172074330e+04
6.290000000000000000e+02	1.134127060799449282e+04
6.300000000000000000e+02	1.131255218027391675e+04
6.310000000000000000e+02	1.128203890331593175e+04
6.320000000000000000e+02	1.124974570508168836e+04
6.330000000000000000e+02	1.121568835456635315e+04
6.340000000000000000e+02	1.117988344896772469e+04
6.350000000000000000e+02	1.114234840020834963e+04
6.360000000000000000e+02	1.110310142082641505e+04
6.370000000000000000e+02	1.106216150925143120e+04
6.380000000000000000e+02	1.101954843448139218e+04
6.390000000000000000e+02	1.097528272017865493e+04
6.400000000000000000e+02	1.092938562820251354e+04
6.410000000000000000e+02	1.088187914159688444e+04
6.420000000000000000e+02	1.083278594705221622e+04
6.430000000000000000e+02	1.078212941686115119e+04
6.440000000000000000e+02	1.072993359038804374e+04
6.450000000000000000e+02	1.067622315507287021e+04
6.460000000000000000e+02	1.062102342699055953e+04
6.470000000000000000e+02	1.056436033098709049e+04
6.480000000000000000e+02	1.050626038041422362e+04
6.490000000000000000e+02	1.044675065648494638e+04
6.500000000000000000e+02	1.038585878727214731e+04
6.510000000000000000e+02	1.032361292637325460e+04
6.520000000000000000e+02	1.026004173126384921e+04
6.530000000000000000e+02	1.019517434136352495e+04
6.540000000000000000e+02	1.012904035583738914e+04
6.550000000000000000e+02	1.006166981115687122e+04
6.560000000000000000e+02	9.993093158443485663e+03
6.570000000000000000e+02	9.923341240619465680e+03
6.580000000000000000e+02	9.852445269389114401e+03
6.590000000000000000e+02	9.780436802074802472e+03
6.600000000000000000e+02	9.707347718331588112e+03
6.610000000000000000e+02	9.633210196764312059e+03
6.620000000000000000e+02	9.558056691471070735e+03
6.630000000000000000e+02	9.481919908536756338e+03
6.640000000000000000e+02	9.404832782500367102e+03
6.650000000000000000e+02	9.326828452819499944e+03
6.660000000000000000e+02	9.247940240355379501e+03
6.670000000000000000e+02	9.168201623901484709e+03
6.680000000000000000e+02	9.087646216778606686e+03
6.690000000000000000e+02	9.006307743518953430e+03
6.700000000000000000e+02	8.924220016661563932e+03
6.710000000000000000e+02	8.841416913680990547e+03
6.720000000000000000e+02	8.757932354070851943e+03
6.730000000000000000e+02	8.673800276603558814e+03
6.740000000000000000e+02	8.589054616786950646e+03
6.750000000000000000e+02	8.503729284538358115e+03
6.760000000000000000e+02	8.417858142096009033e+03
6.770000000000000000e+02	8.331474982187304704e+03
6.780000000000000000e+02	8.244613506472971494e+03
6.790000000000000000e+02	8.157307304285626742e+03
6.800000000000000000e+02	8.069589831680701536e+03
6.810000000000000000e+02	7.981494390817185376e+03
6.820000000000000000e+02	7.893054109685057483e+03
6.830000000000000000e+02	7.804301922195702900e+03
6.840000000000000000e+02	7.715270548650987621e+03
6.850000000000000000e+02	7.625992476606123091e+03
6.860000000000000000e+02	7.536499942140760140e+03
6.870000000000000000e+02	7.446824911552146659e+03
6.880000000000000000e+02	7.356999063483552163e+03
6.890000000000000000e+02	7.267053771500475705e+03
6.900000000000000000e+02	7.177020087126535145e+03
6.910000000000000000e+02	7.086928723350188193e+03
6.920000000000000000e+02	6.996810038612865355e+03
6.930000000000000000e+02	6.906694021288296426e+03
6.940000000000000000e+02	6.816610274662224583e+03
6.950000000000000000e+02	6.726588002420930025e+03
6.960000000000000000e+02	6.636655994656346593e+03
6.970000000000000000e+02	6.546842614394835437e+03
6.980000000000000000e+02	6.457175784655984899e+03
6.990000000000000000e+02	6.367682976047117336e+03
7.000000000000000000e+02	6.278391194898482354e+03
7.010000000000000000e+02	6.189326971943454737e+03
7.020000000000000000e+02	6.100516351547307750e+03
7.030000000000000000e+02	6.011984881487519488e+03
7.040000000000000000e+02	5.923757603287865095e+03
7.050000000000000000e+02	5.835859043107852813e+03
7.060000000000000000e+02	5.748313203188460648e+03
7.070000000000000000e+02	5.661143553854397396e+03
7.080000000000000000e+02	5.574373026072573339e+03
7.090000000000000000e+02	5.488024004565701034e+03
7.100000000000000000e+02	5.402118321479463702e+03
7.110000000000000000e+02	5.316677250600940170e+03
7.120000000000000000e+02	5.231721502125509687e+03
7.130000000000000000e+02	5.147271217968747806e+03
7.140000000000000000e+02	5.063345967619360636e+03
7.150000000000000000e+02	4.979964744528559095e+03
7.160000000000000000e+02	4.897145963030805433e+03
7.170000000000000000e+02	4.814907455790268614e+03
7.180000000000000000e+02	4.733266471766874929e+03
7.190000000000000000e+02	4.652239674695294525e+03
7.200000000000000000e+02	4.571843142069767055e+03
7.210000000000000000e+02	4.492092364627168536e+03
7.220000000000000000e+02	4.413002246320324048e+03
7.230000000000000000e+02	4.334587104773097053e+03
7.240000000000000000e+02	4.256860672208425058e+03
7.250000000000000000e+02	4.179836096840043865e+03
7.260000000000000000e+02	4.103525944718312530e+03
7.270000000000000000e+02	4.027942202020149580e+03
7.280000000000000000e+02	3.953096277772841404e+03
7.290000000000000000e+02	3.878999007001057180e+03
7.300000000000000000e+02	3.805660654286240515e+03
7.310000000000000000e+02	3.733090917727182386e+03
7.320000000000000000e+02	3.661298933290364403e+03
7.330000000000000000e+02	3.590293279538432216e+03
7.340000000000000000e+02	3.520081982724927911e+03
7.350000000000000000e+02	3.450672522243242838e+03
7.360000000000000000e+02	3.382071836417556369e+03
7.370000000000000000e+02	3.314286328623368263e+03
7.380000000000000000e+02	3.247321873725134992e+03
7.390000000000000000e+02	3.181183824818351241e+03
7.400000000000000000e+02	3.115877020263370923e+03
7.410000000000000000e+02	3.051405790998136126e+03
7.420000000000000000e+02	2.987773968116970536e+03
7.430000000000000000e+02	2.924984890702512075e+03
7.440000000000000000e+02	2.863041413897862185e+03
7.450000000000000000e+02	2.801945917205992828e+03
7.460000000000000000e+02	2.741700313003513656e+03
7.470000000000000000e+02	2.682306055255860429e+03
7.480000000000000000e+02	2.623764148421075333e+03
7.490000000000000000e+02	2.566075156529358537e+03
7.500000000000000000e+02	2.509239212425672577e+03
7.510000000000000000e+02	2.453256027162778992e+03
7.520000000000000000e+02	2.398124899532140262e+03
7.530000000000000000e+02	2.343844725720320639e+03
7.540000000000000000e+02	2.290414009078564504e+03
7.550000000000000000e+02	2.237830869993446413e+03
7.560000000000000000e+02	2.186093055846595689e+03
7.570000000000000000e+02	2.135197951051706696e+03
7.580000000000000000e+02	2.085142587157191883e+03
7.590000000000000000e+02	2.035923653003057098e+03
7.600000000000000000e+02	1.987537504920769379e+03
7.610000000000000000e+02	1.939980176965087139e+03
7.620000000000000000e+02	1.893247391167080195e+03
7.630000000000000000e+02	1.847334567797755426e+03
7.640000000000000000e+02	1.802236835631985059e+03
7.650000000000000000e+02	1.757949042202644705e+03
7.660000000000000000e+02	1.714465764035151096e+03
7.670000000000000000e+02	1.671781316852840291e+03
7.680000000000000000e+02	1.629889765743886528e+03
7.690000000000000000e+02	1.588784935280753643e+03
7.700000000000000000e+02	1.548460419583427438e+03
7.710000000000000000e+02	1.508909592317981605e+03
7.720000000000000000e+02	1.470125616622296093e+03
7.730000000000000000e+02	1.432101454951052119e+03
7.740000000000000000e+02	1.394829878832417535e+03
7.750000000000000000e+02	1.358303478529119502e+03
7.760000000000000000e+02	1.322514672596921173e+03
7.770000000000000000e+02	1.287455717333794837e+03
7.780000000000000000e+02	1.253118716113403025e+03
7.790000000000000000e+02	1.219495628596782808e+03
7.800000000000000000e+02	1.186578279816443228e+03
7.810000000000000000e+02	1.154358369127375227e+03
7.820000000000000000e+02	1.122827479019776547e+03
7.830000000000000000e+02	1.091977083788597838e+03
7.840000000000000000e+02	1.061798558055295189e+03
7.850000000000000000e+02	1.032283185137494229e+03
7.860000000000000000e+02	1.003422165262533667e+03
7.870000000000000000e+02	9.752066236211732075e+02
7.880000000000000000e+02	9.476276182580132854e+02
7.890000000000000000e+02	9.206761477954740940e+02
7.900000000000000000e+02	8.943431589884459072e+02
7.910000000000000000e+02	8.686195541070101171e+02
7.920000000000000000e+02	8.434961981448918777e+02
7.930000000000000000e+02	8.189639258515712754e+02
7.940000000000000000e+02	7.950135485862485893e+02
7.950000000000000000e+02	7.716358609921029483e+02
7.960000000000000000e+02	7.488216474895438068e+02
7.970000000000000000e+02	7.265616885873982937e+02
7.980000000000000000e+02	7.048467670112033829e+02
7.990000000000000000e+02	6.836676736480267209e+02
8.000000000000000000e+02	6.630152133074511767e+02
8.010000000000000000e+02	6.428802102985775946e+02
8.020000000000000000e+02	6.232535138231256724e+02
8.030000000000000000e+02	6.041260031849117240e+02
8.040000000000000000e+02	5.854885928161861557e+02
8.050000000000000000e+02	5.673322371215055000e+02
8.060000000000000000e+02	5.496479351400039377e+02
8.070000000000000000e+02	5.324267350271103396e+02
8.080000000000000000e+02	5.156597383569234125e+02
8.090000000000000000e+02	4.993381042466369308e+02
8.100000000000000000e+02	4.834530533045537481e+02
8.110000000000000000e+02	4.679958714033870137e+02
8.120000000000000000e+02	4.529579132806911161e+02
8.130000000000000000e+02	4.383306059684037450e+02
8.140000000000000000e+02	4.241054520536119412e+02
8.150000000000000000e+02	4.102740327727792078e+02
8.160000000000000000e+02	3.968280109417866015e+02
8.170000000000000000e+02	3.837591337242574809e+02
8.180000000000000000e+02	3.710592352407340400e+02
8.190000000000000000e+02	3.587202390213722083e+02
8.200000000000000000e+02	3.467341603049139849e+02
8.210000000000000000e+02	3.350931081867781245e+02
8.220000000000000000e+02	3.237892876191903042e+02
8.230000000000000000e+02	3.128150012663434723e+02
8.240000000000000000e+02	3.021626512176415531e+02
8.250000000000000000e+02	2.918247405621449957e+02
8.260000000000000000e+02	2.817938748273809324e+02
8.270000000000000000e+02	2.720627632857385265e+02
8.280000000000000000e+02	2.626242201316972000e+02
8.290000000000000000e+02	2.534711655331836653e+02
8.300000000000000000e+02	2.445966265603769898e+02
8.310000000000000000e+02	2.359937379953053664e+02
8.320000000000000000e+02	2.276557430256014811e+02
8.330000000000000000e+02	2.195759938257935744e+02
8.340000000000000000e+02	2.117479520295210307e+02
8.350000000000000000e+02	2.041651890960662570e+02
8.360000000000000000e+02	1.968213865745996145e+02
8.370000000000000000e+02	1.897103362695208943e+02
8.380000000000000000e+02	1.828259403102806573e+02
8.390000000000000000e+02	1.761622111290502914e+02
8.400000000000000000e+02	1.697132713495863356e+02
8.410000000000000000e+02	1.634733535906270845e+02
8.420000000000000000e+02	1.574368001871210083e+02
8.430000000000000000e+02	1.515980628325719977e+02
8.440000000000000000e+02	1.459517021457460544e+02
8.450000000000000000e+02	1.404923871649570231e+02
8.460000000000000000e+02	1.352148947731091653e+02
8.470000000000000000e+02	1.301141090566347884e+02
8.480000000000000000e+02	1.251850206014251086e+02
8.490000000000000000e+02	1.204227257288055171e+02
8.500000000000000000e+02	1.158224256745625098e+02
8.510000000000000000e+02	1.113794257139780228e+02
8.520000000000000000e+02	1.070891342357777631e+02
8.530000000000000000e+02	1.029470617678459377e+02
8.540000000000000000e+02	9.894881995750679948e+01
8.550000000000000000e+02	9.509012050911377401e+01
8.560000000000000000e+02	9.136677408163404834e+01
8.570000000000000000e+02	8.777468914885285756e+01
8.580000000000000000e+02	8.430987082476706007e+01
8.590000000000000000e+02	8.096841965667223917e+01
8.600000000000000000e+02	7.774653038838999919e+01
8.610000000000000000e+02	7.464049069601558983e+01
8.620000000000000000e+02	7.164667989850705965e+01
8.630000000000000000e+02	6.876156764537026334e+01
8.640000000000000000e+02	6.598171258363259994e+01
8.650000000000000000e+02	6.330376100623216473e+01
8.660000000000000000e+02	6.072444548388615004e+01
8.670000000000000000e+02	5.824058348243659111e+01
8.680000000000000000e+02	5.584907596760837123e+01
8.690000000000000000e+02	5.354690599904876080e+01
8.700000000000000000e+02	5.133113731545419967e+01
8.710000000000000000e+02	4.919891291252680077e+01
8.720000000000000000e+02	4.714745361543771907e+01
8.730000000000000000e+02	4.517405664741354343e+01
8.740000000000000000e+02	4.327609419599803431e+01
8.750000000000000000e+02	4.145101197847986185e+01
8.760000000000000000e+02	3.969632780791528859e+01
8.770000000000000000e+02	3.800963016111556669e+01
8.780000000000000000e+02	3.638857674990669722e+01
8.790000000000000000e+02	3.483089309691228408e+01
8.800000000000000000e+02	3.333437111705122646e+01
8.810000000000000000e+02	3.189686770588394182e+01
8.820000000000000000e+02	3.051630333588677502e+01
8.830000000000000000e+02	2.919066066167628293e+01
8.840000000000000000e+02	2.791798313515351282e+01
8.850000000000000000e+02	2.669637363148337528e+01
8.860000000000000000e+02	2.552399308677292211e+01
8.870000000000000000e+02	2.439905914826207578e+01
8.880000000000000000e+02	2.331984483778943229e+01
8.890000000000000000e+02	2.228467722924849781e+01
8.900000000000000000e+02	2.129193614070156215e+01
8.910000000000000000e+02	2.034005284177260009e+01
8.920000000000000000e+02	1.942750877689633171e+01
8.930000000000000000e+02	1.855283430495545716e+01
8.940000000000000000e+02	1.771460745579787854e+01
8.950000000000000000e+02	1.691145270408282641e+01
8.960000000000000000e+02	1.614203976086542269e+01
8.970000000000000000e+02	1.540508238329174162e+01
8.980000000000000000e+02	1.469933720273743205e+01
8.990000000000000000e+02	1.402360257168811586e+01
9.000000000000000000e+02	1.337671742962478660e+01
9.010000000000000000e+02	1.275756018814328563e+01
9.020000000000000000e+02	1.216504763550559964e+01
9.030000000000000000e+02	1.159813386078888087e+01
9.040000000000000000e+02	1.105580919776834570e+01
9.050000000000000000e+02	1.053709918864225159e+01
9.060000000000000000e+02	1.004106356767850450e+01
9.070000000000000000e+02	9.566795264837356427e+00
9.080000000000000000e+02	9.113419429398840421e+00
9.090000000000000000e+02	8.680092473599579250e+00
9.100000000000000000e+02	8.266001136261344584e+00
9.110000000000000000e+02	7.870361566371186335e+00
9.120000000000000000e+02	7.492418426553014044e+00
9.130000000000000000e+02	7.131444016350437565e+00
9.140000000000000000e+02	6.786737415222096281e+00
9.150000000000000000e+02	6.457623645133645063e+00
9.160000000000000000e+02	6.143452852613322079e+00
9.170000000000000000e+02	5.843599510122913010e+00
9.180000000000000000e+02	5.557461636581157549e+00
9.190000000000000000e+02	5.284460036862734356e+00
9.200000000000000000e+02	5.024037560083468357e+00
9.210000000000000000e+02	4.775658376470143018e+00
9.220000000000000000e+02	4.538807272602261023e+00
9.230000000000000000e+02	4.312988964803002645e+00
9.240000000000000000e+02	4.097727430446773234e+00
9.250000000000000000e+02	3.892565256942362328e+00
9.260000000000000000e+02	3.697063008142481344e+00
9.270000000000000000e+02	3.510798607923341752e+00
9.280000000000000000e+02	3.333366740671290351e+00
9.290000000000000000e+02	3.164378268407611383e+00
9.300000000000000000e+02	3.003459664277419172e+00
9.310000000000000000e+02	2.850252462123806119e+00
9.320000000000000000e+02	2.704412721864449587e+00
9.330000000000000000e+02	2.565610510384413789e+00
9.340000000000000000e+02	2.433529397655798121e+00
9.350000000000000000e+02	2.307865967792751771e+00
9.360000000000000000e+02	2.188329344748193073e+00
9.370000000000000000e+02	2.074640732357241113e+00
9.380000000000000000e+02	1.966532968431476069e+00
9.390000000000000000e+02	1.863750092607459941e+00
9.400000000000000000e+02	1.766046927652838106e+00
9.410000000000000000e+02	1.673188673933735604e+00
9.420000000000000000e+02	1.584950516747559268e+00
9.430000000000000000e+02	1.501117246226458590e+00
9.440000000000000000e+02	1.421482889517963422e+00
9.450000000000000000e+02	1.345850354950838934e+00
9.460000000000000000e+02	1.274031087896237757e+00
9.470000000000000000e+02	1.205844738036285335e+00
9.480000000000000000e+02	1.141118837754717230e+00
9.490000000000000000e+02	1.079688491366876057e+00
9.500000000000000000e+02	1.021396074909197482e+00
9.510000000000000000e+02	9.660909462114718460e-01
9.520000000000000000e+02	9.136291649784405999e-01
9.530000000000000000e+02	8.638732226107200818e-01
9.540000000000000000e+02	8.166917814987081359e-01
9.550000000000000000e+02	7.719594235268417703e-01
9.560000000000000000e+02	7.295564075295695172e-01
9.570000000000000000e+02	6.893684354443017082e-01
9.580000000000000000e+02	6.512864269108569193e-01
9.590000000000000000e+02	6.152063020710437646e-01
9.600000000000000000e+02	5.810287723264151438e-01
9.610000000000000000e+02	5.486591388165591443e-01
9.620000000000000000e+02	5.180070983847706589e-01
9.630000000000000000e+02	4.889865568024370224e-01
9.640000000000000000e+02	4.615154490280375388e-01
9.650000000000000000e+02	4.355155662812041917e-01
9.660000000000000000e+02	4.109123897169422168e-01
9.670000000000000000e+02	3.876349304897058756e-01
9.680000000000000000e+02	3.656155760016671086e-01
9.690000000000000000e+02	3.447899421341740211e-01
9.700000000000000000e+02	3.250967312660065778e-01
9.710000000000000000e+02	3.064775958866920447e-01
9.720000000000000000e+02	2.888770076177233914e-01
9.730000000000000000e+02	2.722421314591439434e-01
9.740000000000000000e+02	2.565227050835020006e-01
9.750000000000000000e+02	2.416709230037111800e-01
9.760000000000000000e+02	2.276413254458549140e-01
9.770000000000000000e+02	2.143906917624165687e-01
9.780000000000000000e+02	2.018779382258167610e-01
9.790000000000000000e+02	1.900640200465073815e-01
9.800000000000000000e+02	1.789118374641651688e-01
9.810000000000000000e+02	1.683861457647827520e-01
9.820000000000000000e+02	1.584534690806340129e-01
9.830000000000000000e+02	1.490820178342321389e-01
9.840000000000000000e+02	1.402416096914430588e-01
9.850000000000000000e+02	1.319035938929350171e-01
9.860000000000000000e+02	1.240407788370614800e-01
9.870000000000000000e+02	1.166273627911387917e-01
9.880000000000000000e+02	1.096388676118719707e-01
9.890000000000000000e+02	1.030520753593942851e-01
9.900000000000000000e+02	9.684496769303842234e-02
9.910000000000000000e+02	9.099666794051768093e-02
9.920000000000000000e+02	8.548738573570077715e-02
9.930000000000000000e+02	8.029836412357312103e-02
9.940000000000000000e+02	7.541182903433281404e-02
9.950000000000000000e+02	7.081094103182675181e-02
9.960000000000000000e+02	6.647974924473322444e-02
9.970000000000000000e+02	6.240314739200659294e-02
9.980000000000000000e+02	5.856683181714167352e-02
9.990000000000000000e+02	5.495726144878176900e-02
1.000000000000000000e+03	5.156161960807514877e-02
