4.410000000000000000e+02	1.443812686408975754e+00
4.420000000000000000e+02	1.554306609446153509e+00
4.430000000000000000e+02	1.672740042038510122e+00
4.440000000000000000e+02	1.799642047756176533e+00
4.450000000000000000e+02	1.935573775477043457e+00
4.460000000000000000e+02	2.081130174494226992e+00
4.470000000000000000e+02	2.236941785325849974e+00
4.480000000000000000e+02	2.403676608504417000e+00
4.490000000000000000e+02	2.582042053619801436e+00
4.500000000000000000e+02	2.772786970880744661e+00
4.510000000000000000e+02	2.976703767444037751e+00
4.520000000000000000e+02	3.194630610738005139e+00
4.530000000000000000e+02	3.427453720976897600e+00
4.540000000000000000e+02	3.676109755024910886e+00
4.550000000000000000e+02	3.941588283722617270e+00
4.560000000000000000e+02	4.224934364733458736e+00
4.570000000000000000e+02	4.527251212904015887e+00
4.580000000000000000e+02	4.849702970057641060e+00
4.590000000000000000e+02	5.193517576057052665e+00
4.600000000000000000e+02	5.559989742876417118e+00
4.610000000000000000e+02	5.950484033317583688e+00
4.620000000000000000e+02	6.366438045886841479e+00
4.630000000000000000e+02	6.809365707218854702e+00
4.640000000000000000e+02	7.280860673291387641e+00
4.650000000000000000e+02	7.782599840518447110e+00
4.660000000000000000e+02	8.316346967639805854e+00
4.670000000000000000e+02	8.883956409140870036e+00
4.680000000000000000e+02	9.487376960738528098e+00
4.690000000000000000e+02	1.012865581725502473e+01
4.700000000000000000e+02	1.080994264297298990e+01
4.710000000000000000e+02	1.153349375431983148e+01
4.720000000000000000e+02	1.230167641446870697e+01
4.730000000000000000e+02	1.311697323916559732e+01
4.740000000000000000e+02	1.398198671279734384e+01
4.750000000000000000e+02	1.489944381340399993e+01
4.760000000000000000e+02	1.587220074500935496e+01
4.770000000000000000e+02	1.690324777529670897e+01
4.780000000000000000e+02	1.799571417629402248e+01
4.790000000000000000e+02	1.915287326536009971e+01
4.800000000000000000e+02	2.037814754344269019e+01
4.810000000000000000e+02	2.167511392770667200e+01
4.820000000000000000e+02	2.304750907869651044e+01
4.830000000000000000e+02	2.449923484263607776e+01
4.840000000000000000e+02	2.603436394493239803e+01
4.850000000000000000e+02	2.765714666825679657e+01
4.860000000000000000e+02	2.937202210897898524e+01
4.870000000000000000e+02	3.118365029506324504e+01
4.880000000000000000e+02	3.309703352818373645e+01
4.890000000000000000e+02	3.511799266613103043e+01
4.900000000000000000e+02	3.725495278405168875e+01
4.910000000000000000e+02	3.952519873526124172e+01
4.920000000000000000e+02	4.197521869620836554e+01
4.930000000000000000e+02	4.474192379573391065e+01
4.940000000000000000e+02	4.822264294592058320e+01
4.950000000000000000e+02	5.350925070260769445e+01
4.960000000000000000e+02	6.340334433083286569e+01
4.970000000000000000e+02	8.457684077574056403e+01
4.980000000000000000e+02	1.317198947141208691e+02
4.990000000000000000e+02	2.346224883399365808e+02
5.000000000000000000e+02	4.486573632491549120e+02
5.010000000000000000e+02	8.675301107477416735e+02
5.020000000000000000e+02	1.634123901912838846e+03
5.030000000000000000e+02	2.941356439111246800e+03
5.040000000000000000e+02	5.012238712087997555e+03
5.050000000000000000e+02	8.050146230628934973e+03
5.060000000000000000e+02	1.215967543282464430e+04
5.070000000000000000e+02	1.725497518526177373e+04
5.080000000000000000e+02	2.298988754441070705e+04
5.090000000000000000e+02	2.875148152842325726e+04
5.100000000000000000e+02	3.374548486284901446e+04
5.110000000000000000e+02	3.716794962842983659e+04
5.120000000000000000e+02	3.841550028455605207e+04
5.130000000000000000e+02	3.725929656078440894e+04
5.140000000000000000e+02	3.391392034858525585e+04
5.150000000000000000e+02	2.897274424744612043e+04
5.160000000000000000e+02	2.323648477364071005e+04
5.170000000000000000e+02	1.750288759270275114e+04
5.180000000000000000e+02	1.239280761571271978e+04
5.190000000000000000e+02	8.261602361733599537e+03
5.200000000000000000e+02	5.202876722918935229e+03
5.210000000000000000e+02	3.116901366184940798e+03
5.220000000000000000e+02	1.802190079661596428e+03
5.230000000000000000e+02	1.035431620373312171e+03
5.240000000000000000e+02	6.222722302256231615e+02
5.250000000000000000e+02	4.181272626630931200e+02
5.260000000000000000e+02	3.278328587124553906e+02
5.270000000000000000e+02	2.949809069898009852e+02
5.280000000000000000e+02	2.891447316909351457e+02
5.290000000000000000e+02	2.952902357770428807e+02
5.300000000000000000e+02	3.065841074708064866e+02
5.310000000000000000e+02	3.201635168229460646e+02
5.320000000000000000e+02	3.349246271939213102e+02
5.330000000000000000e+02	3.504801257557622307e+02
5.340000000000000000e+02	3.667120801738306568e+02
5.350000000000000000e+02	3.835963468184009457e+02
5.360000000000000000e+02	4.011391600822697683e+02
5.370000000000000000e+02	4.193560011296255539e+02
5.380000000000000000e+02	4.382650784414129816e+02
5.390000000000000000e+02	4.578854562551905474e+02
5.400000000000000000e+02	4.782365473572031647e+02
5.410000000000000000e+02	4.993379759021501059e+02
5.420000000000000000e+02	5.212095326918387173e+02
5.430000000000000000e+02	5.438711513027612909e+02
5.440000000000000000e+02	5.673428879507054035e+02
5.450000000000000000e+02	5.916449012954856244e+02
5.460000000000000000e+02	6.167974313998321350e+02
5.470000000000000000e+02	6.428207776887858245e+02
5.480000000000000000e+02	6.697352758805624262e+02
5.490000000000000000e+02	6.975612738841706459e+02
5.500000000000000000e+02	7.263191066650456378e+02
5.510000000000000000e+02	7.560290700829070829e+02
5.520000000000000000e+02	7.867113937085808857e+02
5.530000000000000000e+02	8.183862126290546257e+02
5.540000000000000000e+02	8.510735382526728472e+02
5.550000000000000000e+02	8.847932281290364926e+02
5.560000000000000000e+02	9.195649548009587306e+02
5.570000000000000000e+02	9.554081737086405610e+02
5.580000000000000000e+02	9.923420901691252993e+02
5.590000000000000000e+02	1.030385625457038486e+03
5.600000000000000000e+02	1.069557382015610983e+03
5.610000000000000000e+02	1.109875607830035506e+03
5.620000000000000000e+02	1.151358159998270821e+03
5.630000000000000000e+02	1.194022467537520242e+03
5.640000000000000000e+02	1.237885493467744027e+03
5.650000000000000000e+02	1.282963696216710787e+03
5.660000000000000000e+02	1.329272990394217686e+03
5.670000000000000000e+02	1.376828706986293355e+03
5.680000000000000000e+02	1.425645553023301773e+03
5.690000000000000000e+02	1.475737570778979943e+03
5.700000000000000000e+02	1.527118096560539925e+03
5.710000000000000000e+02	1.579799719152984608e+03
5.720000000000000000e+02	1.633794237983791163e+03
5.730000000000000000e+02	1.689112621077037602e+03
5.740000000000000000e+02	1.745764962868898692e+03
5.750000000000000000e+02	1.803760441959230320e+03
5.760000000000000000e+02	1.863107278876611417e+03
5.770000000000000000e+02	1.923812693936827372e+03
5.780000000000000000e+02	1.985882865277214023e+03
5.790000000000000000e+02	2.049322887151627128e+03
5.800000000000000000e+02	2.114136728573020719e+03
5.810000000000000000e+02	2.180327192392640882e+03
5.820000000000000000e+02	2.247895874906786958e+03
5.830000000000000000e+02	2.316843126083769221e+03
5.840000000000000000e+02	2.387168010505302391e+03
5.850000000000000000e+02	2.458868269117894215e+03
5.860000000000000000e+02	2.531940281890990263e+03
5.870000000000000000e+02	2.606379031479579680e+03
5.880000000000000000e+02	2.682178067989723786e+03
5.890000000000000000e+02	2.759329474945994207e+03
5.900000000000000000e+02	2.837823836560080963e+03
5.910000000000000000e+02	2.917650206399909166e+03
5.920000000000000000e+02	2.998796077558378329e+03
5.930000000000000000e+02	3.081247354420407191e+03
5.940000000000000000e+02	3.164988326126249376e+03
5.950000000000000000e+02	3.250001641828061111e+03
5.960000000000000000e+02	3.336268287835476713e+03
5.970000000000000000e+02	3.423767566744407759e+03
5.980000000000000000e+02	3.512477078641495609e+03
5.990000000000000000e+02	3.602372704474571492e+03
6.000000000000000000e+02	3.693428591677114582e+03
6.010000000000000000e+02	3.785617142132067329e+03
6.020000000000000000e+02	3.878909002557439180e+03
6.030000000000000000e+02	3.973273057392931605e+03
6.040000000000000000e+02	4.068676424263344870e+03
6.050000000000000000e+02	4.165084452090749437e+03
6.060000000000000000e+02	4.262460721923392157e+03
6.070000000000000000e+02	4.360767050545015081e+03
6.080000000000000000e+02	4.459963496923683124e+03
6.090000000000000000e+02	4.560008371554423320e+03
6.100000000000000000e+02	4.660858248744903904e+03
6.110000000000000000e+02	4.762467981888077702e+03
6.120000000000000000e+02	4.864790721760201450e+03
6.130000000000000000e+02	4.967777937876842770e+03
6.140000000000000000e+02	5.071379442933586688e+03
6.150000000000000000e+02	5.175543420351943496e+03
6.160000000000000000e+02	5.280216454944644283e+03
6.170000000000000000e+02	5.385343566707992068e+03
6.180000000000000000e+02	5.490868247742268068e+03
6.190000000000000000e+02	5.596732502294404185e+03
6.200000000000000000e+02	5.702876889910153295e+03
6.210000000000000000e+02	5.809240571676041327e+03
6.220000000000000000e+02	5.915761359524165528e+03
6.230000000000000000e+02	6.022375768565769249e+03
6.240000000000000000e+02	6.129019072412273090e+03
6.250000000000000000e+02	6.235625361435149898e+03
6.260000000000000000e+02	6.342127603908723358e+03
6.270000000000000000e+02	6.448457709972748489e+03
6.280000000000000000e+02	6.554546598344314589e+03
6.290000000000000000e+02	6.660324265701442528e+03
6.300000000000000000e+02	6.765719858653600568e+03
6.310000000000000000e+02	6.870661748207337951e+03
6.320000000000000000e+02	6.975077606628268768e+03
6.330000000000000000e+02	7.078894486593902911e+03
6.340000000000000000e+02	7.182038902525098820e+03
6.350000000000000000e+02	7.284436913977542645e+03
6.360000000000000000e+02	7.386014210968297448e+03
6.370000000000000000e+02	7.486696201106491571e+03
6.380000000000000000e+02	7.586408098391349995e+03
6.390000000000000000e+02	7.685075013535254584e+03
6.400000000000000000e+02	7.782622045664205871e+03
6.410000000000000000e+02	7.878974375243107716e+03
6.420000000000000000e+02	7.974057358068594112e+03
6.430000000000000000e+02	8.067796620167805486e+03
6.440000000000000000e+02	8.160118153437497313e+03
6.450000000000000000e+02	8.250948411854255028e+03
6.460000000000000000e+02	8.340214408083327726e+03
6.470000000000000000e+02	8.427843810310696426e+03
6.480000000000000000e+02	8.513765039120593428e+03
6.490000000000000000e+02	8.597907364238570153e+03
6.500000000000000000e+02	8.680201000958619261e+03
6.510000000000000000e+02	8.760577206071671753e+03
6.520000000000000000e+02	8.838968373112025802e+03
6.530000000000000000e+02	8.915308126737943894e+03
6.540000000000000000e+02	8.989531416062856806e+03
6.550000000000000000e+02	9.061574606754138586e+03
6.560000000000000000e+02	9.131375571717586354e+03
6.570000000000000000e+02	9.198873780187148441e+03
6.580000000000000000e+02	9.264010385041527115e+03
6.590000000000000000e+02	9.326728308171679600e+03
6.600000000000000000e+02	9.386972323726127797e+03
6.610000000000000000e+02	9.444689139064385017e+03
6.620000000000000000e+02	9.499827473252553318e+03
6.630000000000000000e+02	9.552338132939376010e+03
6.640000000000000000e+02	9.602174085455761087e+03
6.650000000000000000e+02	9.649290528985740821e+03
6.660000000000000000e+02	9.693644959662429756e+03
6.670000000000000000e+02	9.735197235448353240e+03
6.680000000000000000e+02	9.773909636665792277e+03
6.690000000000000000e+02	9.809746923049395264e+03
6.700000000000000000e+02	9.842676387200290264e+03
6.710000000000000000e+02	9.872667904328192890e+03
6.720000000000000000e+02	9.899693978175630036e+03
6.730000000000000000e+02	9.923729783026292353e+03
6.740000000000000000e+02	9.944753201707640983e+03
6.750000000000000000e+02	9.962744859506388821e+03
6.760000000000000000e+02	9.977688153923998470e+03
6.770000000000000000e+02	9.989569280208273995e+03
6.780000000000000000e+02	9.998377252606054753e+03
6.790000000000000000e+02	1.000410392129122010e+04
6.800000000000000000e+02	1.000674398493148874e+04
6.810000000000000000e+02	1.000629499886689155e+04
6.820000000000000000e+02	1.000275737888224467e+04
6.830000000000000000e+02	9.996134400565486430e+03
6.840000000000000000e+02	9.986432194253256966e+03
6.850000000000000000e+02	9.973659735574638034e+03
6.860000000000000000e+02	9.957828831613474904e+03
6.870000000000000000e+02	9.938954102719142611e+03
6.880000000000000000e+02	9.917052960004992201e+03
6.890000000000000000e+02	9.892145578582920280e+03
6.900000000000000000e+02	9.864254866591720202e+03
6.910000000000000000e+02	9.833406430085704415e+03
6.920000000000000000e+02	9.799628533858985975e+03
6.930000000000000000e+02	9.762952058289276465e+03
6.940000000000000000e+02	9.723410452293475828e+03
6.950000000000000000e+02	9.681039682495331363e+03
6.960000000000000000e+02	9.635878178713339366e+03
6.970000000000000000e+02	9.587966775884491653e+03
6.980000000000000000e+02	9.537348652546736048e+03
6.990000000000000000e+02	9.484069266009830244e+03
7.000000000000000000e+02	9.428176284350809510e+03
7.010000000000000000e+02	9.369719515376440540e+03
7.020000000000000000e+02	9.308750832700754472e+03
7.030000000000000000e+02	9.245324099091165408e+03
7.040000000000000000e+02	9.179495087241590227e+03
7.050000000000000000e+02	9.111321398135583877e+03
7.060000000000000000e+02	9.040862377166497026e+03
7.070000000000000000e+02	8.968179028185470088e+03
7.080000000000000000e+02	8.893333925651180834e+03
7.090000000000000000e+02	8.816391125058078615e+03
7.100000000000000000e+02	8.737416071822142840e+03
7.110000000000000000e+02	8.656475508805066056e+03
7.120000000000000000e+02	8.573637382659137074e+03
7.130000000000000000e+02	8.488970749176014579e+03
7.140000000000000000e+02	8.402545677823118240e+03
7.150000000000000000e+02	8.314433155651306151e+03
7.160000000000000000e+02	8.224704990757132691e+03
7.170000000000000000e+02	8.133433715482042317e+03
7.180000000000000000e+02	8.040692489529617887e+03
7.190000000000000000e+02	7.946555003180154017e+03
7.200000000000000000e+02	7.851095380779737752e+03
7.210000000000000000e+02	7.754388084678394989e+03
7.220000000000000000e+02	7.656507819788870620e+03
7.230000000000000000e+02	7.557529438934291647e+03
7.240000000000000000e+02	7.457527849149156282e+03
7.250000000000000000e+02	7.356577919094063873e+03
7.260000000000000000e+02	7.254754387740098537e+03
7.270000000000000000e+02	7.152131774474062695e+03
7.280000000000000000e+02	7.048784290770648113e+03
7.290000000000000000e+02	6.944785753572319663e+03
7.300000000000000000e+02	6.840209500511978149e+03
7.310000000000000000e+02	6.735128307107674118e+03
7.320000000000000000e+02	6.629614306052450956e+03
7.330000000000000000e+02	6.523738908716130936e+03
7.340000000000000000e+02	6.417572728969277705e+03
7.350000000000000000e+02	6.311185509432951221e+03
7.360000000000000000e+02	6.204646050250964436e+03
7.370000000000000000e+02	6.098022140474440675e+03
7.380000000000000000e+02	5.991380492141364812e+03
7.390000000000000000e+02	5.884786677126690847e+03
7.400000000000000000e+02	5.778305066831308068e+03
7.410000000000000000e+02	5.671998774770975615e+03
7.420000000000000000e+02	5.565929602118951152e+03
7.430000000000000000e+02	5.460157986248844281e+03
7.440000000000000000e+02	5.354742952316904848e+03
7.450000000000000000e+02	5.249742067915709413e+03
7.460000000000000000e+02	5.145211400824096927e+03
7.470000000000000000e+02	5.041205479871046919e+03
7.480000000000000000e+02	4.937777258924196758e+03
7.490000000000000000e+02	4.834978084006827885e+03
7.500000000000000000e+02	4.732857663540358772e+03
7.510000000000000000e+02	4.631464041702771283e+03
7.520000000000000000e+02	4.530843574886915121e+03
7.530000000000000000e+02	4.431040911236380452e+03
7.540000000000000000e+02	4.332098973230484262e+03
7.550000000000000000e+02	4.234058943284046109e+03
7.560000000000000000e+02	4.136960252321930966e+03
7.570000000000000000e+02	4.040840571282847122e+03
7.580000000000000000e+02	3.945735805501692084e+03
7.590000000000000000e+02	3.851680091914710374e+03
7.600000000000000000e+02	3.758705799027016383e+03
7.610000000000000000e+02	3.666843529577520258e+03
7.620000000000000000e+02	3.576122125832109305e+03
7.630000000000000000e+02	3.486568677431953347e+03
7.640000000000000000e+02	3.398208531720155861e+03
7.650000000000000000e+02	3.311065306466549373e+03
7.660000000000000000e+02	3.225160904907319946e+03
7.670000000000000000e+02	3.140515533013321601e+03
7.680000000000000000e+02	3.057147718898360381e+03
7.690000000000000000e+02	2.975074334276468107e+03
7.700000000000000000e+02	2.894310617875188200e+03
7.710000000000000000e+02	2.814870200710176505e+03
7.720000000000000000e+02	2.736765133124990371e+03
7.730000000000000000e+02	2.660005913498747759e+03
7.740000000000000000e+02	2.584601518523486448e+03
7.750000000000000000e+02	2.510559434952357606e+03
7.760000000000000000e+02	2.437885692719468352e+03
7.770000000000000000e+02	2.366584899332027362e+03
7.780000000000000000e+02	2.296660275435586300e+03
7.790000000000000000e+02	2.228113691453516822e+03
7.800000000000000000e+02	2.160945705202469071e+03
7.810000000000000000e+02	2.095155600386345213e+03
7.820000000000000000e+02	2.030741425872369746e+03
7.830000000000000000e+02	1.967700035654046815e+03
7.840000000000000000e+02	1.906027129407226766e+03
7.850000000000000000e+02	1.845717293547111012e+03
7.860000000000000000e+02	1.786764042695809621e+03
7.870000000000000000e+02	1.729159861471988961e+03
7.880000000000000000e+02	1.672896246516288556e+03
7.890000000000000000e+02	1.617963748668387552e+03
7.900000000000000000e+02	1.564352015214002449e+03
7.910000000000000000e+02	1.512049832122591852e+03
7.920000000000000000e+02	1.461045166199141249e+03
7.930000000000000000e+02	1.411325207076125480e+03
7.940000000000000000e+02	1.362876408974539800e+03
7.950000000000000000e+02	1.315684532165759265e+03
7.960000000000000000e+02	1.269734684068950855e+03
7.970000000000000000e+02	1.225011359921754320e+03
7.980000000000000000e+02	1.181498482965003177e+03
7.990000000000000000e+02	1.139179444085348450e+03
8.000000000000000000e+02	1.098037140862771139e+03
8.010000000000000000e+02	1.058054015973098103e+03
8.020000000000000000e+02	1.019212094898795158e+03
8.030000000000000000e+02	9.814930229044460930e+02
8.040000000000000000e+02	9.448781012364746630e+02
8.050000000000000000e+02	9.093483225097910463e+02
8.060000000000000000e+02	8.748844052471340547e+02
8.070000000000000000e+02	8.414668275399618551e+02
8.080000000000000000e+02	8.090758598027598509e+02
8.090000000000000000e+02	7.776915965956213768e+02
8.100000000000000000e+02	7.472939874928980544e+02
8.110000000000000000e+02	7.178628669785642842e+02
8.120000000000000000e+02	6.893779833517835414e+02
8.130000000000000000e+02	6.618190266288675048e+02
8.140000000000000000e+02	6.351656554305181999e+02
8.150000000000000000e+02	6.093975228458058382e+02
8.160000000000000000e+02	5.844943012668568372e+02
8.170000000000000000e+02	5.604357061906442823e+02
8.180000000000000000e+02	5.372015189865954881e+02
8.190000000000000000e+02	5.147716086309897037e+02
8.200000000000000000e+02	4.931259524112423378e+02
8.210000000000000000e+02	4.722446556052478286e+02
8.220000000000000000e+02	4.521079701428839712e+02
8.230000000000000000e+02	4.326963122586500958e+02
8.240000000000000000e+02	4.139902791461610150e+02
8.250000000000000000e+02	3.959706646268700752e+02
8.260000000000000000e+02	3.786184738469577269e+02
8.270000000000000000e+02	3.619149370177626110e+02
8.280000000000000000e+02	3.458415222165027672e+02
8.290000000000000000e+02	3.303799472652699478e+02
8.300000000000000000e+02	3.155121907074567389e+02
8.310000000000000000e+02	3.012205019018155667e+02
8.320000000000000000e+02	2.874874102553236526e+02
8.330000000000000000e+02	2.742957336168979054e+02
8.340000000000000000e+02	2.616285858547690282e+02
8.350000000000000000e+02	2.494693836410239953e+02
8.360000000000000000e+02	2.378018524674155287e+02
8.370000000000000000e+02	2.266100319170537034e+02
8.380000000000000000e+02	2.158782802170242974e+02
8.390000000000000000e+02	2.055912780973269207e+02
8.400000000000000000e+02	1.957340319818004275e+02
8.410000000000000000e+02	1.862918765368951597e+02
8.420000000000000000e+02	1.772504766042862627e+02
8.430000000000000000e+02	1.685958285433671335e+02
8.440000000000000000e+02	1.603142610096659553e+02
8.450000000000000000e+02	1.523924351951478116e+02
8.460000000000000000e+02	1.448173445562418351e+02
8.470000000000000000e+02	1.375763140552418804e+02
8.480000000000000000e+02	1.306569989404942476e+02
8.490000000000000000e+02	1.240473830904977035e+02
8.500000000000000000e+02	1.177357769467046467e+02
8.510000000000000000e+02	1.117108150594397671e+02
8.520000000000000000e+02	1.059614532709299368e+02
8.530000000000000000e+02	1.004769655589928021e+02
8.540000000000000000e+02	9.524694056443733814e+01
8.550000000000000000e+02	9.026127782471830585e+01
8.560000000000000000e+02	8.551018373583674759e+01
8.570000000000000000e+02	8.098416726391290865e+01
8.580000000000000000e+02	7.667403542726306398e+01
8.590000000000000000e+02	7.257088856920283604e+01
8.600000000000000000e+02	6.866611544117266419e+01
8.610000000000000000e+02	6.495138811513882615e+01
8.620000000000000000e+02	6.141865674357134708e+01
8.630000000000000000e+02	5.806014418463986715e+01
8.640000000000000000e+02	5.486834050959764397e+01
8.650000000000000000e+02	5.183599740865424366e+01
8.660000000000000000e+02	4.895612251095839440e+01
8.670000000000000000e+02	4.622197363363950728e+01
8.680000000000000000e+02	4.362705297418059303e+01
8.690000000000000000e+02	4.116510125972202161e+01
8.700000000000000000e+02	3.883009186623115738e+01
8.710000000000000000e+02	3.661622491981050587e+01
8.720000000000000000e+02	3.451792139176322394e+01
8.730000000000000000e+02	3.252981719839329600e+01
8.740000000000000000e+02	3.064675731587986363e+01
8.750000000000000000e+02	2.886378991994623888e+01
8.760000000000000000e+02	2.717616055943117104e+01
8.770000000000000000e+02	2.557930637227493165e+01
8.780000000000000000e+02	2.406885035184819444e+01
8.790000000000000000e+02	2.264059567098531289e+01
8.800000000000000000e+02	2.129052007053021711e+01
8.810000000000000000e+02	2.001477031866749456e+01
8.820000000000000000e+02	1.880965674679157829e+01
8.830000000000000000e+02	1.767164786716399405e+01
8.840000000000000000e+02	1.659736507712412035e+01
8.850000000000000000e+02	1.558357745415088758e+01
8.860000000000000000e+02	1.462719664562381006e+01
8.870000000000000000e+02	1.372527185669927441e+01
8.880000000000000000e+02	1.287498493930537613e+01
8.890000000000000000e+02	1.207364558486217021e+01
8.900000000000000000e+02	1.131868662295758909e+01
8.910000000000000000e+02	1.060765942784903260e+01
8.920000000000000000e+02	9.938229434319245215e+00
8.930000000000000000e+02	9.308171764091037304e+00
8.940000000000000000e+02	8.715366963698290448e+00
8.950000000000000000e+02	8.157796854421428989e+00
8.960000000000000000e+02	7.633540494622707229e+00
8.970000000000000000e+02	7.140770254559868135e+00
8.980000000000000000e+02	6.677748003517345765e+00
8.990000000000000000e+02	6.242821408868921118e+00
9.000000000000000000e+02	5.834420346477357633e+00
9.010000000000000000e+02	5.451053421641757879e+00
9.020000000000000000e+02	5.091304599624204563e+00
9.030000000000000000e+02	4.753829944621084991e+00
9.040000000000000000e+02	4.437354465892759947e+00
9.050000000000000000e+02	4.140669069625908527e+00
9.060000000000000000e+02	3.862627614976358981e+00
9.070000000000000000e+02	3.602144072626061622e+00
9.080000000000000000e+02	3.358189784084657958e+00
9.090000000000000000e+02	3.129790819874791019e+00
9.100000000000000000e+02	2.916025434658740423e+00
9.110000000000000000e+02	2.716021617293294277e+00
9.120000000000000000e+02	2.528954733738139726e+00
9.130000000000000000e+02	2.354045260690798003e+00
9.140000000000000000e+02	2.190556607777544684e+00
9.150000000000000000e+02	2.037793026094151916e+00
9.160000000000000000e+02	1.895097600862578391e+00
9.170000000000000000e+02	1.761850325949163354e+00
9.180000000000000000e+02	1.637466257976103012e+00
9.190000000000000000e+02	1.521393747750676706e+00
9.200000000000000000e+02	1.413112746735105452e+00
9.210000000000000000e+02	1.312133186284150321e+00
9.220000000000000000e+02	1.217993427386625971e+00
9.230000000000000000e+02	1.130258778661004548e+00
9.240000000000000000e+02	1.048520080373549712e+00
9.250000000000000000e+02	9.723923522697520694e-01
9.260000000000000000e+02	9.015135030357229740e-01
9.270000000000000000e+02	8.355430992355630249e-01
9.280000000000000000e+02	7.741611916029584872e-01
9.290000000000000000e+02	7.170671966002390985e-01
9.300000000000000000e+02	6.639788311955546751e-01
9.310000000000000000e+02	6.146310988483603133e-01
9.320000000000000000e+02	5.687753247347820951e-01
9.330000000000000000e+02	5.261782382874946595e-01
9.340000000000000000e+02	4.866211011691515820e-01
9.350000000000000000e+02	4.498988788440031472e-01
9.360000000000000000e+02	4.158194539588810357e-01
9.370000000000000000e+02	3.842028797920564731e-01
9.380000000000000000e+02	3.548806720763468814e-01
9.390000000000000000e+02	3.276951375511790721e-01
9.400000000000000000e+02	3.024987376468197819e-01
9.410000000000000000e+02	2.791534857526915547e-01
9.420000000000000000e+02	2.575303765702421366e-01
9.430000000000000000e+02	2.375088460993244888e-01
9.440000000000000000e+02	2.189762608551934497e-01
9.450000000000000000e+02	2.018274349609849305e-01
9.460000000000000000e+02	1.859641738078732232e-01
9.470000000000000000e+02	1.712948430217668960e-01
9.480000000000000000e+02	1.577339615215167523e-01
9.490000000000000000e+02	1.452018174989036792e-01
9.500000000000000000e+02	1.336241061952404829e-01
9.510000000000000000e+02	1.229315883931258457e-01
9.520000000000000000e+02	1.130597685846704004e-01
9.530000000000000000e+02	1.039485918194037462e-01
9.540000000000000000e+02	9.554215827594468580e-02
9.550000000000000000e+02	8.778845464139832522e-02
9.560000000000000000e+02	8.063910142130144287e-02
9.570000000000000000e+02	7.404911534072648738e-02
9.580000000000000000e+02	6.797668603388073993e-02
9.590000000000000000e+02	6.238296625519114402e-02
9.600000000000000000e+02	5.723187487941654855e-02
9.610000000000000000e+02	5.248991199180835787e-02
9.620000000000000000e+02	4.812598540171102862e-02
9.630000000000000000e+02	4.411124794429249762e-02
9.640000000000000000e+02	4.041894496530514663e-02
9.650000000000000000e+02	3.702427141291558810e-02
9.660000000000000000e+02	3.390423798872550104e-02
9.670000000000000000e+02	3.103754583713738691e-02
9.680000000000000000e+02	2.840446927821917850e-02
9.690000000000000000e+02	2.598674611421559685e-02
9.700000000000000000e+02	2.376747506384167472e-02
9.710000000000000000e+02	2.173101990151686883e-02
9.720000000000000000e+02	1.986291990076203065e-02
9.730000000000000000e+02	1.814980620211426379e-02
9.740000000000000000e+02	1.657932374614456972e-02
9.750000000000000000e+02	1.514005843150167951e-02
9.760000000000000000e+02	1.382146917639145642e-02
9.770000000000000000e+02	1.261382457954774577e-02
9.780000000000000000e+02	1.150814389359045183e-02
9.790000000000000000e+02	1.049614203972111526e-02
9.800000000000000000e+02	9.570178408003530632e-03
9.810000000000000000e+02	8.723209202039670582e-03
9.820000000000000000e+02	7.948743100708720311e-03
9.830000000000000000e+02	7.240800022810327773e-03
9.840000000000000000e+02	6.593872792970890094e-03
9.850000000000000000e+02	6.002891519057047126e-03
9.860000000000000000e+02	5.463190502617512427e-03
9.870000000000000000e+02	4.970477514569143426e-03
9.880000000000000000e+02	4.520805278476549248e-03
9.890000000000000000e+02	4.110545013372924467e-03
9.900000000000000000e+02	3.736361897152715075e-03
9.910000000000000000e+02	3.395192320159221618e-03
9.920000000000000000e+02	3.084222806712011607e-03
9.930000000000000000e+02	2.800870489991758982e-03
9.940000000000000000e+02	2.542765032944754346e-03
9.950000000000000000e+02	2.307731894704979306e-03
9.960000000000000000e+02	2.093776848477764060e-03
9.970000000000000000e+02	1.899071662905012139e-03
9.980000000000000000e+02	1.721940864654541254e-03
9.990000000000000000e+02	1.560849505363626384e-03
1.000000000000000000e+03	1.414391861135985088e-03
