4.410000000000000000e+02	1.577477117787878797e+03
4.420000000000000000e+02	1.620957921378743094e+03
4.430000000000000000e+02	1.665346956601501688e+03
4.440000000000000000e+02	1.710653412697409749e+03
4.450000000000000000e+02	1.756886243601795513e+03
4.460000000000000000e+02	1.804054155217389507e+03
4.470000000000000000e+02	1.852165592561614176e+03
4.480000000000000000e+02	1.901228726798002526e+03
4.490000000000000000e+02	1.951251442162417106e+03
4.500000000000000000e+02	2.002241322795077394e+03
4.510000000000000000e+02	2.054205639489878195e+03
4.520000000000000000e+02	2.107151336372830883e+03
4.530000000000000000e+02	2.161085017521908412e+03
4.540000000000000000e+02	2.216012933540920585e+03
4.550000000000000000e+02	2.271940968100469036e+03
4.560000000000000000e+02	2.328874624459373990e+03
4.570000000000000000e+02	2.386819011980363939e+03
4.580000000000000000e+02	2.445778832654133566e+03
4.590000000000000000e+02	2.505758367646272291e+03
4.600000000000000000e+02	2.566761463881843156e+03
4.610000000000000000e+02	2.628791520682762894e+03
4.620000000000000000e+02	2.691851476473399543e+03
4.630000000000000000e+02	2.755943795570135535e+03
4.640000000000000000e+02	2.821070455070875596e+03
4.650000000000000000e+02	2.887232931860798089e+03
4.660000000000000000e+02	2.954432189750832549e+03
4.670000000000000000e+02	3.022668666765631315e+03
4.680000000000000000e+02	3.091942262597960962e+03
4.690000000000000000e+02	3.162252326246679331e+03
4.700000000000000000e+02	3.233597643855582646e+03
4.710000000000000000e+02	3.305976426770614580e+03
4.720000000000000000e+02	3.379386299833003704e+03
4.730000000000000000e+02	3.453824289926046731e+03
4.740000000000000000e+02	3.529286814793307713e+03
4.750000000000000000e+02	3.605769672146116591e+03
4.760000000000000000e+02	3.683268029078376003e+03
4.770000000000000000e+02	3.761776411807610657e+03
4.780000000000000000e+02	3.841288695767103036e+03
4.790000000000000000e+02	3.921798096110705046e+03
4.800000000000000000e+02	4.003297158905884316e+03
4.810000000000000000e+02	4.085777754449526583e+03
4.820000000000000000e+02	4.169231079991470324e+03
4.830000000000000000e+02	4.253647706629340064e+03
4.840000000000000000e+02	4.339017825083938078e+03
4.850000000000000000e+02	4.425332330873849060e+03
4.860000000000000000e+02	4.512587211641329304e+03
4.870000000000000000e+02	4.600800014200767691e+03
4.880000000000000000e+02	4.690067325603257814e+03
4.890000000000000000e+02	4.780751231229060068e+03
4.900000000000000000e+02	4.874040463193390678e+03
4.910000000000000000e+02	4.973513769140091426e+03
4.920000000000000000e+02	5.089160530633020244e+03
4.930000000000000000e+02	5.246889647431243247e+03
4.940000000000000000e+02	5.509103494431716172e+03
4.950000000000000000e+02	6.015119467804621308e+03
4.960000000000000000e+02	7.052459653415949106e+03
4.970000000000000000e+02	9.167548304747142538e+03
4.980000000000000000e+02	1.331143656341134920e+04
4.990000000000000000e+02	2.098774683188148265e+04
5.000000000000000000e+02	3.432765907886374771e+04
5.010000000000000000e+02	5.597607776853139512e+04
5.020000000000000000e+02	8.866644459044614632e+04
5.030000000000000000e+02	1.344272842336478061e+05
5.040000000000000000e+02	1.935183914764271467e+05
5.050000000000000000e+02	2.634015950174996397e+05
5.060000000000000000e+02	3.382087902983755921e+05
5.070000000000000000e+02	4.091500268765746732e+05
5.080000000000000000e+02	4.660342309431520407e+05
5.090000000000000000e+02	4.996176934210839681e+05
5.100000000000000000e+02	5.040571452757460065e+05
5.110000000000000000e+02	4.785760484345463337e+05
5.120000000000000000e+02	4.276917872625493910e+05
5.130000000000000000e+02	3.599125295869103866e+05
5.140000000000000000e+02	2.854197972081730259e+05
5.150000000000000000e+02	2.136023726359961147e+05
5.160000000000000000e+02	1.512494810505277128e+05
5.170000000000000000e+02	1.018261093382092076e+05
5.180000000000000000e+02	6.577567721456335858e+04
5.190000000000000000e+02	4.145839896799766575e+04
5.200000000000000000e+02	2.624520036068406262e+04
5.210000000000000000e+02	1.740670525021143476e+04
5.220000000000000000e+02	1.264249906225331506e+04
5.230000000000000000e+02	1.027225798778668468e+04
5.240000000000000000e+02	9.201405221665359932e+03
5.250000000000000000e+02	8.784245218023450434e+03
5.260000000000000000e+02	8.672617186388913979e+03
5.270000000000000000e+02	8.693867867691573338e+03
5.280000000000000000e+02	8.768909549775282358e+03
5.290000000000000000e+02	8.864164638615146032e+03
5.300000000000000000e+02	8.966379205988288959e+03
5.310000000000000000e+02	9.070669213306455276e+03
5.320000000000000000e+02	9.175339728579991061e+03
5.330000000000000000e+02	9.279822764030610415e+03
5.340000000000000000e+02	9.383920314403274460e+03
5.350000000000000000e+02	9.487547331192026832e+03
5.360000000000000000e+02	9.590650809364133238e+03
5.370000000000000000e+02	9.693186136858614191e+03
5.380000000000000000e+02	9.795110677243850660e+03
5.390000000000000000e+02	9.896382163278205553e+03
5.400000000000000000e+02	9.996958338638236455e+03
5.410000000000000000e+02	1.009679690119408770e+04
5.420000000000000000e+02	1.019585551436055539e+04
5.430000000000000000e+02	1.029409183297572417e+04
5.440000000000000000e+02	1.039146353225744861e+04
5.450000000000000000e+02	1.048792833753779269e+04
5.460000000000000000e+02	1.058344405432534222e+04
5.470000000000000000e+02	1.067796859859303731e+04
5.480000000000000000e+02	1.077146002724994105e+04
5.490000000000000000e+02	1.086387656876474102e+04
5.500000000000000000e+02	1.095517665390996808e+04
5.510000000000000000e+02	1.104531894659567843e+04
5.520000000000000000e+02	1.113426237476095594e+04
5.530000000000000000e+02	1.122196616129131689e+04
5.540000000000000000e+02	1.130838985492977736e+04
5.550000000000000000e+02	1.139349336114905418e+04
5.560000000000000000e+02	1.147723697295222883e+04
5.570000000000000000e+02	1.155958140156897571e+04
5.580000000000000000e+02	1.164048780701437136e+04
5.590000000000000000e+02	1.171991782847719514e+04
5.600000000000000000e+02	1.179783361450462689e+04
5.610000000000000000e+02	1.187419785295024485e+04
5.620000000000000000e+02	1.194897380065229117e+04
5.630000000000000000e+02	1.202212531280929579e+04
5.640000000000000000e+02	1.209361687202026224e+04
5.650000000000000000e+02	1.216341361695687556e+04
5.660000000000000000e+02	1.223148137063539616e+04
5.670000000000000000e+02	1.229778666825623804e+04
5.680000000000000000e+02	1.236229678457948830e+04
5.690000000000000000e+02	1.242497976080517401e+04
5.700000000000000000e+02	1.248580443092728638e+04
5.710000000000000000e+02	1.254474044753131056e+04
5.720000000000000000e+02	1.260175830700527695e+04
5.730000000000000000e+02	1.265682937413514992e+04
5.740000000000000000e+02	1.270992590605579244e+04
5.750000000000000000e+02	1.276102107552953021e+04
5.760000000000000000e+02	1.281008899352496337e+04
5.770000000000000000e+02	1.285710473106945756e+04
5.780000000000000000e+02	1.290204434034947553e+04
5.790000000000000000e+02	1.294488487503377655e+04
5.800000000000000000e+02	1.298560440979534542e+04
5.810000000000000000e+02	1.302418205900878456e+04
5.820000000000000000e+02	1.306059799460088834e+04
5.830000000000000000e+02	1.309483346303301187e+04
5.840000000000000000e+02	1.312687080139487989e+04
5.850000000000000000e+02	1.315669345259053443e+04
5.860000000000000000e+02	1.318428597959808758e+04
5.870000000000000000e+02	1.320963407878615908e+04
5.880000000000000000e+02	1.323272459227083527e+04
5.890000000000000000e+02	1.325354551929829177e+04
5.900000000000000000e+02	1.327208602663923011e+04
5.910000000000000000e+02	1.328833645798254656e+04
5.920000000000000000e+02	1.330228834231684050e+04
5.930000000000000000e+02	1.331393440128957809e+04
5.940000000000000000e+02	1.332326855553492169e+04
5.950000000000000000e+02	1.333028592996258703e+04
5.960000000000000000e+02	1.333498285800124540e+04
5.970000000000000000e+02	1.333735688479128657e+04
5.980000000000000000e+02	1.333740676932310816e+04
5.990000000000000000e+02	1.333513248551826109e+04
6.000000000000000000e+02	1.333053522225217603e+04
6.010000000000000000e+02	1.332361738231841628e+04
6.020000000000000000e+02	1.331438258033574311e+04
6.030000000000000000e+02	1.330283563960051833e+04
6.040000000000000000e+02	1.328898258788831481e+04
6.050000000000000000e+02	1.327283065220981371e+04
6.060000000000000000e+02	1.325438825252741117e+04
6.070000000000000000e+02	1.323366499444015608e+04
6.080000000000000000e+02	1.321067166084592645e+04
6.090000000000000000e+02	1.318542020259096353e+04
6.100000000000000000e+02	1.315792372811816131e+04
6.110000000000000000e+02	1.312819649212657714e+04
6.120000000000000000e+02	1.309625388325598760e+04
6.130000000000000000e+02	1.306211241081132721e+04
6.140000000000000000e+02	1.302578969054307163e+04
6.150000000000000000e+02	1.298730442950067845e+04
6.160000000000000000e+02	1.294667640997736089e+04
6.170000000000000000e+02	1.290392647256543387e+04
6.180000000000000000e+02	1.285907649834260337e+04
6.190000000000000000e+02	1.281214939021043938e+04
6.200000000000000000e+02	1.276316905340738595e+04
6.210000000000000000e+02	1.271216037521946055e+04
6.220000000000000000e+02	1.265914920391277155e+04
6.230000000000000000e+02	1.260416232691279038e+04
6.240000000000000000e+02	1.254722744825616974e+04
6.250000000000000000e+02	1.248837316534166894e+04
6.260000000000000000e+02	1.242762894500746370e+04
6.270000000000000000e+02	1.236502509896285483e+04
6.280000000000000000e+02	1.230059275860302478e+04
6.290000000000000000e+02	1.223436384923609148e+04
6.300000000000000000e+02	1.216637106375232906e+04
6.310000000000000000e+02	1.209664783576588343e+04
6.320000000000000000e+02	1.202522831225984373e+04
6.330000000000000000e+02	1.195214732576595452e+04
6.340000000000000000e+02	1.187744036611061711e+04
6.350000000000000000e+02	1.180114355175920355e+04
6.360000000000000000e+02	1.172329360079099388e+04
6.370000000000000000e+02	1.164392780153727654e+04
6.380000000000000000e+02	1.156308398291541380e+04
6.390000000000000000e+02	1.148080048449171954e+04
6.400000000000000000e+02	1.139711612630627133e+04
6.410000000000000000e+02	1.131207017849263502e+04
6.420000000000000000e+02	1.122570233072572591e+04
6.430000000000000000e+02	1.113805266153077901e+04
6.440000000000000000e+02	1.104916160748650873e+04
6.450000000000000000e+02	1.095906993235528353e+04
6.460000000000000000e+02	1.086781869617307893e+04
6.470000000000000000e+02	1.077544922433166903e+04
6.480000000000000000e+02	1.068200307668535970e+04
6.490000000000000000e+02	1.058752201671416151e+04
6.500000000000000000e+02	1.049204798077510168e+04
6.510000000000000000e+02	1.039562304747283633e+04
6.520000000000000000e+02	1.029828940718045124e+04
6.530000000000000000e+02	1.020008933174076628e+04
6.540000000000000000e+02	1.010106514437807164e+04
6.550000000000000000e+02	1.000125918984956661e+04
6.560000000000000000e+02	9.900713804865346901e+03
6.570000000000000000e+02	9.799471288805021686e+03
6.580000000000000000e+02	9.697573874758581951e+03
6.590000000000000000e+02	9.595063700918308314e+03
6.600000000000000000e+02	9.491982782347931789e+03
6.610000000000000000e+02	9.388372983154471513e+03
6.620000000000000000e+02	9.284275989087405833e+03
6.630000000000000000e+02	9.179733280589140122e+03
6.640000000000000000e+02	9.074786106319786995e+03
6.650000000000000000e+02	8.969475457178603392e+03
6.660000000000000000e+02	8.863842040843423092e+03
6.670000000000000000e+02	8.757926256848702906e+03
6.680000000000000000e+02	8.651768172221773057e+03
6.690000000000000000e+02	8.545407497696071005e+03
6.700000000000000000e+02	8.438883564519184802e+03
6.710000000000000000e+02	8.332235301872588025e+03
6.720000000000000000e+02	8.225501214918991536e+03
6.730000000000000000e+02	8.118719363492336925e+03
6.740000000000000000e+02	8.011927341444405101e+03
6.750000000000000000e+02	7.905162256661117681e+03
6.760000000000000000e+02	7.798460711760562845e+03
6.770000000000000000e+02	7.691858785483854263e+03
6.780000000000000000e+02	7.585392014788898450e+03
6.790000000000000000e+02	7.479095377656178243e+03
6.800000000000000000e+02	7.373003276614683273e+03
6.810000000000000000e+02	7.267149522995112420e+03
6.820000000000000000e+02	7.161567321916510082e+03
6.830000000000000000e+02	7.056289258011514903e+03
6.840000000000000000e+02	6.951347281894434673e+03
6.850000000000000000e+02	6.846772697375408825e+03
6.860000000000000000e+02	6.742596149422935014e+03
6.870000000000000000e+02	6.638847612876152198e+03
6.880000000000000000e+02	6.535556381907295872e+03
6.890000000000000000e+02	6.432751060233846147e+03
6.900000000000000000e+02	6.330459552078989873e+03
6.910000000000000000e+02	6.228709053878140367e+03
6.920000000000000000e+02	6.127526046728363326e+03
6.930000000000000000e+02	6.026936289576739910e+03
6.940000000000000000e+02	5.926964813142861203e+03
6.950000000000000000e+02	5.827635914569817032e+03
6.960000000000000000e+02	5.728973152797265357e+03
6.970000000000000000e+02	5.630999344649429077e+03
6.980000000000000000e+02	5.533736561630057622e+03
6.990000000000000000e+02	5.437206127415741321e+03
7.000000000000000000e+02	5.341428616038211658e+03
7.010000000000000000e+02	5.246423850745624804e+03
7.020000000000000000e+02	5.152210903532160955e+03
7.030000000000000000e+02	5.058808095324650822e+03
7.040000000000000000e+02	4.966232996814358557e+03
7.050000000000000000e+02	4.874502429921475596e+03
7.060000000000000000e+02	4.783632469879327800e+03
7.070000000000000000e+02	4.693638447924807224e+03
7.080000000000000000e+02	4.604534954581048623e+03
7.090000000000000000e+02	4.516335843517894318e+03
7.100000000000000000e+02	4.429054235975300799e+03
7.110000000000000000e+02	4.342702525734410301e+03
7.120000000000000000e+02	4.257292384620647681e+03
7.130000000000000000e+02	4.172834768522874583e+03
7.140000000000000000e+02	4.089339923912300037e+03
7.150000000000000000e+02	4.006817394844575574e+03
7.160000000000000000e+02	3.925276030428241938e+03
7.170000000000000000e+02	3.844723992742468909e+03
7.180000000000000000e+02	3.765168765186823293e+03
7.190000000000000000e+02	3.686617161245641000e+03
7.200000000000000000e+02	3.609075333649426284e+03
7.210000000000000000e+02	3.532548783915569402e+03
7.220000000000000000e+02	3.457042372250633434e+03
7.230000000000000000e+02	3.382560327796327329e+03
7.240000000000000000e+02	3.309106259201297689e+03
7.250000000000000000e+02	3.236683165500847736e+03
7.260000000000000000e+02	3.165293447286685023e+03
7.270000000000000000e+02	3.094938918148856828e+03
7.280000000000000000e+02	3.025620816372084391e+03
7.290000000000000000e+02	2.957339816868799971e+03
7.300000000000000000e+02	2.890096043331272995e+03
7.310000000000000000e+02	2.823889080585382999e+03
7.320000000000000000e+02	2.758717987128684399e+03
7.330000000000000000e+02	2.694581307835659118e+03
7.340000000000000000e+02	2.631477086813149072e+03
7.350000000000000000e+02	2.569402880389268830e+03
7.360000000000000000e+02	2.508355770219224269e+03
7.370000000000000000e+02	2.448332376491805007e+03
7.380000000000000000e+02	2.389328871220499423e+03
7.390000000000000000e+02	2.331340991603512521e+03
7.400000000000000000e+02	2.274364053437223902e+03
7.410000000000000000e+02	2.218392964567961371e+03
7.420000000000000000e+02	2.163422238367249065e+03
7.430000000000000000e+02	2.109446007216063208e+03
7.440000000000000000e+02	2.056458035983926948e+03
7.450000000000000000e+02	2.004451735489077691e+03
7.460000000000000000e+02	1.953420175926272805e+03
7.470000000000000000e+02	1.903356100249182646e+03
7.480000000000000000e+02	1.854251937494713729e+03
7.490000000000000000e+02	1.806099816036987477e+03
7.500000000000000000e+02	1.758891576759091095e+03
7.510000000000000000e+02	1.712618786131143224e+03
7.520000000000000000e+02	1.667272749183596716e+03
7.530000000000000000e+02	1.622844522365154717e+03
7.540000000000000000e+02	1.579324926275035978e+03
7.550000000000000000e+02	1.536704558259823443e+03
7.560000000000000000e+02	1.494973804865476950e+03
7.570000000000000000e+02	1.454122854135570606e+03
7.580000000000000000e+02	1.414141707747211740e+03
7.590000000000000000e+02	1.375020192976546696e+03
7.600000000000000000e+02	1.336747974486149360e+03
7.610000000000000000e+02	1.299314565927065360e+03
7.620000000000000000e+02	1.262709341348654334e+03
7.630000000000000000e+02	1.226921546409832445e+03
7.640000000000000000e+02	1.191940309385712226e+03
7.650000000000000000e+02	1.157754651964063214e+03
7.660000000000000000e+02	1.124353499826421285e+03
7.670000000000000000e+02	1.091725693009087081e+03
7.680000000000000000e+02	1.059859996039642283e+03
7.690000000000000000e+02	1.028745107845026041e+03
7.700000000000000000e+02	9.983696714275796467e+02
7.710000000000000000e+02	9.687222833058791593e+02
7.720000000000000000e+02	9.397915027175230307e+02
7.730000000000000000e+02	9.115658605814357998e+02
7.740000000000000000e+02	8.840338682175855638e+02
7.750000000000000000e+02	8.571840258223962792e+02
7.760000000000000000e+02	8.310048306984505189e+02
7.770000000000000000e+02	8.054847852374384729e+02
7.780000000000000000e+02	7.806124046556267331e+02
7.790000000000000000e+02	7.563762244814384985e+02
7.800000000000000000e+02	7.327648077950558445e+02
7.810000000000000000e+02	7.097667522202416421e+02
7.820000000000000000e+02	6.873706966688894227e+02
7.830000000000000000e+02	6.655653278390652758e+02
7.840000000000000000e+02	6.443393864676033900e+02
7.850000000000000000e+02	6.236816733385577436e+02
7.860000000000000000e+02	6.035810550490804189e+02
7.870000000000000000e+02	5.840264695345252903e+02
7.880000000000000000e+02	5.650069313548128775e+02
7.890000000000000000e+02	5.465115367443150944e+02
7.900000000000000000e+02	5.285294684277289434e+02
7.910000000000000000e+02	5.110500002045998258e+02
7.920000000000000000e+02	4.940625013053626162e+02
7.930000000000000000e+02	4.775564405219291189e+02
7.940000000000000000e+02	4.615213901160409478e+02
7.950000000000000000e+02	4.459470295087480736e+02
7.960000000000000000e+02	4.308231487545376126e+02
7.970000000000000000e+02	4.161396518037694818e+02
7.980000000000000000e+02	4.018865595572130474e+02
7.990000000000000000e+02	3.880540127165900230e+02
8.000000000000000000e+02	3.746322744351533061e+02
8.010000000000000000e+02	3.616117327724202823e+02
8.020000000000000000e+02	3.489829029572854893e+02
8.030000000000000000e+02	3.367364294638085198e+02
8.040000000000000000e+02	3.248630879040605919e+02
8.050000000000000000e+02	3.133537867424687988e+02
8.060000000000000000e+02	3.021995688361671455e+02
8.070000000000000000e+02	2.913916128058997970e+02
8.080000000000000000e+02	2.809212342420785831e+02
8.090000000000000000e+02	2.707798867506177771e+02
8.100000000000000000e+02	2.609591628432074799e+02
8.110000000000000000e+02	2.514507946766970576e+02
8.120000000000000000e+02	2.422466546462780457e+02
8.130000000000000000e+02	2.333387558371588284e+02
8.140000000000000000e+02	2.247192523394257364e+02
8.150000000000000000e+02	2.163804394307705365e+02
8.160000000000000000e+02	2.083147536317597144e+02
8.170000000000000000e+02	2.005147726382922713e+02
8.180000000000000000e+02	1.929732151358776093e+02
8.190000000000000000e+02	1.856829405003229851e+02
8.200000000000000000e+02	1.786369483893956840e+02
8.210000000000000000e+02	1.718283782299737936e+02
8.220000000000000000e+02	1.652505086051652086e+02
8.230000000000000000e+02	1.588967565458134459e+02
8.240000000000000000e+02	1.527606767307642031e+02
8.250000000000000000e+02	1.468359606002037481e+02
8.260000000000000000e+02	1.411164353863207452e+02
8.270000000000000000e+02	1.355960630654766419e+02
8.280000000000000000e+02	1.302689392360042859e+02
8.290000000000000000e+02	1.251292919256793823e+02
8.300000000000000000e+02	1.201714803328410426e+02
8.310000000000000000e+02	1.153899935050542496e+02
8.320000000000000000e+02	1.107794489591357916e+02
8.330000000000000000e+02	1.063345912462774123e+02
8.340000000000000000e+02	1.020502904659234673e+02
8.350000000000000000e+02	9.792154073197073672e+01
8.360000000000000000e+02	9.394345859477544991e+01
8.370000000000000000e+02	9.011128142236367466e+01
8.380000000000000000e+02	8.642036574415406847e+01
8.390000000000000000e+02	8.286618556041111106e+01
8.400000000000000000e+02	7.944433062055777839e+01
8.410000000000000000e+02	7.615050467338666351e+01
8.420000000000000000e+02	7.298052369211612245e+01
8.430000000000000000e+02	6.993031407714654790e+01
8.440000000000000000e+02	6.699591083928220314e+01
8.450000000000000000e+02	6.417345576608978774e+01
8.460000000000000000e+02	6.145919557397672861e+01
8.470000000000000000e+02	5.884948004847793612e+01
8.480000000000000000e+02	5.634076017515192802e+01
8.490000000000000000e+02	5.392958626339474648e+01
8.500000000000000000e+02	5.161260606539327256e+01
8.510000000000000000e+02	4.938656289234805996e+01
8.520000000000000000e+02	4.724829373001055899e+01
8.530000000000000000e+02	4.519472735549067721e+01
8.540000000000000000e+02	4.322288245720708488e+01
8.550000000000000000e+02	4.132986575976548238e+01
8.560000000000000000e+02	3.951287015546954251e+01
8.570000000000000000e+02	3.776917284408408193e+01
8.580000000000000000e+02	3.609613348239244601e+01
8.590000000000000000e+02	3.449119234500822273e+01
8.600000000000000000e+02	3.295186849782500360e+01
8.610000000000000000e+02	3.147575798541168624e+01
8.620000000000000000e+02	3.006053203358537829e+01
8.630000000000000000e+02	2.870393526832163644e+01
8.640000000000000000e+02	2.740378395209048534e+01
8.650000000000000000e+02	2.615796423863652009e+01
8.660000000000000000e+02	2.496443044715394066e+01
8.670000000000000000e+02	2.382120335674120071e+01
8.680000000000000000e+02	2.272636852195579138e+01
8.690000000000000000e+02	2.167807461022663063e+01
8.700000000000000000e+02	2.067453176182158003e+01
8.710000000000000000e+02	1.971400997300809976e+01
8.720000000000000000e+02	1.879483750298869893e+01
8.730000000000000000e+02	1.791539930513691559e+01
8.740000000000000000e+02	1.707413548300675643e+01
8.750000000000000000e+02	1.626953977153689834e+01
8.760000000000000000e+02	1.550015804382121765e+01
8.770000000000000000e+02	1.476458684376924069e+01
8.780000000000000000e+02	1.406147194493437347e+01
8.790000000000000000e+02	1.338950693574304829e+01
8.800000000000000000e+02	1.274743183131616497e+01
8.810000000000000000e+02	1.213403171203239417e+01
8.820000000000000000e+02	1.154813538894501512e+01
8.830000000000000000e+02	1.098861409612597306e+01
8.840000000000000000e+02	1.045438020997558226e+01
8.850000000000000000e+02	9.944385995502042164e+00
8.860000000000000000e+02	9.457622379543188629e+00
8.870000000000000000e+02	8.993117750871332916e+00
8.880000000000000000e+02	8.549936787094070567e+00
8.890000000000000000e+02	8.127179308235108479e+00
8.900000000000000000e+02	7.723979156854040795e+00
8.910000000000000000e+02	7.339503104538946943e+00
8.920000000000000000e+02	6.972949784582581856e+00
8.930000000000000000e+02	6.623548650631153834e+00
8.940000000000000000e+02	6.290558961074473210e+00
8.950000000000000000e+02	5.973268788926719530e+00
8.960000000000000000e+02	5.670994056930019234e+00
8.970000000000000000e+02	5.383077597595681496e+00
8.980000000000000000e+02	5.108888237883296490e+00
8.990000000000000000e+02	4.847819908203423012e+00
9.000000000000000000e+02	4.599290775416720045e+00
9.010000000000000000e+02	4.362742399490463718e+00
9.020000000000000000e+02	4.137638913462597046e+00
9.030000000000000000e+02	3.923466226353662822e+00
9.040000000000000000e+02	3.719731248658186828e+00
9.050000000000000000e+02	3.525961140039199471e+00
9.060000000000000000e+02	3.341702578842644655e+00
9.070000000000000000e+02	3.166521053042523182e+00
9.080000000000000000e+02	3.000000172222084149e+00
9.090000000000000000e+02	2.841741000192436140e+00
9.100000000000000000e+02	2.691361407845827891e+00
9.110000000000000000e+02	2.548495445838342643e+00
9.120000000000000000e+02	2.412792736694371776e+00
9.130000000000000000e+02	2.283917885923715030e+00
9.140000000000000000e+02	2.161549911741341923e+00
9.150000000000000000e+02	2.045381692979475918e+00
9.160000000000000000e+02	1.935119434782065273e+00
9.170000000000000000e+02	1.830482151672383262e+00
9.180000000000000000e+02	1.731201167585996181e+00
9.190000000000000000e+02	1.637019632463017738e+00
9.200000000000000000e+02	1.547692054995960076e+00
9.210000000000000000e+02	1.462983851132094282e+00
9.220000000000000000e+02	1.382670907932389781e+00
9.230000000000000000e+02	1.306539162392523989e+00
9.240000000000000000e+02	1.234384194835319359e+00
9.250000000000000000e+02	1.166010836488023505e+00
9.260000000000000000e+02	1.101232790862352484e+00
9.270000000000000000e+02	1.039872268559855817e+00
9.280000000000000000e+02	9.817596351301716151e-01
9.290000000000000000e+02	9.267330716148807213e-01
9.300000000000000000e+02	8.746382474150913300e-01
9.310000000000000000e+02	8.253280051264546557e-01
9.320000000000000000e+02	7.786620569910848166e-01
9.330000000000000000e+02	7.345066926217337366e-01
9.340000000000000000e+02	6.927344976596512272e-01
9.350000000000000000e+02	6.532240830336775161e-01
9.360000000000000000e+02	6.158598244944281097e-01
9.370000000000000000e+02	5.805316121037179533e-01
9.380000000000000000e+02	5.471346093658511212e-01
9.390000000000000000e+02	5.155690216938446646e-01
9.400000000000000000e+02	4.857398739101850826e-01
9.410000000000000000e+02	4.575567964882757410e-01
9.420000000000000000e+02	4.309338202473184665e-01
9.430000000000000000e+02	4.057891792199259662e-01
9.440000000000000000e+02	3.820451214183961941e-01
9.450000000000000000e+02	3.596277272321037333e-01
9.460000000000000000e+02	3.384667351950454983e-01
9.470000000000000000e+02	3.184953748690967923e-01
9.480000000000000000e+02	2.996502065950109595e-01
9.490000000000000000e+02	2.818709678696462162e-01
9.500000000000000000e+02	2.651004261142856366e-01
9.510000000000000000e+02	2.492842376052505082e-01
9.520000000000000000e+02	2.343708123442704572e-01
9.530000000000000000e+02	2.203111846522632367e-01
9.540000000000000000e+02	2.070588892763016164e-01
9.550000000000000000e+02	1.945698428055759599e-01
9.560000000000000000e+02	1.828022301981195308e-01
9.570000000000000000e+02	1.717163962259175836e-01
9.580000000000000000e+02	1.612747416518013621e-01
9.590000000000000000e+02	1.514416239571928224e-01
9.600000000000000000e+02	1.421832624453508720e-01
9.610000000000000000e+02	1.334676475502377668e-01
9.620000000000000000e+02	1.252644541864954275e-01
9.630000000000000000e+02	1.175449589812944534e-01
9.640000000000000000e+02	1.102819612339724226e-01
9.650000000000000000e+02	1.034497074544233342e-01
9.660000000000000000e+02	9.702381933615827903e-02
9.670000000000000000e+02	9.098122502477168361e-02
9.680000000000000000e+02	8.530009354728274040e-02
9.690000000000000000e+02	7.995977227242137553e-02
9.700000000000000000e+02	7.494072727643809329e-02
9.710000000000000000e+02	7.022448649339653459e-02
9.720000000000000000e+02	6.579358553319462899e-02
9.730000000000000000e+02	6.163151605471967748e-02
9.740000000000000000e+02	5.772267658560686909e-02
9.750000000000000000e+02	5.405232568402084520e-02
9.760000000000000000e+02	5.060653734171333823e-02
9.770000000000000000e+02	4.737215853135730986e-02
9.780000000000000000e+02	4.433676880477194909e-02
9.790000000000000000e+02	4.148864185218883310e-02
9.800000000000000000e+02	3.881670893612332307e-02
9.810000000000000000e+02	3.631052411673265506e-02
9.820000000000000000e+02	3.396023118876721758e-02
9.830000000000000000e+02	3.175653225333028434e-02
9.840000000000000000e+02	2.969065785069284133e-02
9.850000000000000000e+02	2.775433858332827103e-02
9.860000000000000000e+02	2.593977816116940782e-02
9.870000000000000000e+02	2.423962780382649812e-02
9.880000000000000000e+02	2.264696193715737618e-02
9.890000000000000000e+02	2.115525512414065043e-02
9.900000000000000000e+02	1.975836017247711157e-02
9.910000000000000000e+02	1.845048736373797876e-02
9.920000000000000000e+02	1.722618475118176118e-02
9.930000000000000000e+02	1.608031947559223837e-02
9.940000000000000000e+02	1.500806005063526002e-02
9.950000000000000000e+02	1.400485957130540894e-02
9.960000000000000000e+02	1.306643980102894023e-02
9.970000000000000000e+02	1.218877609491196903e-02
9.980000000000000000e+02	1.136808311847794031e-02
9.990000000000000000e+02	1.060080132301840193e-02
1.000000000000000000e+03	9.883584140400521884e-03
