  440.0000	              123
  441.0000	               83
  442.0000	               87
  443.0000	              100
  444.0000	              106
  445.0000	               96
  446.0000	              117
  447.0000	               84
  448.0000	               78
  449.0000	               93
  450.0000	              113
  451.0000	               83
  452.0000	              132
  453.0000	              123
  454.0000	               96
  455.0000	              117
  456.0000	              153
  457.0000	              275
  458.0000	              272
  459.0000	              294
  460.0000	              401
  461.0000	              371
  462.0000	              445
  463.0000	              423
  464.0000	              263
  465.0000	              228
  466.0000	              158
  467.0000	              180
  468.0000	              132
  469.0000	              128
  470.0000	              147
  471.0000	              132
  472.0000	              137
  473.0000	              108
  474.0000	              144
  475.0000	              135
  476.0000	              144
  477.0000	              159
  478.0000	              137
  479.0000	              213
  480.0000	              194
  481.0000	              159
  482.0000	              186
  483.0000	              267
  484.0000	              234
  485.0000	              216
  486.0000	              311
  487.0000	              384
  488.0000	              437
  489.0000	              501
  490.0000	              543
  491.0000	              669
  492.0000	              756
  493.0000	              703
  494.0000	              773
  495.0000	              834
  496.0000	              958
  497.0000	             1199
  498.0000	             1443
  499.0000	             1962
  500.0000	             2478
  501.0000	             3178
  502.0000	             3879
  503.0000	             5100
  504.0000	             6627
  505.0000	             9376
  506.0000	            12502
  507.0000	            16414
  508.0000	            20560
  509.0000	            23893
  510.0000	            25880
  511.0000	            23703
  512.0000	            20295
  513.0000	            15657
  514.0000	            11813
  515.0000	             8366
  516.0000	             6234
  517.0000	             4709
  518.0000	             3789
  519.0000	             3028
  520.0000	             2420
  521.0000	             1868
  522.0000	             1677
  523.0000	             1380
  524.0000	             1156
  525.0000	              966
  526.0000	              874
  527.0000	              897
  528.0000	              833
  529.0000	              679
  530.0000	              644
  531.0000	              669
  532.0000	              765
  533.0000	              647
  534.0000	              717
  535.0000	              684
  536.0000	              774
  537.0000	              764
  538.0000	              709
  539.0000	              797
  540.0000	              749
  541.0000	              813
  542.0000	              901
  543.0000	              897
  544.0000	              917
  545.0000	              921
  546.0000	             1074
  547.0000	             1016
  548.0000	              994
  549.0000	             1106
  550.0000	             1089
  551.0000	             1167
  552.0000	             1081
  553.0000	             1038
  554.0000	             1228
  555.0000	             1310
  556.0000	             1301
  557.0000	             1400
  558.0000	             1362
  559.0000	             1535
  560.0000	             1520
  561.0000	             1636
  562.0000	             1612
  563.0000	             1734
  564.0000	             1718
  565.0000	             1821
  566.0000	             1808
  567.0000	             2005
  568.0000	             1983
  569.0000	             2033
  570.0000	             2219
  571.0000	             2190
  572.0000	             2167
  573.0000	             2454
  574.0000	             2349
  575.0000	             2691
  576.0000	             2409
  577.0000	             2776
  578.0000	             2598
  579.0000	             2722
  580.0000	             2963
  581.0000	             3100
  582.0000	             2988
  583.0000	             3224
  584.0000	             3164
  585.0000	             3259
  586.0000	             3481
  587.0000	             3551
  588.0000	             3492
  589.0000	             3731
  590.0000	             3876
  591.0000	             3911
  592.0000	             3758
  593.0000	             3894
  594.0000	             4137
  595.0000	             4219
  596.0000	             4258
  597.0000	             4700
  598.0000	             4559
  599.0000	             4500
  600.0000	             4476
  601.0000	             4637
  602.0000	             4654
  603.0000	             4986
  604.0000	             4861
  605.0000	             4871
  606.0000	             5192
  607.0000	             5213
  608.0000	             5157
  609.0000	             5152
  610.0000	             5215
  611.0000	             5247
  612.0000	             5085
  613.0000	             5557
  614.0000	             5300
  615.0000	             5206
  616.0000	             5272
  617.0000	             5417
  618.0000	             5646
  619.0000	             5764
  620.0000	             5336
  621.0000	             5707
  622.0000	             5683
  623.0000	             5641
  624.0000	             5794
  625.0000	             5894
  626.0000	             5689
  627.0000	             5782
  628.0000	             5561
  629.0000	             5306
  630.0000	             5932
  631.0000	             5714
  632.0000	             5745
  633.0000	             5690
  634.0000	             5553
  635.0000	             5770
  636.0000	             5550
  637.0000	             5727
  638.0000	             5583
  639.0000	             5487
  640.0000	             5790
  641.0000	             5445
  642.0000	             5684
  643.0000	             5643
  644.0000	             5552
  645.0000	             5561
  646.0000	             5502
  647.0000	             5377
  648.0000	             5370
  649.0000	             5228
  650.0000	             5164
  651.0000	             5369
  652.0000	             5080
  653.0000	             5115
  654.0000	             5013
  655.0000	             4926
  656.0000	             5011
  657.0000	             5002
  658.0000	             4720
  659.0000	             4756
  660.0000	             4694
  661.0000	             4551
  662.0000	             4531
  663.0000	             4454
  664.0000	             4602
  665.0000	             4362
  666.0000	             4087
  667.0000	             4086
  668.0000	             4117
  669.0000	             4107
  670.0000	             3979
  671.0000	             3943
  672.0000	             3952
  673.0000	             3782
  674.0000	             3545
  675.0000	             3543
  676.0000	             3367
  677.0000	             3430
  678.0000	             3405
  679.0000	             3266
  680.0000	             3250
  681.0000	             3191
  682.0000	             3245
  683.0000	             3074
  684.0000	             3020
  685.0000	             2798
  686.0000	             2884
  687.0000	             2900
  688.0000	             2845
  689.0000	             2743
  690.0000	             2703
  691.0000	             2645
  692.0000	             2439
  693.0000	             2645
  694.0000	             2614
  695.0000	             2413
  696.0000	             2353
  697.0000	             2325
  698.0000	             2406
  699.0000	             2518
  700.0000	             2391
  701.0000	             2186
  702.0000	             2082
  703.0000	             2169
  704.0000	             2101
  705.0000	             1970
  706.0000	             1989
  707.0000	             1890
  708.0000	             1938
  709.0000	             1935
  710.0000	             1902
  711.0000	             1813
  712.0000	             1828
  713.0000	             1876
  714.0000	             1973
  715.0000	             1815
  716.0000	             1779
  717.0000	             1655
  718.0000	             1633
  719.0000	             1623
  720.0000	             1574
  721.0000	             1495
  722.0000	             1470
  723.0000	             1375
  724.0000	             1363
  725.0000	             1283
  726.0000	             1246
  727.0000	             1202
  728.0000	             1055
  729.0000	             1146
  730.0000	             1145
  731.0000	              996
  732.0000	              948
  733.0000	              893
  734.0000	              936
  735.0000	              955
  736.0000	             1076
  737.0000	              892
  738.0000	              875
  739.0000	              799
  740.0000	              735
  741.0000	              750
  742.0000	              842
  743.0000	              727
  744.0000	              734
  745.0000	              693
  746.0000	              695
  747.0000	              607
  748.0000	              606
  749.0000	              582
  750.0000	              537
  751.0000	              455
  752.0000	              564
  753.0000	              440
  754.0000	              534
  755.0000	              481
  756.0000	              393
  757.0000	              527
  758.0000	              507
  759.0000	              449
  760.0000	              441
  761.0000	              359
  762.0000	              381
  763.0000	              432
  764.0000	              330
  765.0000	              325
  766.0000	              359
  767.0000	              386
  768.0000	              321
  769.0000	              310
  770.0000	              332
  771.0000	              290
  772.0000	              346
  773.0000	              261
  774.0000	              237
  775.0000	              303
  776.0000	              288
  777.0000	              276
  778.0000	              295
  779.0000	              260
  780.0000	              273
  781.0000	              260
  782.0000	              274
  783.0000	              223
  784.0000	              242
  785.0000	              241
  786.0000	              223
  787.0000	              209
  788.0000	              141
  789.0000	              151
  790.0000	              196
  791.0000	              196
  792.0000	              184
  793.0000	              179
  794.0000	              159
  795.0000	              209
  796.0000	              149
  797.0000	              174
  798.0000	              166
  799.0000	              173
  800.0000	              153
