4.410000000000000000e+02	3.651467421195321528e+00
4.420000000000000000e+02	3.908162401251464857e+00
4.430000000000000000e+02	4.181751741527468091e+00
4.440000000000000000e+02	4.473262278912515377e+00
4.450000000000000000e+02	4.783777271794470209e+00
4.460000000000000000e+02	5.114439099445466930e+00
4.470000000000000000e+02	5.466452065028775564e+00
4.480000000000000000e+02	5.841085304632952280e+00
4.490000000000000000e+02	6.239675804694165606e+00
4.500000000000000000e+02	6.663631530115305068e+00
4.510000000000000000e+02	7.114434665327926233e+00
4.520000000000000000e+02	7.593644970472012368e+00
4.530000000000000000e+02	8.102903254787680254e+00
4.540000000000000000e+02	8.643934969221149345e+00
4.550000000000000000e+02	9.218553920145581060e+00
4.560000000000000000e+02	9.828666105983842272e+00
4.570000000000000000e+02	1.047627367839540824e+01
4.580000000000000000e+02	1.116347902955259386e+01
4.590000000000000000e+02	1.189248900688144595e+01
4.600000000000000000e+02	1.266561925648012021e+01
4.610000000000000000e+02	1.348529869625141586e+01
4.620000000000000000e+02	1.435407411959579704e+01
4.630000000000000000e+02	1.527461493030740947e+01
4.640000000000000000e+02	1.624971800909552755e+01
4.650000000000000000e+02	1.728231271192077756e+01
4.660000000000000000e+02	1.837546600008451136e+01
4.670000000000000000e+02	1.953238770174468186e+01
4.680000000000000000e+02	2.075643590424978768e+01
4.690000000000000000e+02	2.205112247638331624e+01
4.700000000000000000e+02	2.342011871929673816e+01
4.710000000000000000e+02	2.486726114457606229e+01
4.720000000000000000e+02	2.639655737753772868e+01
4.730000000000000000e+02	2.801219218348278162e+01
4.740000000000000000e+02	2.971853361425257845e+01
4.750000000000000000e+02	3.152013927202827759e+01
4.760000000000000000e+02	3.342176268689451035e+01
4.770000000000000000e+02	3.542835980425063980e+01
4.780000000000000000e+02	3.754509557769702610e+01
4.790000000000000000e+02	3.977735066254926721e+01
4.800000000000000000e+02	4.213072820464306290e+01
4.810000000000000000e+02	4.461106071858344535e+01
4.820000000000000000e+02	4.722441704906661641e+01
4.830000000000000000e+02	4.997710940836269344e+01
4.840000000000000000e+02	5.287570048251792088e+01
4.850000000000000000e+02	5.592701059852853263e+01
4.860000000000000000e+02	5.913812494643910611e+01
4.870000000000000000e+02	6.251640086738214563e+01
4.880000000000000000e+02	6.606947534137736966e+01
4.890000000000000000e+02	6.980527358727468368e+01
4.900000000000000000e+02	7.373202412340920375e+01
4.910000000000000000e+02	7.785830836222730511e+01
4.920000000000000000e+02	8.219327716181875587e+01
4.930000000000000000e+02	8.674759442234075379e+01
4.940000000000000000e+02	9.153722287384329093e+01
4.950000000000000000e+02	9.659714163804333964e+01
4.960000000000000000e+02	1.020259063355301521e+02
4.970000000000000000e+02	1.081146194833829242e+02
4.980000000000000000e+02	1.156769099578095990e+02
4.990000000000000000e+02	1.267865684948411342e+02
5.000000000000000000e+02	1.461904808943029366e+02
5.010000000000000000e+02	1.835435640251556890e+02
5.020000000000000000e+02	2.560780806045233362e+02
5.030000000000000000e+02	3.902518102403619196e+02
5.040000000000000000e+02	6.196891175820551325e+02
5.050000000000000000e+02	9.764791631481763261e+02
5.060000000000000000e+02	1.475121463338291960e+03
5.070000000000000000e+02	2.093500851585763940e+03
5.080000000000000000e+02	2.760882786420507273e+03
5.090000000000000000e+02	3.364220718787028090e+03
5.100000000000000000e+02	3.777231420778399297e+03
5.110000000000000000e+02	3.903533765546102586e+03
5.120000000000000000e+02	3.714012493064403770e+03
5.130000000000000000e+02	3.258683953261217084e+03
5.140000000000000000e+02	2.646483321808824712e+03
5.150000000000000000e+02	2.004100729489362948e+03
5.160000000000000000e+02	1.435036972705545168e+03
5.170000000000000000e+02	9.964803758949251460e+02
5.180000000000000000e+02	6.988829514187593759e+02
5.190000000000000000e+02	5.210758253636349764e+02
5.200000000000000000e+02	4.292723940094107320e+02
5.210000000000000000e+02	3.912961752684365138e+02
5.220000000000000000e+02	3.832493943543315709e+02
5.230000000000000000e+02	3.902464429388855365e+02
5.240000000000000000e+02	4.042670309880627997e+02
5.250000000000000000e+02	4.215146736461340993e+02
5.260000000000000000e+02	4.403998171669605313e+02
5.270000000000000000e+02	4.603362739968009691e+02
5.280000000000000000e+02	4.811403998009949419e+02
5.290000000000000000e+02	5.027724249145158524e+02
5.300000000000000000e+02	5.252387913844667082e+02
5.310000000000000000e+02	5.485594758114323213e+02
5.320000000000000000e+02	5.727582283958599874e+02
5.330000000000000000e+02	5.978599519225253971e+02
5.340000000000000000e+02	6.238900607044195112e+02
5.350000000000000000e+02	6.508743303622347867e+02
5.360000000000000000e+02	6.788388562928732881e+02
5.370000000000000000e+02	7.078100331299199297e+02
5.380000000000000000e+02	7.378145371157038426e+02
5.390000000000000000e+02	7.688793080157153099e+02
5.400000000000000000e+02	8.010315299968480076e+02
5.410000000000000000e+02	8.342986113685529972e+02
5.420000000000000000e+02	8.687081631609462420e+02
5.430000000000000000e+02	9.042879765258189764e+02
5.440000000000000000e+02	9.410659989495685522e+02
5.450000000000000000e+02	9.790703092691226175e+02
5.460000000000000000e+02	1.018329091483912407e+03
5.470000000000000000e+02	1.058870607359041742e+03
5.480000000000000000e+02	1.100723167816984187e+03
5.490000000000000000e+02	1.143915103117392846e+03
5.500000000000000000e+02	1.188474731826997413e+03
5.510000000000000000e+02	1.234430328583999653e+03
5.520000000000000000e+02	1.281810090663918118e+03
5.530000000000000000e+02	1.330642103356471580e+03
5.540000000000000000e+02	1.380954304165787789e+03
5.550000000000000000e+02	1.432774445848998539e+03
5.560000000000000000e+02	1.486130058311158109e+03
5.570000000000000000e+02	1.541048409377329790e+03
5.580000000000000000e+02	1.597556464465683348e+03
5.590000000000000000e+02	1.655680845188480816e+03
5.600000000000000000e+02	1.715447786910941431e+03
5.610000000000000000e+02	1.776883095301119056e+03
5.620000000000000000e+02	1.840012101907114356e+03
5.630000000000000000e+02	1.904859618801160423e+03
5.640000000000000000e+02	1.971449892333380149e+03
5.650000000000000000e+02	2.039806556041281738e+03
5.660000000000000000e+02	2.109952582764348335e+03
5.670000000000000000e+02	2.181910236016348790e+03
5.680000000000000000e+02	2.255701020671314382e+03
5.690000000000000000e+02	2.331345633022367110e+03
5.700000000000000000e+02	2.408863910275867511e+03
5.710000000000000000e+02	2.488274779546570244e+03
5.720000000000000000e+02	2.569596206422645537e+03
5.730000000000000000e+02	2.652845143172598910e+03
5.740000000000000000e+02	2.738037476669181160e+03
5.750000000000000000e+02	2.825187976108402836e+03
5.760000000000000000e+02	2.914310240604727824e+03
5.770000000000000000e+02	3.005416646746350125e+03
5.780000000000000000e+02	3.098518296197237760e+03
5.790000000000000000e+02	3.193624963435285281e+03
5.800000000000000000e+02	3.290745043718426587e+03
5.810000000000000000e+02	3.389885501373017178e+03
5.820000000000000000e+02	3.491051818501028720e+03
5.830000000000000000e+02	3.594247944204752002e+03
5.840000000000000000e+02	3.699476244429688450e+03
5.850000000000000000e+02	3.806737452528085214e+03
5.860000000000000000e+02	3.916030620647243722e+03
5.870000000000000000e+02	4.027353072048164449e+03
5.880000000000000000e+02	4.140700354461324423e+03
5.890000000000000000e+02	4.256066194587497193e+03
5.900000000000000000e+02	4.373442453852313520e+03
5.910000000000000000e+02	4.492819085523907233e+03
5.920000000000000000e+02	4.614184093303409099e+03
5.930000000000000000e+02	4.737523491498183830e+03
5.940000000000000000e+02	4.862821266887653110e+03
5.950000000000000000e+02	4.990059342391241444e+03
5.960000000000000000e+02	5.119217542647330447e+03
5.970000000000000000e+02	5.250273561611398691e+03
5.980000000000000000e+02	5.383202932280316418e+03
5.990000000000000000e+02	5.517978998648439301e+03
6.000000000000000000e+02	5.654572889999551990e+03
6.010000000000000000e+02	5.792953497636729480e+03
6.020000000000000000e+02	5.933087454150061603e+03
6.030000000000000000e+02	6.074939115319694793e+03
6.040000000000000000e+02	6.218470544748919565e+03
6.050000000000000000e+02	6.363641501318998962e+03
6.060000000000000000e+02	6.510409429554159942e+03
6.070000000000000000e+02	6.658729452981578106e+03
6.080000000000000000e+02	6.808554370567376282e+03
6.090000000000000000e+02	6.959834656305482895e+03
6.100000000000000000e+02	7.112518462031895979e+03
6.110000000000000000e+02	7.266551623532190206e+03
6.120000000000000000e+02	7.421877670005249456e+03
6.130000000000000000e+02	7.578437836941048772e+03
6.140000000000000000e+02	7.736171082464907158e+03
6.150000000000000000e+02	7.895014107195052929e+03
6.160000000000000000e+02	8.054901377654469798e+03
6.170000000000000000e+02	8.215765153271917370e+03
6.180000000000000000e+02	8.377535517000816981e+03
6.190000000000000000e+02	8.540140409578170875e+03
6.200000000000000000e+02	8.703505667439108947e+03
6.210000000000000000e+02	8.867555064295791453e+03
6.220000000000000000e+02	9.032210356382527607e+03
6.230000000000000000e+02	9.197391331361770426e+03
6.240000000000000000e+02	9.363015860878529566e+03
6.250000000000000000e+02	9.528999956743356961e+03
6.260000000000000000e+02	9.695257830716673197e+03
6.270000000000000000e+02	9.861701957859657341e+03
6.280000000000000000e+02	1.002824314340947785e+04
6.290000000000000000e+02	1.019479059312892787e+04
6.300000000000000000e+02	1.036125198707299751e+04
6.310000000000000000e+02	1.052753355670729070e+04
6.320000000000000000e+02	1.069354016530553054e+04
6.330000000000000000e+02	1.085917539154595579e+04
6.340000000000000000e+02	1.102434161621876774e+04
6.350000000000000000e+02	1.118894011194943414e+04
6.360000000000000000e+02	1.135287113583529936e+04
6.370000000000000000e+02	1.151603402488572101e+04
6.380000000000000000e+02	1.167832729414882306e+04
6.390000000000000000e+02	1.183964873740109033e+04
6.400000000000000000e+02	1.199989553026917383e+04
6.410000000000000000e+02	1.215896433564679683e+04
6.420000000000000000e+02	1.231675141126317612e+04
6.430000000000000000e+02	1.247315271925332490e+04
6.440000000000000000e+02	1.262806403757472435e+04
6.450000000000000000e+02	1.278138107310912346e+04
6.460000000000000000e+02	1.293299957628302400e+04
6.470000000000000000e+02	1.308281545703530355e+04
6.480000000000000000e+02	1.323072490195572391e+04
6.490000000000000000e+02	1.337662449241366085e+04
6.500000000000000000e+02	1.352041132349244799e+04
6.510000000000000000e+02	1.366198312354091831e+04
6.520000000000000000e+02	1.380123837415057460e+04
6.530000000000000000e+02	1.393807643036376794e+04
6.540000000000000000e+02	1.407239764091586221e+04
6.550000000000000000e+02	1.420410346831222341e+04
6.560000000000000000e+02	1.433309660853915193e+04
6.570000000000000000e+02	1.445928111020668803e+04
6.580000000000000000e+02	1.458256249292036227e+04
6.590000000000000000e+02	1.470284786467856793e+04
6.600000000000000000e+02	1.482004603809236323e+04
6.610000000000000000e+02	1.493406764522493359e+04
6.620000000000000000e+02	1.504482525084902409e+04
6.630000000000000000e+02	1.515223346392196981e+04
6.640000000000000000e+02	1.525620904707991031e+04
6.650000000000000000e+02	1.535667102395504844e+04
6.660000000000000000e+02	1.545354078412263698e+04
6.670000000000000000e+02	1.554674218548757926e+04
6.680000000000000000e+02	1.563620165392419403e+04
6.690000000000000000e+02	1.572184827998683613e+04
6.700000000000000000e+02	1.580361391251353780e+04
6.710000000000000000e+02	1.588143324894987018e+04
6.720000000000000000e+02	1.595524392222551432e+04
6.730000000000000000e+02	1.602498658402181718e+04
6.740000000000000000e+02	1.609060498427478342e+04
6.750000000000000000e+02	1.615204604676447161e+04
6.760000000000000000e+02	1.620925994064856241e+04
6.770000000000000000e+02	1.626220014780525889e+04
6.780000000000000000e+02	1.631082352585805347e+04
6.790000000000000000e+02	1.635509036676286996e+04
6.800000000000000000e+02	1.639496445084623338e+04
6.810000000000000000e+02	1.643041309619147432e+04
6.820000000000000000e+02	1.646140720327877716e+04
6.830000000000000000e+02	1.648792129479363211e+04
6.840000000000000000e+02	1.650993355052753759e+04
6.850000000000000000e+02	1.652742583730397746e+04
6.860000000000000000e+02	1.654038373387221873e+04
6.870000000000000000e+02	1.654879655072114838e+04
6.880000000000000000e+02	1.655265734477493243e+04
6.890000000000000000e+02	1.655196292894233193e+04
6.900000000000000000e+02	1.654671387650120596e+04
6.910000000000000000e+02	1.653691452030979781e+04
6.920000000000000000e+02	1.652257294684631051e+04
6.930000000000000000e+02	1.650370098508827868e+04
6.940000000000000000e+02	1.648031419025305149e+04
6.950000000000000000e+02	1.645243182243084084e+04
6.960000000000000000e+02	1.642007682015122919e+04
6.970000000000000000e+02	1.638327576893407058e+04
6.980000000000000000e+02	1.634205886488506621e+04
6.990000000000000000e+02	1.629645987340582906e+04
7.000000000000000000e+02	1.624651608309744370e+04
7.010000000000000000e+02	1.619226825494565674e+04
7.020000000000000000e+02	1.613376056688458993e+04
7.030000000000000000e+02	1.607104055384453386e+04
7.040000000000000000e+02	1.600415904339771441e+04
7.050000000000000000e+02	1.593317008712396091e+04
7.060000000000000000e+02	1.585813088782600971e+04
7.070000000000000000e+02	1.577910172273161879e+04
7.080000000000000000e+02	1.569614586282679556e+04
7.090000000000000000e+02	1.560932948847119951e+04
7.100000000000000000e+02	1.551872160145320777e+04
7.110000000000000000e+02	1.542439393364817624e+04
7.120000000000000000e+02	1.532642085244903137e+04
7.130000000000000000e+02	1.522487926314360266e+04
7.140000000000000000e+02	1.511984850841793923e+04
7.150000000000000000e+02	1.501141026516918646e+04
7.160000000000000000e+02	1.489964843881571323e+04
7.170000000000000000e+02	1.478464905529553471e+04
7.180000000000000000e+02	1.466650015094733135e+04
7.190000000000000000e+02	1.454529166047089893e+04
7.200000000000000000e+02	1.442111530316612334e+04
7.210000000000000000e+02	1.429406446765125656e+04
7.220000000000000000e+02	1.416423409526261275e+04
7.230000000000000000e+02	1.403172056233859621e+04
7.240000000000000000e+02	1.389662156159134247e+04
7.250000000000000000e+02	1.375903598276925550e+04
7.260000000000000000e+02	1.361906379281309455e+04
7.270000000000000000e+02	1.347680591570742763e+04
7.280000000000000000e+02	1.333236411222780407e+04
7.290000000000000000e+02	1.318584085978223811e+04
7.300000000000000000e+02	1.303733923254330330e+04
7.310000000000000000e+02	1.288696278206459101e+04
7.320000000000000000e+02	1.273481541857218144e+04
7.330000000000000000e+02	1.258100129311838828e+04
7.340000000000000000e+02	1.242562468078129132e+04
7.350000000000000000e+02	1.226878986508932576e+04
7.360000000000000000e+02	1.211060102384584206e+04
7.370000000000000000e+02	1.195116211652364109e+04
7.380000000000000000e+02	1.179057677339437396e+04
7.390000000000000000e+02	1.162894818655231575e+04
7.400000000000000000e+02	1.146637900298628665e+04
7.410000000000000000e+02	1.130297121984752448e+04
7.420000000000000000e+02	1.113882608205513316e+04
7.430000000000000000e+02	1.097404398237428177e+04
7.440000000000000000e+02	1.080872436409569127e+04
7.450000000000000000e+02	1.064296562643813741e+04
7.460000000000000000e+02	1.047686503278871351e+04
7.470000000000000000e+02	1.031051862188839186e+04
7.480000000000000000e+02	1.014402112206330457e+04
7.490000000000000000e+02	9.977465868594597850e+03
7.500000000000000000e+02	9.810944724312459584e+03
7.510000000000000000e+02	9.644548003492191128e+03
7.520000000000000000e+02	9.478364399122796385e+03
7.530000000000000000e+02	9.312480913610819698e+03
7.540000000000000000e+02	9.146982792974640688e+03
7.550000000000000000e+02	8.981953464576741681e+03
7.560000000000000000e+02	8.817474478433985496e+03
7.570000000000000000e+02	8.653625452138312539e+03
7.580000000000000000e+02	8.490484019412817361e+03
7.590000000000000000e+02	8.328125782320845246e+03
7.600000000000000000e+02	8.166624267138342475e+03
7.610000000000000000e+02	8.006050883892591628e+03
7.620000000000000000e+02	7.846474889563383840e+03
7.630000000000000000e+02	7.687963354935767711e+03
7.640000000000000000e+02	7.530581135086782524e+03
7.650000000000000000e+02	7.374390843481965931e+03
7.660000000000000000e+02	7.219452829651069806e+03
7.670000000000000000e+02	7.065825160406190662e+03
7.680000000000000000e+02	6.913563604559540181e+03
7.690000000000000000e+02	6.762721621092297028e+03
7.700000000000000000e+02	6.613350350720431379e+03
7.710000000000000000e+02	6.465498610798095797e+03
7.720000000000000000e+02	6.319212893494080163e+03
7.730000000000000000e+02	6.174537367172030827e+03
7.740000000000000000e+02	6.031513880900566619e+03
7.750000000000000000e+02	5.890181972015118845e+03
7.760000000000000000e+02	5.750578876649306949e+03
7.770000000000000000e+02	5.612739543149882593e+03
7.780000000000000000e+02	5.476696648285791525e+03
7.790000000000000000e+02	5.342480616158716657e+03
7.800000000000000000e+02	5.210119639719507177e+03
7.810000000000000000e+02	5.079639704792233715e+03
7.820000000000000000e+02	4.951064616505286722e+03
7.830000000000000000e+02	4.824416028026764252e+03
7.840000000000000000e+02	4.699713471499640036e+03
7.850000000000000000e+02	4.576974391070595630e+03
7.860000000000000000e+02	4.456214177905151701e+03
7.870000000000000000e+02	4.337446207080709428e+03
7.880000000000000000e+02	4.220681876248355366e+03
7.890000000000000000e+02	4.105930645953791100e+03
7.900000000000000000e+02	3.993200081507511186e+03
7.910000000000000000e+02	3.882495896294308295e+03
7.920000000000000000e+02	3.773821996412515091e+03
7.930000000000000000e+02	3.667180526533739794e+03
7.940000000000000000e+02	3.562571916874660474e+03
7.950000000000000000e+02	3.459994931173274381e+03
7.960000000000000000e+02	3.359446715563154612e+03
7.970000000000000000e+02	3.260922848240566054e+03
7.980000000000000000e+02	3.164417389820830067e+03
7.990000000000000000e+02	3.069922934281954895e+03
8.000000000000000000e+02	2.977430660395494670e+03
8.010000000000000000e+02	2.886930383546540270e+03
8.020000000000000000e+02	2.798410607846985840e+03
8.030000000000000000e+02	2.711858578448492153e+03
8.040000000000000000e+02	2.627260333964044548e+03
8.050000000000000000e+02	2.544600758909567503e+03
8.060000000000000000e+02	2.463863636079745902e+03
8.070000000000000000e+02	2.385031698774994311e+03
8.080000000000000000e+02	2.308086682799418213e+03
8.090000000000000000e+02	2.233009378152527916e+03
8.100000000000000000e+02	2.159779680340575851e+03
8.110000000000000000e+02	2.088376641236432533e+03
8.120000000000000000e+02	2.018778519420093517e+03
8.130000000000000000e+02	1.950962829935126365e+03
8.140000000000000000e+02	1.884906393399581930e+03
8.150000000000000000e+02	1.820585384413156135e+03
8.160000000000000000e+02	1.757975379205698118e+03
8.170000000000000000e+02	1.697051402475402483e+03
8.180000000000000000e+02	1.637787973368351459e+03
8.190000000000000000e+02	1.580159150554337884e+03
8.200000000000000000e+02	1.524138576357168631e+03
8.210000000000000000e+02	1.469699519900878158e+03
8.220000000000000000e+02	1.416814919236526066e+03
8.230000000000000000e+02	1.365457422417395264e+03
8.240000000000000000e+02	1.315599427493559233e+03
8.250000000000000000e+02	1.267213121399875945e+03
8.260000000000000000e+02	1.220270517714473726e+03
8.270000000000000000e+02	1.174743493267785198e+03
8.280000000000000000e+02	1.130603823585086502e+03
8.290000000000000000e+02	1.087823217148314143e+03
8.300000000000000000e+02	1.046373348465718664e+03
8.310000000000000000e+02	1.006225889940576053e+03
8.320000000000000000e+02	9.673525425327817402e+02
8.330000000000000000e+02	9.297250652096781778e+02
8.340000000000000000e+02	8.933153031848751198e+02
8.350000000000000000e+02	8.580952149461734280e+02
8.360000000000000000e+02	8.240368980759403712e+02
8.370000000000000000e+02	7.911126138694294241e+02
8.380000000000000000e+02	7.592948107586070137e+02
8.390000000000000000e+02	7.285561465509806567e+02
8.400000000000000000e+02	6.988695094948029691e+02
8.410000000000000000e+02	6.702080381837721461e+02
8.420000000000000000e+02	6.425451403160162727e+02
8.430000000000000000e+02	6.158545103236982641e+02
8.440000000000000000e+02	5.901101458910641213e+02
8.450000000000000000e+02	5.652863633800927801e+02
8.460000000000000000e+02	5.413578121841916300e+02
8.470000000000000000e+02	5.182994880315445698e+02
8.480000000000000000e+02	4.960867452607928385e+02
8.490000000000000000e+02	4.746953080927133328e+02
8.500000000000000000e+02	4.541012809224413331e+02
8.510000000000000000e+02	4.342811576575833215e+02
8.520000000000000000e+02	4.152118301282818038e+02
8.530000000000000000e+02	3.968705955958965319e+02
8.540000000000000000e+02	3.792351633875289849e+02
8.550000000000000000e+02	3.622836606840500053e+02
8.560000000000000000e+02	3.459946374896795191e+02
8.570000000000000000e+02	3.303470708114602417e+02
8.580000000000000000e+02	3.153203680771955533e+02
8.590000000000000000e+02	3.008943698205673627e+02
8.600000000000000000e+02	2.870493516622478865e+02
8.610000000000000000e+02	2.737660256158200127e+02
8.620000000000000000e+02	2.610255407472926095e+02
8.630000000000000000e+02	2.488094832168825121e+02
8.640000000000000000e+02	2.370998757315813350e+02
8.650000000000000000e+02	2.258791764368013446e+02
8.660000000000000000e+02	2.151302772751415660e+02
8.670000000000000000e+02	2.048365018399882729e+02
8.680000000000000000e+02	1.949816027513171832e+02
8.690000000000000000e+02	1.855497585806552365e+02
8.700000000000000000e+02	1.765255703517301242e+02
8.710000000000000000e+02	1.678940576428504414e+02
8.720000000000000000e+02	1.596406543165628023e+02
8.730000000000000000e+02	1.517512039015801690e+02
8.740000000000000000e+02	1.442119546514268222e+02
8.750000000000000000e+02	1.370095543036357810e+02
8.760000000000000000e+02	1.301310445627401293e+02
8.770000000000000000e+02	1.235638553296509912e+02
8.780000000000000000e+02	1.172957986993790627e+02
8.790000000000000000e+02	1.113150627483828004e+02
8.800000000000000000e+02	1.056102051321551443e+02
8.810000000000000000e+02	1.001701465129724369e+02
8.820000000000000000e+02	9.498416383703481358e+01
8.830000000000000000e+02	9.004188347952619154e+01
8.840000000000000000e+02	8.533327427542204191e+01
8.850000000000000000e+02	8.084864045315963210e+01
8.860000000000000000e+02	7.657861448758741574e+01
8.870000000000000000e+02	7.251414988789939287e+01
8.880000000000000000e+02	6.864651393556134451e+01
8.890000000000000000e+02	6.496728038654092074e+01
8.900000000000000000e+02	6.146832215145771272e+01
8.910000000000000000e+02	5.814180396659251926e+01
8.920000000000000000e+02	5.498017506801564025e+01
8.930000000000000000e+02	5.197616188043230778e+01
8.940000000000000000e+02	4.912276073168887081e+01
8.950000000000000000e+02	4.641323060324149452e+01
8.960000000000000000e+02	4.384108592626098044e+01
8.970000000000000000e+02	4.140008943243140038e+01
8.980000000000000000e+02	3.908424506789993558e+01
8.990000000000000000e+02	3.688779097824985342e+01
9.000000000000000000e+02	3.480519257179713577e+01
9.010000000000000000e+02	3.283113566795931604e+01
9.020000000000000000e+02	3.096051973690526893e+01
9.030000000000000000e+02	2.918845123617639103e+01
9.040000000000000000e+02	2.751023704946457471e+01
9.050000000000000000e+02	2.592137803224726511e+01
9.060000000000000000e+02	2.441756266851207968e+01
9.070000000000000000e+02	2.299466084235169205e+01
9.080000000000000000e+02	2.164871772777861025e+01
9.090000000000000000e+02	2.037594779969322190e+01
9.100000000000000000e+02	1.917272896854223774e+01
9.110000000000000000e+02	1.803559684082537373e+01
9.120000000000000000e+02	1.696123910724566741e+01
9.130000000000000000e+02	1.594649005995546887e+01
9.140000000000000000e+02	1.498832524002219557e+01
9.150000000000000000e+02	1.408385621592833559e+01
9.160000000000000000e+02	1.323032549362690524e+01
9.170000000000000000e+02	1.242510155839608110e+01
9.180000000000000000e+02	1.166567404847669032e+01
9.190000000000000000e+02	1.094964906023053430e+01
9.200000000000000000e+02	1.027474458432814508e+01
9.210000000000000000e+02	9.638786072260321802e+00
9.220000000000000000e+02	9.039702132266958401e+00
9.230000000000000000e+02	8.475520353591896594e+00
9.240000000000000000e+02	7.944363257799604838e+00
9.250000000000000000e+02	7.444444375731566588e+00
9.260000000000000000e+02	6.974064448534008420e+00
9.270000000000000000e+02	6.531607751055393152e+00
9.280000000000000000e+02	6.115538535790910224e+00
9.290000000000000000e+02	5.724397595441044650e+00
9.300000000000000000e+02	5.356798942052895640e+00
9.310000000000000000e+02	5.011426600624364625e+00
9.320000000000000000e+02	4.687031514973563517e+00
9.330000000000000000e+02	4.382428563607293270e+00
9.340000000000000000e+02	4.096493683263209284e+00
9.350000000000000000e+02	3.828161097750159225e+00
9.360000000000000000e+02	3.576420649668609286e+00
9.370000000000000000e+02	3.340315232559473824e+00
9.380000000000000000e+02	3.118938321002455716e+00
9.390000000000000000e+02	2.911431596165414248e+00
9.400000000000000000e+02	2.716982664293329020e+00
9.410000000000000000e+02	2.534822865618242105e+00
9.420000000000000000e+02	2.364225171170692974e+00
9.430000000000000000e+02	2.204502164977459877e+00
9.440000000000000000e+02	2.055004109139712209e+00
9.450000000000000000e+02	1.915117089299929187e+00
9.460000000000000000e+02	1.784261238024295038e+00
9.470000000000000000e+02	1.661889033649790681e+00
9.480000000000000000e+02	1.547483672171271696e+00
9.490000000000000000e+02	1.440557509773475076e+00
9.500000000000000000e+02	1.340650573645342680e+00
9.510000000000000000e+02	1.247329138749551980e+00
9.520000000000000000e+02	1.160184368257893173e+00
9.530000000000000000e+02	1.078831015403447058e+00
9.540000000000000000e+02	1.002906184542454948e+00
9.550000000000000000e+02	9.320681492627480580e-01
9.560000000000000000e+02	8.659952254210426803e-01
9.570000000000000000e+02	8.043846970380259531e-01
9.580000000000000000e+02	7.469517930280534790e-01
9.590000000000000000e+02	6.934287127890287339e-01
9.600000000000000000e+02	6.435636987274675480e-01
9.610000000000000000e+02	5.971201538438420942e-01
9.620000000000000000e+02	5.538758025536878460e-01
9.630000000000000000e+02	5.136218929707492276e-01
9.640000000000000000e+02	4.761624389291616577e-01
9.650000000000000000e+02	4.413135000725485479e-01
9.660000000000000000e+02	4.089024983885460318e-01
9.670000000000000000e+02	3.787675696177181250e-01
9.680000000000000000e+02	3.507569480158844732e-01
9.690000000000000000e+02	3.247283829985530557e-01
9.700000000000000000e+02	3.005485862452346724e-01
9.710000000000000000e+02	2.780927078899441129e-01
9.720000000000000000e+02	2.572438404720105987e-01
9.730000000000000000e+02	2.378925493684208581e-01
9.740000000000000000e+02	2.199364284752141352e-01
9.750000000000000000e+02	2.032796799508718999e-01
9.760000000000000000e+02	1.878327168792343349e-01
9.770000000000000000e+02	1.735117877530581443e-01
9.780000000000000000e+02	1.602386217220122810e-01
9.790000000000000000e+02	1.479400935905496872e-01
9.800000000000000000e+02	1.365479075917500340e-01
9.810000000000000000e+02	1.259982990028229999e-01
9.820000000000000000e+02	1.162317527065117317e-01
9.830000000000000000e+02	1.071927378401386771e-01
9.840000000000000000e+02	9.882945771043874506e-02
9.850000000000000000e+02	9.109361418767114582e-02
9.860000000000000000e+02	8.394018582677388596e-02
9.870000000000000000e+02	7.732721899651130715e-02
9.880000000000000000e+02	7.121563132968866672e-02
9.890000000000000000e+02	6.556902683857067371e-02
9.900000000000000000e+02	6.035352206965063221e-02
9.910000000000000000e+02	5.553758270088113985e-02
9.920000000000000000e+02	5.109187001241754372e-02
9.930000000000000000e+02	4.698909668885277446e-02
9.940000000000000000e+02	4.320389143685257616e-02
9.950000000000000000e+02	3.971267192704624333e-02
9.960000000000000000e+02	3.649352559302736221e-02
9.970000000000000000e+02	3.352609784336212095e-02
9.980000000000000000e+02	3.079148726464081554e-02
9.990000000000000000e+02	2.827214741483943805e-02
1.000000000000000000e+03	2.595179482662023432e-02
