4.410000000000000000e+02	6.466534266096469530e+00
4.420000000000000000e+02	6.910140457430547833e+00
4.430000000000000000e+02	7.382093289279801240e+00
4.440000000000000000e+02	7.884053190192571670e+00
4.450000000000000000e+02	8.417767462161100056e+00
4.460000000000000000e+02	8.985074147611850748e+00
4.470000000000000000e+02	9.587906026342539079e+00
4.480000000000000000e+02	1.022829474420475826e+01
4.490000000000000000e+02	1.090837507518366856e+01
4.500000000000000000e+02	1.163038931836486434e+01
4.510000000000000000e+02	1.239669183110274631e+01
4.520000000000000000e+02	1.320975369951466405e+01
4.530000000000000000e+02	1.407216754721894247e+01
4.540000000000000000e+02	1.498665248301380437e+01
4.550000000000000000e+02	1.595605918795641998e+01
4.560000000000000000e+02	1.698337514204685306e+01
4.570000000000000000e+02	1.807172999045056727e+01
4.580000000000000000e+02	1.922440104890392476e+01
4.590000000000000000e+02	2.044481894764066610e+01
4.600000000000000000e+02	2.173657341285229450e+01
4.610000000000000000e+02	2.310341918435179664e+01
4.620000000000000000e+02	2.454928206774799193e+01
4.630000000000000000e+02	2.607826511905619427e+01
4.640000000000000000e+02	2.769465495927098786e+01
4.650000000000000000e+02	2.940292821600597861e+01
4.660000000000000000e+02	3.120775808886655156e+01
4.670000000000000000e+02	3.311402103476233805e+01
4.680000000000000000e+02	3.512680356888738231e+01
4.690000000000000000e+02	3.725140917659727080e+01
4.700000000000000000e+02	3.949336533089532963e+01
4.710000000000000000e+02	4.185843060970238128e+01
4.720000000000000000e+02	4.435260190652819290e+01
4.730000000000000000e+02	4.698212172758825034e+01
4.740000000000000000e+02	4.975348556781531784e+01
4.750000000000000000e+02	5.267344935760551294e+01
4.760000000000000000e+02	5.574903697151042792e+01
4.770000000000000000e+02	5.898754778946541677e+01
4.780000000000000000e+02	6.239656430063192971e+01
4.790000000000000000e+02	6.598395974022230348e+01
4.800000000000000000e+02	6.975790575475316757e+01
4.810000000000000000e+02	7.372688012234664257e+01
4.820000000000000000e+02	7.789967471733270088e+01
4.830000000000000000e+02	8.228540468247852857e+01
4.840000000000000000e+02	8.689352316809723220e+01
4.850000000000000000e+02	9.173385973291777873e+01
4.860000000000000000e+02	9.681675162355030295e+01
4.870000000000000000e+02	1.021535117182066443e+02
4.880000000000000000e+02	1.077580217154899458e+02
4.890000000000000000e+02	1.136517848228609751e+02
4.900000000000000000e+02	1.198787294646699166e+02
4.910000000000000000e+02	1.265450970072484154e+02
4.920000000000000000e+02	1.339178508189541219e+02
4.930000000000000000e+02	1.426457629354446510e+02
4.940000000000000000e+02	1.542081877768283107e+02
4.950000000000000000e+02	1.717282855484938295e+02
4.960000000000000000e+02	2.012619931218329725e+02
4.970000000000000000e+02	2.535144877977757005e+02
4.980000000000000000e+02	3.455717560356544027e+02
4.990000000000000000e+02	5.016869769283109690e+02
5.000000000000000000e+02	7.516491182028912590e+02
5.010000000000000000e+02	1.125236023864998515e+03
5.020000000000000000e+02	1.642230380540276883e+03
5.030000000000000000e+02	2.299618574684805935e+03
5.040000000000000000e+02	3.060259795222674256e+03
5.050000000000000000e+02	3.848996481098983622e+03
5.060000000000000000e+02	4.561181372806392574e+03
5.070000000000000000e+02	5.084300336462255473e+03
5.080000000000000000e+02	5.327215575090184757e+03
5.090000000000000000e+02	5.246740932555541804e+03
5.100000000000000000e+02	4.860933564172689330e+03
5.110000000000000000e+02	4.243496007669110440e+03
5.120000000000000000e+02	3.501670201082723906e+03
5.130000000000000000e+02	2.746716668130149628e+03
5.140000000000000000e+02	2.068072723566266177e+03
5.150000000000000000e+02	1.519060922977813561e+03
5.160000000000000000e+02	1.115987783418291428e+03
5.170000000000000000e+02	8.470928860438275478e+02
5.180000000000000000e+02	6.853942774033780552e+02
5.190000000000000000e+02	6.002091327531632032e+02
5.200000000000000000e+02	5.646016504196589949e+02
5.210000000000000000e+02	5.585066827882337748e+02
5.220000000000000000e+02	5.687615925443814149e+02
5.230000000000000000e+02	5.876206301683718038e+02
5.240000000000000000e+02	6.109532011885038401e+02
5.250000000000000000e+02	6.367534315822881581e+02
5.260000000000000000e+02	6.641353198899470271e+02
5.270000000000000000e+02	6.927479985628501709e+02
5.280000000000000000e+02	7.224741319062089815e+02
5.290000000000000000e+02	7.532899714564733813e+02
5.300000000000000000e+02	7.852063932365495020e+02
5.310000000000000000e+02	8.182461927582712633e+02
5.320000000000000000e+02	8.524360515908375646e+02
5.330000000000000000e+02	8.878039088501026299e+02
5.340000000000000000e+02	9.243781544694992363e+02
5.350000000000000000e+02	9.621873859977339407e+02
5.360000000000000000e+02	1.001260325348017318e+03
5.370000000000000000e+02	1.041625776770723178e+03
5.380000000000000000e+02	1.083312593910047326e+03
5.390000000000000000e+02	1.126349647920274265e+03
5.400000000000000000e+02	1.170765794792191400e+03
5.410000000000000000e+02	1.216589841499000158e+03
5.420000000000000000e+02	1.263850510891132672e+03
5.430000000000000000e+02	1.312576405336165863e+03
5.440000000000000000e+02	1.362795969114934223e+03
5.450000000000000000e+02	1.414537449590056212e+03
5.460000000000000000e+02	1.467828857166508442e+03
5.470000000000000000e+02	1.522697924067152371e+03
5.480000000000000000e+02	1.579172061949355566e+03
5.490000000000000000e+02	1.637278318392190158e+03
5.500000000000000000e+02	1.697043332287067869e+03
5.510000000000000000e+02	1.758493288168098388e+03
5.520000000000000000e+02	1.821653869521926936e+03
5.530000000000000000e+02	1.886550211120328186e+03
5.540000000000000000e+02	1.953206850422366188e+03
5.550000000000000000e+02	2.021647678096484242e+03
5.560000000000000000e+02	2.091895887716475499e+03
5.570000000000000000e+02	2.163973924688838906e+03
5.580000000000000000e+02	2.237903434472612389e+03
5.590000000000000000e+02	2.313705210156322210e+03
5.600000000000000000e+02	2.391399139460204424e+03
5.610000000000000000e+02	2.471004151235368226e+03
5.620000000000000000e+02	2.552538161535008385e+03
5.630000000000000000e+02	2.636018019336157067e+03
5.640000000000000000e+02	2.721459451993816401e+03
5.650000000000000000e+02	2.808877010512533161e+03
5.660000000000000000e+02	2.898284014723657492e+03
5.670000000000000000e+02	2.989692498459587569e+03
5.680000000000000000e+02	3.083113154819243391e+03
5.690000000000000000e+02	3.178555281621849190e+03
5.700000000000000000e+02	3.276026727148809186e+03
5.710000000000000000e+02	3.375533836275994872e+03
5.720000000000000000e+02	3.477081397101189850e+03
5.730000000000000000e+02	3.580672588173634722e+03
5.740000000000000000e+02	3.686308926434703608e+03
5.750000000000000000e+02	3.793990215980601533e+03
5.760000000000000000e+02	3.903714497759625374e+03
5.770000000000000000e+02	4.015478000318028080e+03
5.780000000000000000e+02	4.129275091709730987e+03
5.790000000000000000e+02	4.245098232686179472e+03
5.800000000000000000e+02	4.362937931283405305e+03
5.810000000000000000e+02	4.482782698923868338e+03
5.820000000000000000e+02	4.604619008150979425e+03
5.830000000000000000e+02	4.728431252114187373e+03
5.840000000000000000e+02	4.854201705922252586e+03
5.850000000000000000e+02	4.981910489981853061e+03
5.860000000000000000e+02	5.111535535437802537e+03
5.870000000000000000e+02	5.243052551830079210e+03
5.880000000000000000e+02	5.376434997081511028e+03
5.890000000000000000e+02	5.511654049928198219e+03
5.900000000000000000e+02	5.648678584902856528e+03
5.910000000000000000e+02	5.787475149978875379e+03
5.920000000000000000e+02	5.928007946980395900e+03
5.930000000000000000e+02	6.070238814860705133e+03
5.940000000000000000e+02	6.214127215948133198e+03
5.950000000000000000e+02	6.359630225255018559e+03
5.960000000000000000e+02	6.506702522941613097e+03
5.970000000000000000e+02	6.655296390022570449e+03
5.980000000000000000e+02	6.805361707399310944e+03
5.990000000000000000e+02	6.956845958296803474e+03
6.000000000000000000e+02	7.109694234178355146e+03
6.010000000000000000e+02	7.263849244206659932e+03
6.020000000000000000e+02	7.419251328313854174e+03
6.030000000000000000e+02	7.575838473937459639e+03
6.040000000000000000e+02	7.733546336473051269e+03
6.050000000000000000e+02	7.892308263488134799e+03
6.060000000000000000e+02	8.052055322735168374e+03
6.070000000000000000e+02	8.212716333994840170e+03
6.080000000000000000e+02	8.374217904773771807e+03
6.090000000000000000e+02	8.536484469873552371e+03
6.100000000000000000e+02	8.699438334840649986e+03
6.110000000000000000e+02	8.862999723299208199e+03
6.120000000000000000e+02	9.027086828160987352e+03
6.130000000000000000e+02	9.191615866698899481e+03
6.140000000000000000e+02	9.356501139462625360e+03
6.150000000000000000e+02	9.521655093006684183e+03
6.160000000000000000e+02	9.686988386393246401e+03
6.170000000000000000e+02	9.852409961423763889e+03
6.180000000000000000e+02	1.001782711654517334e+04
6.190000000000000000e+02	1.018314558436824336e+04
6.200000000000000000e+02	1.034826961272730659e+04
6.210000000000000000e+02	1.051310204920239448e+04
6.220000000000000000e+02	1.067754442901653783e+04
6.230000000000000000e+02	1.084149706621288351e+04
6.240000000000000000e+02	1.100485914800823775e+04
6.250000000000000000e+02	1.116752883221159209e+04
6.260000000000000000e+02	1.132940334758843528e+04
6.270000000000000000e+02	1.149037909704402591e+04
6.280000000000000000e+02	1.165035176349110952e+04
6.290000000000000000e+02	1.180921641826048835e+04
6.300000000000000000e+02	1.196686763190556667e+04
6.310000000000000000e+02	1.212319958724525168e+04
6.320000000000000000e+02	1.227810619448295074e+04
6.330000000000000000e+02	1.243148120823306999e+04
6.340000000000000000e+02	1.258321834628045508e+04
6.350000000000000000e+02	1.273321140989244850e+04
6.360000000000000000e+02	1.288135440549791565e+04
6.370000000000000000e+02	1.302754166754258222e+04
6.380000000000000000e+02	1.317166798232533620e+04
6.390000000000000000e+02	1.331362871261598048e+04
6.400000000000000000e+02	1.345331992285101114e+04
6.410000000000000000e+02	1.359063850470057878e+04
6.420000000000000000e+02	1.372548230279683776e+04
6.430000000000000000e+02	1.385775024041126744e+04
6.440000000000000000e+02	1.398734244486651369e+04
6.450000000000000000e+02	1.411416037246664928e+04
6.460000000000000000e+02	1.423810693272856406e+04
6.470000000000000000e+02	1.435908661169657535e+04
6.480000000000000000e+02	1.447700559412210168e+04
6.490000000000000000e+02	1.459177188429063608e+04
6.500000000000000000e+02	1.470329542527892954e+04
6.510000000000000000e+02	1.481148821642673829e+04
6.520000000000000000e+02	1.491626442880917784e+04
6.530000000000000000e+02	1.501754051849810457e+04
6.540000000000000000e+02	1.511523533740369385e+04
6.550000000000000000e+02	1.520927024149069075e+04
6.560000000000000000e+02	1.529956919616761843e+04
6.570000000000000000e+02	1.538605887865144541e+04
6.580000000000000000e+02	1.546866877711498637e+04
6.590000000000000000e+02	1.554733128642950214e+04
6.600000000000000000e+02	1.562198180032063829e+04
6.610000000000000000e+02	1.569255879976192045e+04
6.620000000000000000e+02	1.575900393743658788e+04
6.630000000000000000e+02	1.582126211810548193e+04
6.640000000000000000e+02	1.587928157472607563e+04
6.650000000000000000e+02	1.593301394017542952e+04
6.660000000000000000e+02	1.598241431443801594e+04
6.670000000000000000e+02	1.602744132712773899e+04
6.680000000000000000e+02	1.606805719522231811e+04
6.690000000000000000e+02	1.610422777589724683e+04
6.700000000000000000e+02	1.613592261435587534e+04
6.710000000000000000e+02	1.616311498656186450e+04
6.720000000000000000e+02	1.618578193679005926e+04
6.730000000000000000e+02	1.620390430992190340e+04
6.740000000000000000e+02	1.621746677842182180e+04
6.750000000000000000e+02	1.622645786394137031e+04
6.760000000000000000e+02	1.623086995350852703e+04
6.770000000000000000e+02	1.623069931027015446e+04
6.780000000000000000e+02	1.622594607876644841e+04
6.790000000000000000e+02	1.621661428472688931e+04
6.800000000000000000e+02	1.620271182938816673e+04
6.810000000000000000e+02	1.618425047834524594e+04
6.820000000000000000e+02	1.616124584495764248e+04
6.830000000000000000e+02	1.613371736834364492e+04
6.840000000000000000e+02	1.610168828600589768e+04
6.850000000000000000e+02	1.606518560114232423e+04
6.860000000000000000e+02	1.602424004470675573e+04
6.870000000000000000e+02	1.597888603229387991e+04
6.880000000000000000e+02	1.592916161593318611e+04
6.890000000000000000e+02	1.587510843088643924e+04
6.900000000000000000e+02	1.581677163755280708e+04
6.910000000000000000e+02	1.575419985859507142e+04
6.920000000000000000e+02	1.568744511140951909e+04
6.930000000000000000e+02	1.561656273607073672e+04
6.940000000000000000e+02	1.554161131889103490e+04
6.950000000000000000e+02	1.546265261174228181e+04
6.960000000000000000e+02	1.537975144729561907e+04
6.970000000000000000e+02	1.529297565034189574e+04
6.980000000000000000e+02	1.520239594536251934e+04
6.990000000000000000e+02	1.510808586052698593e+04
7.000000000000000000e+02	1.501012162829938461e+04
7.010000000000000000e+02	1.490858208284180546e+04
7.020000000000000000e+02	1.480354855440777101e+04
7.030000000000000000e+02	1.469510476092348654e+04
7.040000000000000000e+02	1.458333669695894605e+04
7.050000000000000000e+02	1.446833252029470532e+04
7.060000000000000000e+02	1.435018243629329118e+04
7.070000000000000000e+02	1.422897858028714290e+04
7.080000000000000000e+02	1.410481489819705166e+04
7.090000000000000000e+02	1.397778702559699923e+04
7.100000000000000000e+02	1.384799216544244700e+04
7.110000000000000000e+02	1.371552896467994287e+04
7.120000000000000000e+02	1.358049738995618645e+04
7.130000000000000000e+02	1.344299860264443851e+04
7.140000000000000000e+02	1.330313483340547646e+04
7.150000000000000000e+02	1.316100925649911005e+04
7.160000000000000000e+02	1.301672586406055598e+04
7.170000000000000000e+02	1.287038934055392019e+04
7.180000000000000000e+02	1.272210493761238104e+04
7.190000000000000000e+02	1.257197834947164847e+04
7.200000000000000000e+02	1.242011558919989329e+04
7.210000000000000000e+02	1.226662286592332021e+04
7.220000000000000000e+02	1.211160646324241861e+04
7.230000000000000000e+02	1.195517261902918654e+04
7.240000000000000000e+02	1.179742740679058625e+04
7.250000000000000000e+02	1.163847661877813698e+04
7.260000000000000000e+02	1.147842565101777654e+04
7.270000000000000000e+02	1.131737939042813196e+04
7.280000000000000000e+02	1.115544210418893999e+04
7.290000000000000000e+02	1.099271733151480657e+04
7.300000000000000000e+02	1.082930777798255440e+04
7.310000000000000000e+02	1.066531521255335974e+04
7.320000000000000000e+02	1.050084036742348144e+04
7.330000000000000000e+02	1.033598284082995815e+04
7.340000000000000000e+02	1.017084100292985750e+04
7.350000000000000000e+02	1.000551190486391715e+04
7.360000000000000000e+02	9.840091191107372651e+03
7.370000000000000000e+02	9.674673015202757597e+03
7.380000000000000000e+02	9.509349958961227458e+03
7.390000000000000000e+02	9.344212955210876316e+03
7.400000000000000000e+02	9.179351214162075848e+03
7.410000000000000000e+02	9.014852153451760387e+03
7.420000000000000000e+02	8.850801331920198209e+03
7.430000000000000000e+02	8.687282387165605542e+03
7.440000000000000000e+02	8.524376976913710678e+03
7.450000000000000000e+02	8.362164724231270156e+03
7.460000000000000000e+02	8.200723166604460857e+03
7.470000000000000000e+02	8.040127708895107389e+03
7.480000000000000000e+02	7.880451580179919802e+03
7.490000000000000000e+02	7.721765794470147739e+03
7.500000000000000000e+02	7.564139115301571110e+03
7.510000000000000000e+02	7.407638024177342231e+03
7.520000000000000000e+02	7.252326692839019415e+03
7.530000000000000000e+02	7.098266959334157036e+03
7.540000000000000000e+02	6.945518307842005015e+03
7.550000000000000000e+02	6.794137852212359576e+03
7.560000000000000000e+02	6.644180323166288872e+03
7.570000000000000000e+02	6.495698059101370745e+03
7.580000000000000000e+02	6.348741000438316405e+03
7.590000000000000000e+02	6.203356687440279529e+03
7.600000000000000000e+02	6.059590261430919782e+03
7.610000000000000000e+02	5.917484469332282970e+03
7.620000000000000000e+02	5.777079671438915284e+03
7.630000000000000000e+02	5.638413852340170706e+03
7.640000000000000000e+02	5.501522634898640717e+03
7.650000000000000000e+02	5.366439297188790988e+03
7.660000000000000000e+02	5.233194792296424566e+03
7.670000000000000000e+02	5.101817770876396935e+03
7.680000000000000000e+02	4.972334606363127023e+03
7.690000000000000000e+02	4.844769422725875302e+03
7.700000000000000000e+02	4.719144124658515466e+03
7.710000000000000000e+02	4.595478430091490736e+03
7.720000000000000000e+02	4.473789904912088787e+03
7.730000000000000000e+02	4.354093999777692261e+03
7.740000000000000000e+02	4.236404088905640492e+03
7.750000000000000000e+02	4.120731510722573148e+03
7.760000000000000000e+02	4.007085610255535812e+03
7.770000000000000000e+02	3.895473783146989717e+03
7.780000000000000000e+02	3.785901521175847392e+03
7.790000000000000000e+02	3.678372459166954741e+03
7.800000000000000000e+02	3.572888423172045350e+03
7.810000000000000000e+02	3.469449479805915416e+03
7.820000000000000000e+02	3.368053986622658613e+03
7.830000000000000000e+02	3.268698643418046686e+03
7.840000000000000000e+02	3.171378544345602677e+03
7.850000000000000000e+02	3.076087230735617140e+03
7.860000000000000000e+02	2.982816744508239935e+03
7.870000000000000000e+02	2.891557682073840624e+03
7.880000000000000000e+02	2.802299248616083787e+03
7.890000000000000000e+02	2.715029312655571175e+03
7.900000000000000000e+02	2.629734460794473307e+03
7.910000000000000000e+02	2.546400052545272501e+03
7.920000000000000000e+02	2.465010275149593326e+03
7.930000000000000000e+02	2.385548198296026385e+03
7.940000000000000000e+02	2.307995828648973202e+03
7.950000000000000000e+02	2.232334164103639978e+03
7.960000000000000000e+02	2.158543247685630831e+03
7.970000000000000000e+02	2.086602221016867134e+03
7.980000000000000000e+02	2.016489377272994261e+03
7.990000000000000000e+02	1.948182213560873834e+03
8.000000000000000000e+02	1.881657482648242421e+03
8.010000000000000000e+02	1.816891243981187472e+03
8.020000000000000000e+02	1.753858913928599577e+03
8.030000000000000000e+02	1.692535315196362717e+03
8.040000000000000000e+02	1.632894725357604329e+03
8.050000000000000000e+02	1.574910924448902733e+03
8.060000000000000000e+02	1.518557241585903739e+03
8.070000000000000000e+02	1.463806600555339855e+03
8.080000000000000000e+02	1.410631564343950231e+03
8.090000000000000000e+02	1.359004378568274205e+03
8.100000000000000000e+02	1.308897013772701257e+03
8.110000000000000000e+02	1.260281206566573246e+03
8.120000000000000000e+02	1.213128499574399939e+03
8.130000000000000000e+02	1.167410280176556398e+03
8.140000000000000000e+02	1.123097818020970408e+03
8.150000000000000000e+02	1.080162301289443121e+03
8.160000000000000000e+02	1.038574871705267697e+03
8.170000000000000000e+02	9.983066582717502797e+02
8.180000000000000000e+02	9.593288097340988543e+02
8.190000000000000000e+02	9.216125257599112501e+02
8.200000000000000000e+02	8.851290868361467119e+02
8.210000000000000000e+02	8.498498828830511229e+02
8.220000000000000000e+02	8.157464405879627520e+02
8.230000000000000000e+02	7.827904494642922373e+02
8.240000000000000000e+02	7.509537866432295914e+02
8.250000000000000000e+02	7.202085404078784450e+02
8.260000000000000000e+02	6.905270324815681988e+02
8.270000000000000000e+02	6.618818390840255006e+02
8.280000000000000000e+02	6.342458107709169326e+02
8.290000000000000000e+02	6.075920910739827150e+02
8.300000000000000000e+02	5.818941339606064957e+02
8.310000000000000000e+02	5.571257201331474107e+02
8.320000000000000000e+02	5.332609721897672443e+02
8.330000000000000000e+02	5.102743686697657495e+02
8.340000000000000000e+02	4.881407570076182196e+02
8.350000000000000000e+02	4.668353654209871593e+02
8.360000000000000000e+02	4.463338137589546477e+02
8.370000000000000000e+02	4.266121233375996553e+02
8.380000000000000000e+02	4.076467257908149122e+02
8.390000000000000000e+02	3.894144709649479523e+02
8.400000000000000000e+02	3.718926338864366130e+02
8.410000000000000000e+02	3.550589208321021033e+02
8.420000000000000000e+02	3.388914745321836790e+02
8.430000000000000000e+02	3.233688785365136482e+02
8.440000000000000000e+02	3.084701607744872831e+02
8.450000000000000000e+02	2.941747963396346677e+02
8.460000000000000000e+02	2.804627095297043979e+02
8.470000000000000000e+02	2.673142751731759859e+02
8.480000000000000000e+02	2.547103192730724004e+02
8.490000000000000000e+02	2.426321189988273090e+02
8.500000000000000000e+02	2.310614020567755631e+02
8.510000000000000000e+02	2.199803454696080109e+02
8.520000000000000000e+02	2.093715737948265314e+02
8.530000000000000000e+02	1.992181568118951134e+02
8.540000000000000000e+02	1.895036067073873767e+02
8.550000000000000000e+02	1.802118747869861295e+02
8.560000000000000000e+02	1.713273477427140961e+02
8.570000000000000000e+02	1.628348435032430643e+02
8.580000000000000000e+02	1.547196066945801931e+02
8.590000000000000000e+02	1.469673037378330775e+02
8.600000000000000000e+02	1.395640176101377392e+02
8.610000000000000000e+02	1.324962422941831335e+02
8.620000000000000000e+02	1.257508769410990794e+02
8.630000000000000000e+02	1.193152197707788105e+02
8.640000000000000000e+02	1.131769617329993309e+02
8.650000000000000000e+02	1.073241799519765323e+02
8.660000000000000000e+02	1.017453309762542943e+02
8.670000000000000000e+02	9.642924385507622276e+01
8.680000000000000000e+02	9.136511306163576762e+01
8.690000000000000000e+02	8.654249128283153425e+01
8.700000000000000000e+02	8.195128209439668865e+01
8.710000000000000000e+02	7.758173253949648540e+01
8.720000000000000000e+02	7.342442562812534845e+01
8.730000000000000000e+02	6.947027277386841604e+01
8.740000000000000000e+02	6.571050618383378605e+01
8.750000000000000000e+02	6.213667121680432359e+01
8.760000000000000000e+02	5.874061872391362726e+01
8.770000000000000000e+02	5.551449738540947010e+01
8.780000000000000000e+02	5.245074605634260223e+01
8.790000000000000000e+02	4.954208613329880961e+01
8.800000000000000000e+02	4.678151395359100917e+01
8.810000000000000000e+02	4.416229323763432291e+01
8.820000000000000000e+02	4.167794758455339377e+01
8.830000000000000000e+02	3.932225303040926434e+01
8.840000000000000000e+02	3.708923067778885496e+01
8.850000000000000000e+02	3.497313940487239137e+01
8.860000000000000000e+02	3.296846866148437272e+01
8.870000000000000000e+02	3.106993135904115988e+01
8.880000000000000000e+02	2.927245686073470665e+01
8.890000000000000000e+02	2.757118407773738511e+01
8.900000000000000000e+02	2.596145467667658124e+01
8.910000000000000000e+02	2.443880640311235197e+01
8.920000000000000000e+02	2.299896652525299601e+01
8.930000000000000000e+02	2.163784540166777504e+01
8.940000000000000000e+02	2.035153017629720296e+01
8.950000000000000000e+02	1.913627860362357680e+01
8.960000000000000000e+02	1.798851300644611584e+01
8.970000000000000000e+02	1.690481436830552653e+01
8.980000000000000000e+02	1.588191656222339354e+01
8.990000000000000000e+02	1.491670071706038847e+01
9.000000000000000000e+02	1.400618972245583826e+01
9.010000000000000000e+02	1.314754287298709734e+01
9.020000000000000000e+02	1.233805065188215266e+01
9.030000000000000000e+02	1.157512965433099161e+01
9.040000000000000000e+02	1.085631765017149419e+01
9.050000000000000000e+02	1.017926878547227076e+01
9.060000000000000000e+02	9.541748922298491919e+00
9.070000000000000000e+02	8.941631115726641710e+00
9.080000000000000000e+02	8.376891226969256365e+00
9.090000000000000000e+02	7.845603671281837777e+00
9.100000000000000000e+02	7.345937299149155386e+00
9.110000000000000000e+02	6.876151409088172350e+00
9.120000000000000000e+02	6.434591890258150926e+00
9.130000000000000000e+02	6.019687492935337225e+00
9.140000000000000000e+02	5.629946224788835885e+00
9.150000000000000000e+02	5.263951870786322651e+00
9.160000000000000000e+02	4.920360634461213856e+00
9.170000000000000000e+02	4.597897898187819798e+00
9.180000000000000000e+02	4.295355100035946450e+00
9.190000000000000000e+02	4.011586724711988516e+00
9.200000000000000000e+02	3.745507406038503184e+00
9.210000000000000000e+02	3.496089138378541961e+00
9.220000000000000000e+02	3.262358594373856668e+00
9.230000000000000000e+02	3.043394546337161000e+00
9.240000000000000000e+02	2.838325388617497502e+00
9.250000000000000000e+02	2.646326758243747523e+00
9.260000000000000000e+02	2.466619251144298808e+00
9.270000000000000000e+02	2.298466231239996826e+00
9.280000000000000000e+02	2.141171729712882499e+00
9.290000000000000000e+02	1.994078431763699033e+00
9.300000000000000000e+02	1.856565748187330556e+00
9.310000000000000000e+02	1.728047969115585669e+00
9.320000000000000000e+02	1.607972497302009973e+00
9.330000000000000000e+02	1.495818158352177241e+00
9.340000000000000000e+02	1.391093585335681393e+00
9.350000000000000000e+02	1.293335675251915395e+00
9.360000000000000000e+02	1.202108114860800603e+00
9.370000000000000000e+02	1.116999973431191506e+00
9.380000000000000000e+02	1.037624360003882140e+00
9.390000000000000000e+02	9.636171428123150307e-01
9.400000000000000000e+02	8.946357285521541192e-01
9.410000000000000000e+02	8.303578992407203430e-01
9.420000000000000000e+02	7.704807044582528963e-01
9.430000000000000000e+02	7.147194068153492896e-01
9.440000000000000000e+02	6.628064785440727080e-01
9.450000000000000000e+02	6.144906471642481716e-01
9.460000000000000000e+02	5.695359882309357635e-01
9.470000000000000000e+02	5.277210632240897370e-01
9.480000000000000000e+02	4.888381006964687137e-01
9.490000000000000000e+02	4.526922188511776635e-01
9.500000000000000000e+02	4.191006877753556958e-01
9.510000000000000000e+02	3.878922296114874491e-01
9.520000000000000000e+02	3.589063550025320404e-01
9.530000000000000000e+02	3.319927342012221061e-01
9.540000000000000000e+02	3.070106012876928636e-01
9.550000000000000000e+02	2.838281899925959029e-01
9.560000000000000000e+02	2.623221996753361540e-01
9.570000000000000000e+02	2.423772900586111112e-01
9.580000000000000000e+02	2.238856033712617599e-01
9.590000000000000000e+02	2.067463126012611951e-01
9.600000000000000000e+02	1.908651946096084628e-01
9.610000000000000000e+02	1.761542269037801867e-01
9.620000000000000000e+02	1.625312069162424267e-01
9.630000000000000000e+02	1.499193926793220277e-01
9.640000000000000000e+02	1.382471638323706786e-01
9.650000000000000000e+02	1.274477019407207756e-01
9.660000000000000000e+02	1.174586891482846396e-01
9.670000000000000000e+02	1.082220242268837895e-01
9.680000000000000000e+02	9.968355512541798857e-02
9.690000000000000000e+02	9.179282716085415683e-02
9.700000000000000000e+02	8.450284603067655109e-02
9.710000000000000000e+02	7.776985486293550021e-02
9.720000000000000000e+02	7.155312455534035276e-02
9.730000000000000000e+02	6.581475668897701636e-02
9.740000000000000000e+02	6.051949833521255012e-02
9.750000000000000000e+02	5.563456810616822235e-02
9.760000000000000000e+02	5.112949282983735716e-02
9.770000000000000000e+02	4.697595426048769424e-02
9.780000000000000000e+02	4.314764526346282630e-02
9.790000000000000000e+02	3.962013494087355397e-02
9.800000000000000000e+02	3.637074219100166345e-02
9.810000000000000000e+02	3.337841721951246426e-02
9.820000000000000000e+02	3.062363054484837713e-02
9.830000000000000000e+02	2.808826906344060945e-02
9.840000000000000000e+02	2.575553876268619688e-02
9.850000000000000000e+02	2.360987369099815450e-02
9.860000000000000000e+02	2.163685081467994417e-02
9.870000000000000000e+02	1.982311041093069715e-02
9.880000000000000000e+02	1.815628166497306947e-02
9.890000000000000000e+02	1.662491315714846943e-02
9.900000000000000000e+02	1.521840794285861560e-02
9.910000000000000000e+02	1.392696294448688907e-02
9.920000000000000000e+02	1.274151238992490831e-02
9.930000000000000000e+02	1.165367504708928088e-02
9.940000000000000000e+02	1.065570501786793078e-02
9.950000000000000000e+02	9.740445868306182517e-03
9.960000000000000000e+02	8.901287884559967722e-03
9.970000000000000000e+02	8.132128256228247573e-03
9.980000000000000000e+02	7.427334000156691346e-03
9.990000000000000000e+02	6.781707448700932846e-03
1.000000000000000000e+03	6.190454136777119760e-03
