4.410000000000000000e+02	3.517279551105699120e+00
4.420000000000000000e+02	3.724467482842396038e+00
4.430000000000000000e+02	3.943017182325945669e+00
4.440000000000000000e+02	4.173499204660684470e+00
4.450000000000000000e+02	4.416509647010624207e+00
4.460000000000000000e+02	4.672671117247834793e+00
4.470000000000000000e+02	4.942633729964815537e+00
4.480000000000000000e+02	5.227076130129975517e+00
4.490000000000000000e+02	5.526706544639607976e+00
4.500000000000000000e+02	5.842263861990969254e+00
4.510000000000000000e+02	6.174518740271245143e+00
4.520000000000000000e+02	6.524274743624348005e+00
4.530000000000000000e+02	6.892369507323373057e+00
4.540000000000000000e+02	7.279675931539422606e+00
4.550000000000000000e+02	7.687103403859100403e+00
4.560000000000000000e+02	8.115599050560915018e+00
4.570000000000000000e+02	8.566149016618131995e+00
4.580000000000000000e+02	9.039779774348776442e+00
4.590000000000000000e+02	9.537559460585717019e+00
4.600000000000000000e+02	1.006059924218831370e+01
4.610000000000000000e+02	1.061005470966416908e+01
4.620000000000000000e+02	1.118712729861303501e+01
4.630000000000000000e+02	1.179306573864697505e+01
4.640000000000000000e+02	1.242916752937897051e+01
4.650000000000000000e+02	1.309678044300933308e+01
4.660000000000000000e+02	1.379730405297178741e+01
4.670000000000000000e+02	1.453219128803306504e+01
4.680000000000000000e+02	1.530295001116720499e+01
4.690000000000000000e+02	1.611114462245214796e+01
4.700000000000000000e+02	1.695839768515843460e+01
4.710000000000000000e+02	1.784639157412070176e+01
4.720000000000000000e+02	1.877687014540015298e+01
4.730000000000000000e+02	1.975164042616076543e+01
4.740000000000000000e+02	2.077257432359557399e+01
4.750000000000000000e+02	2.184161035164792253e+01
4.760000000000000000e+02	2.296075537418136747e+01
4.770000000000000000e+02	2.413208636315574296e+01
4.780000000000000000e+02	2.535775217027060435e+01
4.790000000000000000e+02	2.663997531043644074e+01
4.800000000000000000e+02	2.798105375533337380e+01
4.810000000000000000e+02	2.938336273521188957e+01
4.820000000000000000e+02	3.084935654698631424e+01
4.830000000000000000e+02	3.238157036657606369e+01
4.840000000000000000e+02	3.398262206345548719e+01
4.850000000000000000e+02	3.565521401619994180e+01
4.860000000000000000e+02	3.740213493469091333e+01
4.870000000000000000e+02	3.922626174197682758e+01
4.880000000000000000e+02	4.113056186233516343e+01
4.890000000000000000e+02	4.311809791549339366e+01
4.900000000000000000e+02	4.519204526959462243e+01
4.910000000000000000e+02	4.735577203181275507e+01
4.920000000000000000e+02	4.961319450296682021e+01
4.930000000000000000e+02	5.197023463872280047e+01
4.940000000000000000e+02	5.444026310601277174e+01
4.950000000000000000e+02	5.706252072664307207e+01
4.960000000000000000e+02	5.995837926632147941e+01
4.970000000000000000e+02	6.348559682436357576e+01
4.980000000000000000e+02	6.861528090933872193e+01
4.990000000000000000e+02	7.774413865531232659e+01
5.000000000000000000e+02	9.621059734789199069e+01
5.010000000000000000e+02	1.346668697926197069e+02
5.020000000000000000e+02	2.119612399902429161e+02
5.030000000000000000e+02	3.571860697879694726e+02
5.040000000000000000e+02	6.083318863049471474e+02
5.050000000000000000e+02	1.004507965851831841e+03
5.060000000000000000e+02	1.570310388675141439e+03
5.070000000000000000e+02	2.295314839600139294e+03
5.080000000000000000e+02	3.117360783404456470e+03
5.090000000000000000e+02	3.921321860105563701e+03
5.100000000000000000e+02	4.561227634205603863e+03
5.110000000000000000e+02	4.902473837435312817e+03
5.120000000000000000e+02	4.868051640486065480e+03
5.130000000000000000e+02	4.467177024088374310e+03
5.140000000000000000e+02	3.791795937571661398e+03
5.150000000000000000e+02	2.982774359091214592e+03
5.160000000000000000e+02	2.182742025176970401e+03
5.170000000000000000e+02	1.497039640505724947e+03
5.180000000000000000e+02	9.765303435403894809e+02
5.190000000000000000e+02	6.228684408463958562e+02
5.200000000000000000e+02	4.069164310147403967e+02
5.210000000000000000e+02	2.887845519957369902e+02
5.220000000000000000e+02	2.319244836813723509e+02
5.230000000000000000e+02	2.093893607377613364e+02
5.240000000000000000e+02	2.042354084474479237e+02
5.250000000000000000e+02	2.071333938368939869e+02
5.260000000000000000e+02	2.135205456662301060e+02
5.270000000000000000e+02	2.213982867456174404e+02
5.280000000000000000e+02	2.299797999707501504e+02
5.290000000000000000e+02	2.389877442461950636e+02
5.300000000000000000e+02	2.483369393928959141e+02
5.310000000000000000e+02	2.580076193967399263e+02
5.320000000000000000e+02	2.680002314552515941e+02
5.330000000000000000e+02	2.783209467698516733e+02
5.340000000000000000e+02	2.889774646932780229e+02
5.350000000000000000e+02	2.999779096762921426e+02
5.360000000000000000e+02	3.113305655709318103e+02
5.370000000000000000e+02	3.230438149039139262e+02
5.380000000000000000e+02	3.351261235303472290e+02
5.390000000000000000e+02	3.475860342691073015e+02
5.400000000000000000e+02	3.604321619919863906e+02
5.410000000000000000e+02	3.736731887497028879e+02
5.420000000000000000e+02	3.873178586899652487e+02
5.430000000000000000e+02	4.013749727271710412e+02
5.440000000000000000e+02	4.158533829559725064e+02
5.450000000000000000e+02	4.307619868059166492e+02
5.460000000000000000e+02	4.461097209353107473e+02
5.470000000000000000e+02	4.619055548628608108e+02
5.480000000000000000e+02	4.781584843359954107e+02
5.490000000000000000e+02	4.948775244351473930e+02
5.500000000000000000e+02	5.120717024136363307e+02
5.510000000000000000e+02	5.297500502731963934e+02
5.520000000000000000e+02	5.479215970755849412e+02
5.530000000000000000e+02	5.665953609911342710e+02
5.540000000000000000e+02	5.857803410855310631e+02
5.550000000000000000e+02	6.054855088465584458e+02
5.560000000000000000e+02	6.257197994529832386e+02
5.570000000000000000e+02	6.464921027882403450e+02
5.580000000000000000e+02	6.678112542020444380e+02
5.590000000000000000e+02	6.896860250235490639e+02
5.600000000000000000e+02	7.121251128301628341e+02
5.610000000000000000e+02	7.351371314766525984e+02
5.620000000000000000e+02	7.587306008896695175e+02
5.630000000000000000e+02	7.829139366333652106e+02
5.640000000000000000e+02	8.076954392522898161e+02
5.650000000000000000e+02	8.330832833983088221e+02
5.660000000000000000e+02	8.590855067488138275e+02
5.670000000000000000e+02	8.857099987240565042e+02
5.680000000000000000e+02	9.129644890119740239e+02
5.690000000000000000e+02	9.408565359094500309e+02
5.700000000000000000e+02	9.693935144894909399e+02
5.710000000000000000e+02	9.985826046043636097e+02
5.720000000000000000e+02	1.028430778735305466e+03
5.730000000000000000e+02	1.058944789699956573e+03
5.740000000000000000e+02	1.090131158229227822e+03
5.750000000000000000e+02	1.121996160425873541e+03
5.760000000000000000e+02	1.154545815117563961e+03
5.770000000000000000e+02	1.187785871117808483e+03
5.780000000000000000e+02	1.221721794408607138e+03
5.790000000000000000e+02	1.256358755259220516e+03
5.800000000000000000e+02	1.291701615295983174e+03
5.810000000000000000e+02	1.327754914538559888e+03
5.820000000000000000e+02	1.364522858418559281e+03
5.830000000000000000e+02	1.402009304796877132e+03
5.840000000000000000e+02	1.440217750996611585e+03
5.850000000000000000e+02	1.479151320868833636e+03
5.860000000000000000e+02	1.518812751908927794e+03
5.870000000000000000e+02	1.559204382441614143e+03
5.880000000000000000e+02	1.600328138893167534e+03
5.890000000000000000e+02	1.642185523169699536e+03
5.900000000000000000e+02	1.684777600160723978e+03
5.910000000000000000e+02	1.728104985387537909e+03
5.920000000000000000e+02	1.772167832816245891e+03
5.930000000000000000e+02	1.816965822855529495e+03
5.940000000000000000e+02	1.862498150559486930e+03
5.950000000000000000e+02	1.908763514056093982e+03
5.960000000000000000e+02	1.955760103222011139e+03
5.970000000000000000e+02	2.003485588624603224e+03
5.980000000000000000e+02	2.051937110752169701e+03
5.990000000000000000e+02	2.101111269553445254e+03
6.000000000000000000e+02	2.151004114307509553e+03
6.010000000000000000e+02	2.201611133845212407e+03
6.020000000000000000e+02	2.252927247143248678e+03
6.030000000000000000e+02	2.304946794311919348e+03
6.040000000000000000e+02	2.357663527997528490e+03
6.050000000000000000e+02	2.411070605220234029e+03
6.060000000000000000e+02	2.465160579667991897e+03
6.070000000000000000e+02	2.519925394467007209e+03
6.080000000000000000e+02	2.575356375448868221e+03
6.090000000000000000e+02	2.631444224934228714e+03
6.100000000000000000e+02	2.688179016052561110e+03
6.110000000000000000e+02	2.745550187617158372e+03
6.120000000000000000e+02	2.803546539574083909e+03
6.130000000000000000e+02	2.862156229043367148e+03
6.140000000000000000e+02	2.921366766970202661e+03
6.150000000000000000e+02	2.981165015403367306e+03
6.160000000000000000e+02	3.041537185417509136e+03
6.170000000000000000e+02	3.102468835695302005e+03
6.180000000000000000e+02	3.163944871784812676e+03
6.190000000000000000e+02	3.225949546046723299e+03
6.200000000000000000e+02	3.288466458305280867e+03
6.210000000000000000e+02	3.351478557216085392e+03
6.220000000000000000e+02	3.414968142362985418e+03
6.230000000000000000e+02	3.478916867095502312e+03
6.240000000000000000e+02	3.543305742117291175e+03
6.250000000000000000e+02	3.608115139835227637e+03
6.260000000000000000e+02	3.673324799477728902e+03
6.270000000000000000e+02	3.738913832989922867e+03
6.280000000000000000e+02	3.804860731712254164e+03
6.290000000000000000e+02	3.871143373848033207e+03
6.300000000000000000e+02	3.937739032724366552e+03
6.310000000000000000e+02	4.004624385849767805e+03
6.320000000000000000e+02	4.071775524770615448e+03
6.330000000000000000e+02	4.139167965727464434e+03
6.340000000000000000e+02	4.206776661110999157e+03
6.350000000000000000e+02	4.274576011716244466e+03
6.360000000000000000e+02	4.342539879792392640e+03
6.370000000000000000e+02	4.410641602884388703e+03
6.380000000000000000e+02	4.478854008461120429e+03
6.390000000000000000e+02	4.547149429323843833e+03
6.400000000000000000e+02	4.615499719787153481e+03
6.410000000000000000e+02	4.683876272623548175e+03
6.420000000000000000e+02	4.752250036761336560e+03
6.430000000000000000e+02	4.820591535724353889e+03
6.440000000000000000e+02	4.888870886800662447e+03
6.450000000000000000e+02	4.957057820926123895e+03
6.460000000000000000e+02	5.025121703267442172e+03
6.470000000000000000e+02	5.093031554488007714e+03
6.480000000000000000e+02	5.160756072678637793e+03
6.490000000000000000e+02	5.228263655933988957e+03
6.500000000000000000e+02	5.295522425554272559e+03
6.510000000000000000e+02	5.362500249850606451e+03
6.520000000000000000e+02	5.429164768531214577e+03
6.530000000000000000e+02	5.495483417644457404e+03
6.540000000000000000e+02	5.561423455053563885e+03
6.550000000000000000e+02	5.626951986416814179e+03
6.560000000000000000e+02	5.692035991645835566e+03
6.570000000000000000e+02	5.756642351813620735e+03
6.580000000000000000e+02	5.820737876482880893e+03
6.590000000000000000e+02	5.884289331424330157e+03
6.600000000000000000e+02	5.947263466693624650e+03
6.610000000000000000e+02	6.009627045034721959e+03
6.620000000000000000e+02	6.071346870576638139e+03
6.630000000000000000e+02	6.132389817789738117e+03
6.640000000000000000e+02	6.192722860666969609e+03
6.650000000000000000e+02	6.252313102094752139e+03
6.660000000000000000e+02	6.311127803377576129e+03
6.670000000000000000e+02	6.369134413879794010e+03
6.680000000000000000e+02	6.426300600747553290e+03
6.690000000000000000e+02	6.482594278673313056e+03
6.700000000000000000e+02	6.537983639665046212e+03
6.710000000000000000e+02	6.592437182781794945e+03
6.720000000000000000e+02	6.645923743797016868e+03
6.730000000000000000e+02	6.698412524750908233e+03
6.740000000000000000e+02	6.749873123352731454e+03
6.750000000000000000e+02	6.800275562194096892e+03
6.760000000000000000e+02	6.849590317734086057e+03
6.770000000000000000e+02	6.897788349017176188e+03
6.780000000000000000e+02	6.944841126085017095e+03
6.790000000000000000e+02	6.990720658043272124e+03
6.800000000000000000e+02	7.035399520745002519e+03
6.810000000000000000e+02	7.078850884052351830e+03
6.820000000000000000e+02	7.121048538638703576e+03
6.830000000000000000e+02	7.161966922293873722e+03
6.840000000000000000e+02	7.201581145695469786e+03
6.850000000000000000e+02	7.239867017610074981e+03
6.860000000000000000e+02	7.276801069488601570e+03
6.870000000000000000e+02	7.312360579420818794e+03
6.880000000000000000e+02	7.346523595414885676e+03
6.890000000000000000e+02	7.379268957968493851e+03
6.900000000000000000e+02	7.410576321899186041e+03
6.910000000000000000e+02	7.440426177402297981e+03
6.920000000000000000e+02	7.468799870306069351e+03
6.930000000000000000e+02	7.495679621494448838e+03
6.940000000000000000e+02	7.521048545469334385e+03
6.950000000000000000e+02	7.544890668025087507e+03
6.960000000000000000e+02	7.567190943009449256e+03
6.970000000000000000e+02	7.587935268146246926e+03
6.980000000000000000e+02	7.607110499896573856e+03
6.990000000000000000e+02	7.624704467336545349e+03
7.000000000000000000e+02	7.640705985031110686e+03
7.010000000000000000e+02	7.655104864884853669e+03
7.020000000000000000e+02	7.667891926952219364e+03
7.030000000000000000e+02	7.679059009191090809e+03
7.040000000000000000e+02	7.688598976145226516e+03
7.050000000000000000e+02	7.696505726542614866e+03
7.060000000000000000e+02	7.702774199798438531e+03
7.070000000000000000e+02	7.707400381412912793e+03
7.080000000000000000e+02	7.710381307255977845e+03
7.090000000000000000e+02	7.711715066732410378e+03
7.100000000000000000e+02	7.711400804822642385e+03
7.110000000000000000e+02	7.709438722996224897e+03
7.120000000000000000e+02	7.705830078996579687e+03
7.130000000000000000e+02	7.700577185497350911e+03
7.140000000000000000e+02	7.693683407632376657e+03
7.150000000000000000e+02	7.685153159402963865e+03
7.160000000000000000e+02	7.674991898967839916e+03
7.170000000000000000e+02	7.663206122822819452e+03
7.180000000000000000e+02	7.649803358878877589e+03
7.190000000000000000e+02	7.634792158448933151e+03
7.200000000000000000e+02	7.618182087155322733e+03
7.210000000000000000e+02	7.599983714771448831e+03
7.220000000000000000e+02	7.580208604012755131e+03
7.230000000000000000e+02	7.558869298293627253e+03
7.240000000000000000e+02	7.535979308468392446e+03
7.250000000000000000e+02	7.511553098576022421e+03
7.260000000000000000e+02	7.485606070609608651e+03
7.270000000000000000e+02	7.458154548333038292e+03
7.280000000000000000e+02	7.429215760168692213e+03
7.290000000000000000e+02	7.398807821181265354e+03
7.300000000000000000e+02	7.366949714184078402e+03
7.310000000000000000e+02	7.333661269995457587e+03
7.320000000000000000e+02	7.298963146873932601e+03
7.330000000000000000e+02	7.262876809162081372e+03
7.340000000000000000e+02	7.225424505169920849e+03
7.350000000000000000e+02	7.186629244329731591e+03
7.360000000000000000e+02	7.146514773655130739e+03
7.370000000000000000e+02	7.105105553538074673e+03
7.380000000000000000e+02	7.062426732918304879e+03
7.390000000000000000e+02	7.018504123860476284e+03
7.400000000000000000e+02	6.973364175574896763e+03
7.410000000000000000e+02	6.927033947918431295e+03
7.420000000000000000e+02	6.879541084412659984e+03
7.430000000000000000e+02	6.830913784816887528e+03
7.440000000000000000e+02	6.781180777293997380e+03
7.450000000000000000e+02	6.730371290207501261e+03
7.460000000000000000e+02	6.678515023588432086e+03
7.470000000000000000e+02	6.625642120310909377e+03
7.480000000000000000e+02	6.571783137015403554e+03
7.490000000000000000e+02	6.516969014818740106e+03
7.500000000000000000e+02	6.461231049849973715e+03
7.510000000000000000e+02	6.404600863651130567e+03
7.520000000000000000e+02	6.347110373481756142e+03
7.530000000000000000e+02	6.288791762565995668e+03
7.540000000000000000e+02	6.229677450320676144e+03
7.550000000000000000e+02	6.169800062602576872e+03
7.560000000000000000e+02	6.109192402012651655e+03
7.570000000000000000e+02	6.047887418294595591e+03
7.580000000000000000e+02	5.985918178864577385e+03
7.590000000000000000e+02	5.923317839508481484e+03
7.600000000000000000e+02	5.860119615282321320e+03
7.610000000000000000e+02	5.796356751650891965e+03
7.620000000000000000e+02	5.732062495898949237e+03
7.630000000000000000e+02	5.667270068848484698e+03
7.640000000000000000e+02	5.602012636914803807e+03
7.650000000000000000e+02	5.536323284533310471e+03
7.660000000000000000e+02	5.470234986987916272e+03
7.670000000000000000e+02	5.403780583671117711e+03
7.680000000000000000e+02	5.336992751804740692e+03
7.690000000000000000e+02	5.269903980649351979e+03
7.700000000000000000e+02	5.202546546229252272e+03
7.710000000000000000e+02	5.134952486598907853e+03
7.720000000000000000e+02	5.067153577675488123e+03
7.730000000000000000e+02	4.999181309661088562e+03
7.740000000000000000e+02	4.931066864076998172e+03
7.750000000000000000e+02	4.862841091431180757e+03
7.760000000000000000e+02	4.794534489538899834e+03
7.770000000000000000e+02	4.726177182515224558e+03
7.780000000000000000e+02	4.657798900456841693e+03
7.790000000000000000e+02	4.589428959829353516e+03
7.800000000000000000e+02	4.521096244574996490e+03
7.810000000000000000e+02	4.452829187954373992e+03
7.820000000000000000e+02	4.384655755134554056e+03
7.830000000000000000e+02	4.316603426534571554e+03
7.840000000000000000e+02	4.248699181938088259e+03
7.850000000000000000e+02	4.180969485381684535e+03
7.860000000000000000e+02	4.113440270825961306e+03
7.870000000000000000e+02	4.046136928615364013e+03
7.880000000000000000e+02	3.979084292731383357e+03
7.890000000000000000e+02	3.912306628842527971e+03
7.900000000000000000e+02	3.845827623153219520e+03
7.910000000000000000e+02	3.779670372052557468e+03
7.920000000000000000e+02	3.713857372562693854e+03
7.930000000000000000e+02	3.648410513585358331e+03
7.940000000000000000e+02	3.583351067943946873e+03
7.950000000000000000e+02	3.518699685217426122e+03
7.960000000000000000e+02	3.454476385361208031e+03
7.970000000000000000e+02	3.390700553109072644e+03
7.980000000000000000e+02	3.327390933149156353e+03
7.990000000000000000e+02	3.264565626066006644e+03
8.000000000000000000e+02	3.202242085039717949e+03
8.010000000000000000e+02	3.140437113292210597e+03
8.020000000000000000e+02	3.079166862269773446e+03
8.030000000000000000e+02	3.018446830550150935e+03
8.040000000000000000e+02	2.958291863461552111e+03
8.050000000000000000e+02	2.898716153400194344e+03
8.060000000000000000e+02	2.839733240832196316e+03
8.070000000000000000e+02	2.781356015964923245e+03
8.080000000000000000e+02	2.723596721072164655e+03
8.090000000000000000e+02	2.666466953456908414e+03
8.100000000000000000e+02	2.609977669034834889e+03
8.110000000000000000e+02	2.554139186521111242e+03
8.120000000000000000e+02	2.498961192202490111e+03
8.130000000000000000e+02	2.444452745276307269e+03
8.140000000000000000e+02	2.390622283737431644e+03
8.150000000000000000e+02	2.337477630793906883e+03
8.160000000000000000e+02	2.285026001791588442e+03
8.170000000000000000e+02	2.233274011627807795e+03
8.180000000000000000e+02	2.182227682633786571e+03
8.190000000000000000e+02	2.131892452905297432e+03
8.200000000000000000e+02	2.082273185060850665e+03
8.210000000000000000e+02	2.033374175406554514e+03
8.220000000000000000e+02	1.985199163486634689e+03
8.230000000000000000e+02	1.937751341998559610e+03
8.240000000000000000e+02	1.891033367051626101e+03
8.250000000000000000e+02	1.845047368747894325e+03
8.260000000000000000e+02	1.799794962064348056e+03
8.270000000000000000e+02	1.755277258015253665e+03
8.280000000000000000e+02	1.711494875073750791e+03
8.290000000000000000e+02	1.668447950831872959e+03
8.300000000000000000e+02	1.626136153878324194e+03
8.310000000000000000e+02	1.584558695873552551e+03
8.320000000000000000e+02	1.543714343801868608e+03
8.330000000000000000e+02	1.503601432380617325e+03
8.340000000000000000e+02	1.464217876606674963e+03
8.350000000000000000e+02	1.425561184420867903e+03
8.360000000000000000e+02	1.387628469471211702e+03
8.370000000000000000e+02	1.350416463956243433e+03
8.380000000000000000e+02	1.313921531530083257e+03
8.390000000000000000e+02	1.278139680251259961e+03
8.400000000000000000e+02	1.243066575557749502e+03
8.410000000000000000e+02	1.208697553251108047e+03
8.420000000000000000e+02	1.175027632473037556e+03
8.430000000000000000e+02	1.142051528658181041e+03
8.440000000000000000e+02	1.109763666447432797e+03
8.450000000000000000e+02	1.078158192546534565e+03
8.460000000000000000e+02	1.047228988515245646e+03
8.470000000000000000e+02	1.016969683472887027e+03
8.480000000000000000e+02	9.873736667065802521e+02
8.490000000000000000e+02	9.584341001690398798e+02
8.500000000000000000e+02	9.301439308533354051e+02
8.510000000000000000e+02	9.024959030325453568e+02
8.520000000000000000e+02	8.754825703528267695e+02
8.530000000000000000e+02	8.490963077689381180e+02
8.540000000000000000e+02	8.233293233118287162e+02
8.550000000000000000e+02	7.981736696784636251e+02
8.560000000000000000e+02	7.736212556346056317e+02
8.570000000000000000e+02	7.496638572218332683e+02
8.580000000000000000e+02	7.262931287606314754e+02
8.590000000000000000e+02	7.035006136419361837e+02
8.600000000000000000e+02	6.812777549000649060e+02
8.610000000000000000e+02	6.596159055605069170e+02
8.620000000000000000e+02	6.385063387565766106e+02
8.630000000000000000e+02	6.179402576094726101e+02
8.640000000000000000e+02	5.979088048667948669e+02
8.650000000000000000e+02	5.784030722950955123e+02
8.660000000000000000e+02	5.594141098225360338e+02
8.670000000000000000e+02	5.409329344282210741e+02
8.680000000000000000e+02	5.229505387752628849e+02
8.690000000000000000e+02	5.054578995851058494e+02
8.700000000000000000e+02	4.884459857510938718e+02
8.710000000000000000e+02	4.719057661897307980e+02
8.720000000000000000e+02	4.558282174284997268e+02
8.730000000000000000e+02	4.402043309295521567e+02
8.740000000000000000e+02	4.250251201489750201e+02
8.750000000000000000e+02	4.102816273317536684e+02
8.760000000000000000e+02	3.959649300429229015e+02
8.770000000000000000e+02	3.820661474357774523e+02
8.780000000000000000e+02	3.685764462583650243e+02
8.790000000000000000e+02	3.554870465998282043e+02
8.800000000000000000e+02	3.427892273784888744e+02
8.810000000000000000e+02	3.304743315738818978e+02
8.820000000000000000e+02	3.185337712052422603e+02
8.830000000000000000e+02	3.069590320592348576e+02
8.840000000000000000e+02	2.957416781699801049e+02
8.850000000000000000e+02	2.848733560546882586e+02
8.860000000000000000e+02	2.743457987084494789e+02
8.870000000000000000e+02	2.641508293619536971e+02
8.880000000000000000e+02	2.542803650061224232e+02
8.890000000000000000e+02	2.447264196878309974e+02
8.900000000000000000e+02	2.354811075810806358e+02
8.910000000000000000e+02	2.265366458381477059e+02
8.920000000000000000e+02	2.178853572253886739e+02
8.930000000000000000e+02	2.095196725485202762e+02
8.940000000000000000e+02	2.014321328723235069e+02
8.950000000000000000e+02	1.936153915398253389e+02
8.960000000000000000e+02	1.860622159961238538e+02
8.970000000000000000e+02	1.787654894220977155e+02
8.980000000000000000e+02	1.717182121833298254e+02
8.990000000000000000e+02	1.649135030996256148e+02
9.000000000000000000e+02	1.583446005405709229e+02
9.010000000000000000e+02	1.520048633526062076e+02
9.020000000000000000e+02	1.458877716231299644e+02
9.030000000000000000e+02	1.399869272871620751e+02
9.040000000000000000e+02	1.342960545821067342e+02
9.050000000000000000e+02	1.288090003561578385e+02
9.060000000000000000e+02	1.235197342358764274e+02
9.070000000000000000e+02	1.184223486584571390e+02
9.080000000000000000e+02	1.135110587741675516e+02
9.090000000000000000e+02	1.087802022244171667e+02
9.100000000000000000e+02	1.042242388008629348e+02
9.110000000000000000e+02	9.983774999091636460e+01
9.120000000000000000e+02	9.561543841495222296e+01
9.130000000000000000e+02	9.155212716046447952e+01
9.140000000000000000e+02	8.764275901833927662e+01
9.150000000000000000e+02	8.388239562634358037e+01
9.160000000000000000e+02	8.026621652484553238e+01
9.170000000000000000e+02	7.678951812970001356e+01
9.180000000000000000e+02	7.344771262714019144e+01
9.190000000000000000e+02	7.023632679542298263e+01
9.200000000000000000e+02	6.715100075788032541e+01
9.210000000000000000e+02	6.418748667192123492e+01
9.220000000000000000e+02	6.134164735843270932e+01
9.230000000000000000e+02	5.860945487591155256e+01
9.240000000000000000e+02	5.598698904355668304e+01
9.250000000000000000e+02	5.347043591743325663e+01
9.260000000000000000e+02	5.105608622371017447e+01
9.270000000000000000e+02	4.874033375285358005e+01
9.280000000000000000e+02	4.651967371854392752e+01
9.290000000000000000e+02	4.439070108496504474e+01
9.300000000000000000e+02	4.235010886599511792e+01
9.310000000000000000e+02	4.039468639971002517e+01
9.320000000000000000e+02	3.852131760149004691e+01
9.330000000000000000e+02	3.672697919890048723e+01
9.340000000000000000e+02	3.500873895139882563e+01
9.350000000000000000e+02	3.336375385780044667e+01
9.360000000000000000e+02	3.178926835431727937e+01
9.370000000000000000e+02	3.028261250586619724e+01
9.380000000000000000e+02	2.884120019322719486e+01
9.390000000000000000e+02	2.746252729851596186e+01
9.400000000000000000e+02	2.614416989132139690e+01
9.410000000000000000e+02	2.488378241774624655e+01
9.420000000000000000e+02	2.367909589447741681e+01
9.430000000000000000e+02	2.252791610990432858e+01
9.440000000000000000e+02	2.142812183419520977e+01
9.450000000000000000e+02	2.037766304013674556e+01
9.460000000000000000e+02	1.937455913643859873e+01
9.470000000000000000e+02	1.841689721510406486e+01
9.480000000000000000e+02	1.750283031436793379e+01
9.490000000000000000e+02	1.663057569860786700e+01
9.500000000000000000e+02	1.579841315653998102e+01
9.510000000000000000e+02	1.500468331891878115e+01
9.520000000000000000e+02	1.424778599687200042e+01
9.530000000000000000e+02	1.352617854191427504e+01
9.540000000000000000e+02	1.283837422860017519e+01
9.550000000000000000e+02	1.218294066069507586e+01
9.560000000000000000e+02	1.155849820166430852e+01
9.570000000000000000e+02	1.096371843020433623e+01
9.580000000000000000e+02	1.039732262146719144e+01
9.590000000000000000e+02	9.858080254557570754e+00
9.600000000000000000e+02	9.344807546815042443e+00
9.610000000000000000e+02	8.856366015327560959e+00
9.620000000000000000e+02	8.391661066060224883e+00
9.630000000000000000e+02	7.949640610922743988e+00
9.640000000000000000e+02	7.529293713041830038e+00
9.650000000000000000e+02	7.129649260449277826e+00
9.660000000000000000e+02	6.749774668344508122e+00
9.670000000000000000e+02	6.388774610040156787e+00
9.680000000000000000e+02	6.045789776651656844e+00
9.690000000000000000e+02	5.719995665546910857e+00
9.700000000000000000e+02	5.410601397529475776e+00
9.710000000000000000e+02	5.116848562687870583e+00
9.720000000000000000e+02	4.838010094806121764e+00
9.730000000000000000e+02	4.573389174194268492e+00
9.740000000000000000e+02	4.322318158764239193e+00
9.750000000000000000e+02	4.084157543144551816e+00
9.760000000000000000e+02	3.858294945598183201e+00
9.770000000000000000e+02	3.644144122480045045e+00
9.780000000000000000e+02	3.441144009945334759e+00
9.790000000000000000e+02	3.248757792595930116e+00
9.800000000000000000e+02	3.066471998730555537e+00
9.810000000000000000e+02	2.893795621844081456e+00
9.820000000000000000e+02	2.730259268003113249e+00
9.830000000000000000e+02	2.575414328708206302e+00
9.840000000000000000e+02	2.428832178837926570e+00
9.850000000000000000e+02	2.290103399256451233e+00
9.860000000000000000e+02	2.158837023654093024e+00
9.870000000000000000e+02	2.034659809179528711e+00
9.880000000000000000e+02	1.917215530412990976e+00
9.890000000000000000e+02	1.806164296221740129e+00
9.900000000000000000e+02	1.701181889031977645e+00
9.910000000000000000e+02	1.601959126045929160e+00
9.920000000000000000e+02	1.508201241927971115e+00
9.930000000000000000e+02	1.419627292480334813e+00
9.940000000000000000e+02	1.335969578826171622e+00
9.950000000000000000e+02	1.256973091616316207e+00
9.960000000000000000e+02	1.182394974775293761e+00
9.970000000000000000e+02	1.112004008302322156e+00
9.980000000000000000e+02	1.045580109643900357e+00
9.990000000000000000e+02	9.829138531563449410e-01
1.000000000000000000e+03	9.238060071789756522e-01
