4.410000000000000000e+02	3.298962148032090624e+01
4.420000000000000000e+02	3.507543258074064596e+01
4.430000000000000000e+02	3.728360493373607198e+01
4.440000000000000000e+02	3.962067930487381773e+01
4.450000000000000000e+02	4.209350556989435432e+01
4.460000000000000000e+02	4.470925488066150422e+01
4.470000000000000000e+02	4.747543216940922406e+01
4.480000000000000000e+02	5.039988899266236899e+01
4.490000000000000000e+02	5.349083671566958031e+01
4.500000000000000000e+02	5.675686003760980469e+01
4.510000000000000000e+02	6.020693085722544424e+01
4.520000000000000000e+02	6.385042247788402392e+01
4.530000000000000000e+02	6.769712415038760867e+01
4.540000000000000000e+02	7.175725595112440658e+01
4.550000000000000000e+02	7.604148399239272749e+01
4.560000000000000000e+02	8.056093596092738096e+01
4.570000000000000000e+02	8.532721697981584441e+01
4.580000000000000000e+02	9.035242578810741065e+01
4.590000000000000000e+02	9.564917123149574252e+01
4.600000000000000000e+02	1.012305890564941393e+02
4.610000000000000000e+02	1.071103589995113481e+02
4.620000000000000000e+02	1.133027221611936000e+02
4.630000000000000000e+02	1.198224986553108522e+02
4.640000000000000000e+02	1.266851055203337921e+02
4.650000000000000000e+02	1.339065748806806369e+02
4.660000000000000000e+02	1.415035723434031638e+02
4.670000000000000000e+02	1.494934156148333670e+02
4.680000000000000000e+02	1.578940933204196426e+02
4.690000000000000000e+02	1.667242840096582484e+02
4.700000000000000000e+02	1.760033753266646386e+02
4.710000000000000000e+02	1.857514833255209226e+02
4.720000000000000000e+02	1.959894719081081291e+02
4.730000000000000000e+02	2.067389723606623875e+02
4.740000000000000000e+02	2.180224029637901708e+02
4.750000000000000000e+02	2.298629886491521859e+02
4.760000000000000000e+02	2.422847806744624393e+02
4.770000000000000000e+02	2.553126762868698165e+02
4.780000000000000000e+02	2.689724383431735646e+02
4.790000000000000000e+02	2.832907148537067314e+02
4.800000000000000000e+02	2.982950584150578379e+02
4.810000000000000000e+02	3.140139454951680591e+02
4.820000000000000000e+02	3.304767955327566824e+02
4.830000000000000000e+02	3.477139898122575801e+02
4.840000000000000000e+02	3.657568900807410159e+02
4.850000000000000000e+02	3.846378569212632783e+02
4.860000000000000000e+02	4.043902682192085081e+02
4.870000000000000000e+02	4.250485399919613201e+02
4.880000000000000000e+02	4.466481624393533707e+02
4.890000000000000000e+02	4.692258169965107868e+02
4.900000000000000000e+02	4.928198813115913026e+02
4.910000000000000000e+02	5.174726277726325634e+02
4.920000000000000000e+02	5.432391673059014465e+02
4.930000000000000000e+02	5.702208554398627030e+02
4.940000000000000000e+02	5.986792188591214199e+02
4.950000000000000000e+02	6.293893942368437138e+02
4.960000000000000000e+02	6.646334834973267789e+02
4.970000000000000000e+02	7.107160702266979797e+02
4.980000000000000000e+02	7.836593132802449873e+02
4.990000000000000000e+02	9.205936114884980270e+02
5.000000000000000000e+02	1.199484666646965707e+03
5.010000000000000000e+02	1.767585518672829039e+03
5.020000000000000000e+02	2.872431969388731886e+03
5.030000000000000000e+02	4.878014130465853668e+03
5.040000000000000000e+02	8.237307034565057620e+03
5.050000000000000000e+02	1.339116089157636270e+04
5.060000000000000000e+02	2.058527367373297238e+04
5.070000000000000000e+02	2.964498704291678587e+04
5.080000000000000000e+02	3.980369116099033272e+04
5.090000000000000000e+02	4.970511902468028711e+04
5.100000000000000000e+02	5.765498189929810906e+04
5.110000000000000000e+02	6.208326597289343772e+04
5.120000000000000000e+02	6.205086484805998043e+04
5.130000000000000000e+02	5.757768147725085146e+04
5.140000000000000000e+02	4.963553356125365099e+04
5.150000000000000000e+02	3.980932896343118773e+04
5.160000000000000000e+02	2.978798410122640053e+04
5.170000000000000000e+02	2.090793686009854719e+04
5.180000000000000000e+02	1.391140092098713649e+04
5.190000000000000000e+02	8.952815647694502331e+03
5.200000000000000000e+02	5.774813514001059957e+03
5.210000000000000000e+02	3.933251022766362439e+03
5.220000000000000000e+02	2.977408078466483857e+03
5.230000000000000000e+02	2.547838724057706258e+03
5.240000000000000000e+02	2.401525281124458616e+03
5.250000000000000000e+02	2.394647335720685533e+03
5.260000000000000000e+02	2.451443117388753308e+03
5.270000000000000000e+02	2.536040942340111997e+03
5.280000000000000000e+02	2.633090682051009480e+03
5.290000000000000000e+02	2.736648822434738577e+03
5.300000000000000000e+02	2.844649675500626927e+03
5.310000000000000000e+02	2.956474394472219501e+03
5.320000000000000000e+02	3.071994982245863412e+03
5.330000000000000000e+02	3.191235449006831004e+03
5.340000000000000000e+02	3.314262961079548859e+03
5.350000000000000000e+02	3.441155995248633189e+03
5.360000000000000000e+02	3.571995795799892221e+03
5.370000000000000000e+02	3.706864231501664563e+03
5.380000000000000000e+02	3.845843251742882785e+03
5.390000000000000000e+02	3.989014705680872339e+03
5.400000000000000000e+02	4.136460234840803423e+03
5.410000000000000000e+02	4.288261177309486811e+03
5.420000000000000000e+02	4.444498471464348768e+03
5.430000000000000000e+02	4.605252557111351962e+03
5.440000000000000000e+02	4.770603273720592370e+03
5.450000000000000000e+02	4.940629755756621307e+03
5.460000000000000000e+02	5.115410325153892700e+03
5.470000000000000000e+02	5.295022381001398571e+03
5.480000000000000000e+02	5.479542286508761208e+03
5.490000000000000000e+02	5.669045253333755682e+03
5.500000000000000000e+02	5.863605223358737021e+03
5.510000000000000000e+02	6.063294748011289812e+03
5.520000000000000000e+02	6.268184865232025913e+03
5.530000000000000000e+02	6.478344974200403158e+03
5.540000000000000000e+02	6.693842707937232262e+03
5.550000000000000000e+02	6.914743803910498173e+03
5.560000000000000000e+02	7.141111972778820018e+03
5.570000000000000000e+02	7.373008765415053858e+03
5.580000000000000000e+02	7.610493438360032087e+03
5.590000000000000000e+02	7.853622817864519675e+03
5.600000000000000000e+02	8.102451162684948940e+03
5.610000000000000000e+02	8.357030025806279809e+03
5.620000000000000000e+02	8.617408115272733994e+03
5.630000000000000000e+02	8.883631154314552987e+03
5.640000000000000000e+02	9.155741740966159341e+03
5.650000000000000000e+02	9.433779207378107458e+03
5.660000000000000000e+02	9.717779479032069503e+03
5.670000000000000000e+02	1.000777493407468319e+04
5.680000000000000000e+02	1.030379426299246370e+04
5.690000000000000000e+02	1.060586232885614663e+04
5.700000000000000000e+02	1.091400002836849126e+04
5.710000000000000000e+02	1.122822415395523603e+04
5.720000000000000000e+02	1.154854725714394954e+04
5.730000000000000000e+02	1.187497751348040038e+04
5.740000000000000000e+02	1.220751858923641521e+04
5.750000000000000000e+02	1.254616951016736675e+04
5.760000000000000000e+02	1.289092453258085152e+04
5.770000000000000000e+02	1.324177301698153860e+04
5.780000000000000000e+02	1.359869930455962458e+04
5.790000000000000000e+02	1.396168259679281437e+04
5.800000000000000000e+02	1.433069683843322855e+04
5.810000000000000000e+02	1.470571060415218926e+04
5.820000000000000000e+02	1.508668698911617867e+04
5.830000000000000000e+02	1.547358350376769158e+04
5.840000000000000000e+02	1.586635197308411625e+04
5.850000000000000000e+02	1.626493844058691502e+04
5.860000000000000000e+02	1.666928307737170690e+04
5.870000000000000000e+02	1.707932009642769845e+04
5.880000000000000000e+02	1.749497767251212281e+04
5.890000000000000000e+02	1.791617786784204145e+04
5.900000000000000000e+02	1.834283656386160146e+04
5.910000000000000000e+02	1.877486339933841009e+04
5.920000000000000000e+02	1.921216171503723308e+04
5.930000000000000000e+02	1.965462850521342989e+04
5.940000000000000000e+02	2.010215437616168856e+04
5.950000000000000000e+02	2.055462351204874722e+04
5.960000000000000000e+02	2.101191364825061100e+04
5.970000000000000000e+02	2.147389605240646779e+04
5.980000000000000000e+02	2.194043551339226178e+04
5.990000000000000000e+02	2.241139033840721822e+04
6.000000000000000000e+02	2.288661235835606931e+04
6.010000000000000000e+02	2.336594694169901777e+04
6.020000000000000000e+02	2.384923301692962559e+04
6.030000000000000000e+02	2.433630310382878088e+04
6.040000000000000000e+02	2.482698335363029764e+04
6.050000000000000000e+02	2.532109359822017723e+04
6.060000000000000000e+02	2.581844740847798312e+04
6.070000000000000000e+02	2.631885216185445825e+04
6.080000000000000000e+02	2.682210911926460176e+04
6.090000000000000000e+02	2.732801351136038284e+04
6.100000000000000000e+02	2.783635463423146211e+04
6.110000000000000000e+02	2.834691595456625510e+04
6.120000000000000000e+02	2.885947522428929005e+04
6.130000000000000000e+02	2.937380460467396915e+04
6.140000000000000000e+02	2.988967079991271021e+04
6.150000000000000000e+02	3.040683520010922075e+04
6.160000000000000000e+02	3.092505403363985533e+04
6.170000000000000000e+02	3.144407852881334475e+04
6.180000000000000000e+02	3.196365508474012313e+04
6.190000000000000000e+02	3.248352545130434373e+04
6.200000000000000000e+02	3.300342691811359691e+04
6.210000000000000000e+02	3.352309251228289941e+04
6.220000000000000000e+02	3.404225120489148685e+04
6.230000000000000000e+02	3.456062812593249691e+04
6.240000000000000000e+02	3.507794478755773162e+04
6.250000000000000000e+02	3.559391931540137739e+04
6.260000000000000000e+02	3.610826668774905556e+04
6.270000000000000000e+02	3.662069898230054241e+04
6.280000000000000000e+02	3.713092563025744312e+04
6.290000000000000000e+02	3.763865367744982359e+04
6.300000000000000000e+02	3.814358805219907663e+04
6.310000000000000000e+02	3.864543183959789167e+04
6.320000000000000000e+02	3.914388656187245942e+04
6.330000000000000000e+02	3.963865246447621757e+04
6.340000000000000000e+02	4.012942880754982616e+04
6.350000000000000000e+02	4.061591416236742953e+04
6.360000000000000000e+02	4.109780671237556817e+04
6.370000000000000000e+02	4.157480455841783987e+04
6.380000000000000000e+02	4.204660602772600396e+04
6.390000000000000000e+02	4.251290998624634085e+04
6.400000000000000000e+02	4.297341615385903424e+04
6.410000000000000000e+02	4.342782542203815683e+04
6.420000000000000000e+02	4.387584017349030182e+04
6.430000000000000000e+02	4.431716460330124391e+04
6.440000000000000000e+02	4.475150504111241753e+04
6.450000000000000000e+02	4.517857027384207322e+04
6.460000000000000000e+02	4.559807186845992692e+04
6.470000000000000000e+02	4.600972449431944551e+04
6.480000000000000000e+02	4.641324624454762670e+04
6.490000000000000000e+02	4.680835895598920615e+04
6.500000000000000000e+02	4.719478852720033319e+04
6.510000000000000000e+02	4.757226523398554127e+04
6.520000000000000000e+02	4.794052404197207215e+04
6.530000000000000000e+02	4.829930491571658058e+04
6.540000000000000000e+02	4.864835312384134886e+04
6.550000000000000000e+02	4.898741953970035684e+04
6.560000000000000000e+02	4.931626093707986729e+04
6.570000000000000000e+02	4.963464028044301085e+04
6.580000000000000000e+02	4.994232700923483935e+04
6.590000000000000000e+02	5.023909731577100320e+04
6.600000000000000000e+02	5.052473441624198313e+04
6.610000000000000000e+02	5.079902881437390897e+04
6.620000000000000000e+02	5.106177855729771545e+04
6.630000000000000000e+02	5.131278948318921903e+04
6.640000000000000000e+02	5.155187546025558549e+04
6.650000000000000000e+02	5.177885861665639095e+04
6.660000000000000000e+02	5.199356956096208887e+04
6.670000000000000000e+02	5.219584759276728437e+04
6.680000000000000000e+02	5.238554090309247840e+04
6.690000000000000000e+02	5.256250676422451215e+04
6.700000000000000000e+02	5.272661170866336033e+04
6.710000000000000000e+02	5.287773169686123583e+04
6.720000000000000000e+02	5.301575227345906751e+04
6.730000000000000000e+02	5.314056871174466505e+04
6.740000000000000000e+02	5.325208614607754134e+04
6.750000000000000000e+02	5.335021969204588095e+04
6.760000000000000000e+02	5.343489455414263648e+04
6.770000000000000000e+02	5.350604612076959893e+04
6.780000000000000000e+02	5.356362004640040686e+04
6.790000000000000000e+02	5.360757232075634238e+04
6.800000000000000000e+02	5.363786932487157173e+04
6.810000000000000000e+02	5.365448787394796091e+04
6.820000000000000000e+02	5.365741524692280655e+04
6.830000000000000000e+02	5.364664920269686263e+04
6.840000000000000000e+02	5.362219798299361719e+04
6.850000000000000000e+02	5.358408030184473319e+04
6.860000000000000000e+02	5.353232532172040374e+04
6.870000000000000000e+02	5.346697261634719325e+04
6.880000000000000000e+02	5.338807212027995411e+04
6.890000000000000000e+02	5.329568406531742221e+04
6.900000000000000000e+02	5.318987890387514199e+04
6.910000000000000000e+02	5.307073721945205762e+04
6.920000000000000000e+02	5.293834962434999034e+04
6.930000000000000000e+02	5.279281664482792985e+04
6.940000000000000000e+02	5.263424859389464109e+04
6.950000000000000000e+02	5.246276543196514103e+04
6.960000000000000000e+02	5.227849661562732945e+04
6.970000000000000000e+02	5.208158093478568480e+04
6.980000000000000000e+02	5.187216633846874174e+04
6.990000000000000000e+02	5.165040974960651511e+04
7.000000000000000000e+02	5.141647686910224729e+04
7.010000000000000000e+02	5.117054196954100189e+04
7.020000000000000000e+02	5.091278767889449955e+04
7.030000000000000000e+02	5.064340475459786103e+04
7.040000000000000000e+02	5.036259184838934016e+04
7.050000000000000000e+02	5.007055526231873228e+04
7.060000000000000000e+02	4.976750869634366245e+04
7.070000000000000000e+02	4.945367298794569069e+04
7.080000000000000000e+02	4.912927584421008942e+04
7.090000000000000000e+02	4.879455156682374218e+04
7.100000000000000000e+02	4.844974077045545710e+04
7.110000000000000000e+02	4.809509009499190142e+04
7.120000000000000000e+02	4.773085191210999619e+04
7.130000000000000000e+02	4.735728402667344926e+04
7.140000000000000000e+02	4.697464937344675127e+04
7.150000000000000000e+02	4.658321570962456462e+04
7.160000000000000000e+02	4.618325530367829924e+04
7.170000000000000000e+02	4.577504462102384423e+04
7.180000000000000000e+02	4.535886400701630191e+04
7.190000000000000000e+02	4.493499736777778890e+04
7.200000000000000000e+02	4.450373184936399048e+04
7.210000000000000000e+02	4.406535751577345218e+04
7.220000000000000000e+02	4.362016702630109648e+04
7.230000000000000000e+02	4.316845531273375673e+04
7.240000000000000000e+02	4.271051925688118354e+04
7.250000000000000000e+02	4.224665736893004214e+04
7.260000000000000000e+02	4.177716946710254706e+04
7.270000000000000000e+02	4.130235635909350094e+04
7.280000000000000000e+02	4.082251952575149335e+04
7.290000000000000000e+02	4.033796080746094958e+04
7.300000000000000000e+02	3.984898209367170784e+04
7.310000000000000000e+02	3.935588501601197640e+04
7.320000000000000000e+02	3.885897064540939755e+04
7.330000000000000000e+02	3.835853919363227760e+04
7.340000000000000000e+02	3.785488971965052770e+04
7.350000000000000000e+02	3.734831984120206471e+04
7.360000000000000000e+02	3.683912545193640108e+04
7.370000000000000000e+02	3.632760044449242559e+04
7.380000000000000000e+02	3.581403643985198869e+04
7.390000000000000000e+02	3.529872252329529147e+04
7.400000000000000000e+02	3.478194498726786696e+04
7.410000000000000000e+02	3.426398708145224373e+04
7.420000000000000000e+02	3.374512877032058168e+04
7.430000000000000000e+02	3.322564649842713698e+04
7.440000000000000000e+02	3.270581296368199764e+04
7.450000000000000000e+02	3.218589689882967650e+04
7.460000000000000000e+02	3.166616286133829271e+04
7.470000000000000000e+02	3.114687103188676338e+04
7.480000000000000000e+02	3.062827702161960769e+04
7.490000000000000000e+02	3.011063168832018346e+04
7.500000000000000000e+02	2.959418096163561859e+04
7.510000000000000000e+02	2.907916567746764122e+04
7.520000000000000000e+02	2.856582142162623131e+04
7.530000000000000000e+02	2.805437838282416851e+04
7.540000000000000000e+02	2.754506121507327771e+04
7.550000000000000000e+02	2.703808890952509682e+04
7.560000000000000000e+02	2.653367467578137803e+04
7.570000000000000000e+02	2.603202583268254239e+04
7.580000000000000000e+02	2.553334370856533860e+04
7.590000000000000000e+02	2.503782355096434549e+04
7.600000000000000000e+02	2.454565444571571425e+04
7.610000000000000000e+02	2.405701924540567052e+04
7.620000000000000000e+02	2.357209450709103476e+04
7.630000000000000000e+02	2.309105043920378375e+04
7.640000000000000000e+02	2.261405085753746607e+04
7.650000000000000000e+02	2.214125315019896880e+04
7.660000000000000000e+02	2.167280825139597437e+04
7.670000000000000000e+02	2.120886062391717496e+04
7.680000000000000000e+02	2.074954825015019014e+04
7.690000000000000000e+02	2.029500263147005899e+04
7.700000000000000000e+02	1.984534879582018766e+04
7.710000000000000000e+02	1.940070531329678488e+04
7.720000000000000000e+02	1.896118431953791878e+04
7.730000000000000000e+02	1.852689154670889911e+04
7.740000000000000000e+02	1.809792636186691016e+04
7.750000000000000000e+02	1.767438181247960529e+04
7.760000000000000000e+02	1.725634467886504717e+04
7.770000000000000000e+02	1.684389553331333082e+04
7.780000000000000000e+02	1.643710880564416220e+04
7.790000000000000000e+02	1.603605285494892451e+04
7.800000000000000000e+02	1.564079004726097810e+04
7.810000000000000000e+02	1.525137683889361688e+04
7.820000000000000000e+02	1.486786386518129621e+04
7.830000000000000000e+02	1.449029603435686113e+04
7.840000000000000000e+02	1.411871262629497141e+04
7.850000000000000000e+02	1.375314739585013194e+04
7.860000000000000000e+02	1.339362868051645819e+04
7.870000000000000000e+02	1.304017951213568085e+04
7.880000000000000000e+02	1.269281773237978632e+04
7.890000000000000000e+02	1.235155611173518628e+04
7.900000000000000000e+02	1.201640247171624105e+04
7.910000000000000000e+02	1.168735981003758206e+04
7.920000000000000000e+02	1.136442642847656498e+04
7.930000000000000000e+02	1.104759606315993551e+04
7.940000000000000000e+02	1.073685801701144737e+04
7.950000000000000000e+02	1.043219729410092077e+04
7.960000000000000000e+02	1.013359473563884421e+04
7.970000000000000000e+02	9.841027157365049788e+03
7.980000000000000000e+02	9.554467488084570505e+03
7.990000000000000000e+02	9.273884909108737702e+03
8.000000000000000000e+02	8.999244994365129969e+03
8.010000000000000000e+02	8.730509850945456492e+03
8.020000000000000000e+02	8.467638259866531371e+03
8.030000000000000000e+02	8.210585816825783695e+03
8.040000000000000000e+02	7.959305072739186471e+03
8.050000000000000000e+02	7.713745673856256872e+03
8.060000000000000000e+02	7.473854501253738817e+03
8.070000000000000000e+02	7.239575809516737536e+03
8.080000000000000000e+02	7.010851364423278937e+03
8.090000000000000000e+02	6.787620579455921870e+03
8.100000000000000000e+02	6.569820650971349096e+03
8.110000000000000000e+02	6.357386691866783622e+03
8.120000000000000000e+02	6.150251863589691311e+03
8.130000000000000000e+02	5.948347506345106012e+03
8.140000000000000000e+02	5.751603267362721454e+03
8.150000000000000000e+02	5.559947227093836773e+03
8.160000000000000000e+02	5.373306023216108770e+03
8.170000000000000000e+02	5.191604972331889257e+03
8.180000000000000000e+02	5.014768189253827586e+03
8.190000000000000000e+02	4.842718703779190037e+03
8.200000000000000000e+02	4.675378574862073037e+03
8.210000000000000000e+02	4.512669002100322359e+03
8.220000000000000000e+02	4.354510434461557452e+03
8.230000000000000000e+02	4.200822676180135204e+03
8.240000000000000000e+02	4.051524989764220209e+03
8.250000000000000000e+02	3.906536196059275881e+03
8.260000000000000000e+02	3.765774771321455773e+03
8.270000000000000000e+02	3.629158941261134260e+03
8.280000000000000000e+02	3.496606772023628309e+03
8.290000000000000000e+02	3.368036258080720927e+03
8.300000000000000000e+02	3.243365407012907781e+03
8.310000000000000000e+02	3.122512321168527251e+03
8.320000000000000000e+02	3.005395276191902212e+03
8.330000000000000000e+02	2.891932796418373073e+03
8.340000000000000000e+02	2.782043727139708153e+03
8.350000000000000000e+02	2.675647303748728064e+03
8.360000000000000000e+02	2.572663217777059344e+03
8.370000000000000000e+02	2.473011679844959417e+03
8.380000000000000000e+02	2.376613479546711460e+03
8.390000000000000000e+02	2.283390042299666675e+03
8.400000000000000000e+02	2.193263483189180533e+03
8.410000000000000000e+02	2.106156657845697737e+03
8.420000000000000000e+02	2.021993210394065727e+03
8.430000000000000000e+02	1.940697618518659056e+03
8.440000000000000000e+02	1.862195235691221342e+03
8.450000000000000000e+02	1.786412330611486595e+03
8.460000000000000000e+02	1.713276123913412903e+03
8.470000000000000000e+02	1.642714822192624297e+03
8.480000000000000000e+02	1.574657649413002900e+03
8.490000000000000000e+02	1.509034875752643075e+03
8.500000000000000000e+02	1.445777843951356317e+03
8.510000000000000000e+02	1.384818993223747839e+03
8.520000000000000000e+02	1.326091880803441427e+03
8.530000000000000000e+02	1.269531201185478722e+03
8.540000000000000000e+02	1.215072803135075219e+03
8.550000000000000000e+02	1.162653704531984886e+03
8.560000000000000000e+02	1.112212105120526303e+03
8.570000000000000000e+02	1.063687397236002425e+03
8.580000000000000000e+02	1.017020174578746150e+03
8.590000000000000000e+02	9.721522391073413019e+02
8.600000000000000000e+02	9.290266061227401906e+02
8.610000000000000000e+02	8.875875076150405221e+02
8.620000000000000000e+02	8.477803939445368542e+02
8.630000000000000000e+02	8.095519339284194302e+02
8.640000000000000000e+02	7.728500134041007641e+02
8.650000000000000000e+02	7.376237323396275087e+02
8.660000000000000000e+02	7.038234005610039503e+02
8.670000000000000000e+02	6.714005321655307625e+02
8.680000000000000000e+02	6.403078386893821516e+02
8.690000000000000000e+02	6.104992210967214987e+02
8.700000000000000000e+02	5.819297606566275363e+02
8.710000000000000000e+02	5.545557087729528121e+02
8.720000000000000000e+02	5.283344758310689713e+02
8.730000000000000000e+02	5.032246191241745237e+02
8.740000000000000000e+02	4.791858299204901073e+02
8.750000000000000000e+02	4.561789197312962756e+02
8.760000000000000000e+02	4.341658058383067669e+02
8.770000000000000000e+02	4.131094961373712522e+02
8.780000000000000000e+02	3.929740733539770190e+02
8.790000000000000000e+02	3.737246786844330586e+02
8.800000000000000000e+02	3.553274949150186330e+02
8.810000000000000000e+02	3.377497290697439780e+02
8.820000000000000000e+02	3.209595946357252387e+02
8.830000000000000000e+02	3.049262934134922034e+02
8.840000000000000000e+02	2.896199970378812623e+02
8.850000000000000000e+02	2.750118282134574770e+02
8.860000000000000000e+02	2.610738417067424848e+02
8.870000000000000000e+02	2.477790051358020378e+02
8.880000000000000000e+02	2.351011795960847621e+02
8.890000000000000000e+02	2.230151001597075435e+02
8.900000000000000000e+02	2.114963562837200755e+02
8.910000000000000000e+02	2.005213721612221605e+02
8.920000000000000000e+02	1.900673870475764318e+02
8.930000000000000000e+02	1.801124355923326448e+02
8.940000000000000000e+02	1.706353282058902323e+02
8.950000000000000000e+02	1.616156314883570815e+02
8.960000000000000000e+02	1.530336487465145581e+02
8.970000000000000000e+02	1.448704006232899815e+02
8.980000000000000000e+02	1.371076058626535712e+02
8.990000000000000000e+02	1.297276622314087717e+02
9.000000000000000000e+02	1.227136276179277559e+02
9.010000000000000000e+02	1.160492013265053828e+02
9.020000000000000000e+02	1.097187055846656705e+02
9.030000000000000000e+02	1.037070672794414747e+02
9.040000000000000000e+02	9.799979993739253814e+01
9.050000000000000000e+02	9.258298596189294472e+01
9.060000000000000000e+02	8.744325914003442790e+01
9.070000000000000000e+02	8.256778743034722368e+01
9.080000000000000000e+02	7.794425604143476960e+01
9.090000000000000000e+02	7.356085081055124419e+01
9.100000000000000000e+02	6.940624189013217915e+01
9.110000000000000000e+02	6.546956774930443146e+01
9.120000000000000000e+02	6.174041949645965133e+01
9.130000000000000000e+02	5.820882552807842814e+01
9.140000000000000000e+02	5.486523650812967645e+01
9.150000000000000000e+02	5.170051068155337504e+01
9.160000000000000000e+02	4.870589952455274840e+01
9.170000000000000000e+02	4.587303373368241211e+01
9.180000000000000000e+02	4.319390955501872753e+01
9.190000000000000000e+02	4.066087545403139814e+01
9.200000000000000000e+02	3.826661912615176675e+01
9.210000000000000000e+02	3.600415484744181072e+01
9.220000000000000000e+02	3.386681116421240034e+01
9.230000000000000000e+02	3.184821891992117671e+01
9.240000000000000000e+02	2.994229961719358712e+01
9.250000000000000000e+02	2.814325411235769892e+01
9.260000000000000000e+02	2.644555163946303367e+01
9.270000000000000000e+02	2.484391916036354786e+01
9.280000000000000000e+02	2.333333103708532263e+01
9.290000000000000000e+02	2.190899902236872521e+01
9.300000000000000000e+02	2.056636256397294105e+01
9.310000000000000000e+02	1.930107941805439964e+01
9.320000000000000000e+02	1.810901656668181303e+01
9.330000000000000000e+02	1.698624143432580880e+01
9.340000000000000000e+02	1.592901339796104665e+01
9.350000000000000000e+02	1.493377558524030313e+01
9.360000000000000000e+02	1.399714695504535733e+01
9.370000000000000000e+02	1.311591465458425709e+01
9.380000000000000000e+02	1.228702664708947445e+01
9.390000000000000000e+02	1.150758460407647554e+01
9.400000000000000000e+02	1.077483705604324271e+01
9.410000000000000000e+02	1.008617279543077494e+01
9.420000000000000000e+02	9.439114525620281526e+00
9.430000000000000000e+02	8.831312749712033394e+00
9.440000000000000000e+02	8.260539892815680574e+00
9.450000000000000000e+02	7.724684651580563610e+00
9.460000000000000000e+02	7.221746564703601656e+00
9.470000000000000000e+02	6.749830798175320723e+00
9.480000000000000000e+02	6.307143139057498793e+00
9.490000000000000000e+02	5.891985191628722696e+00
9.500000000000000000e+02	5.502749769786737133e+00
9.510000000000000000e+02	5.137916479657702595e+00
9.520000000000000000e+02	4.796047486431380236e+00
9.530000000000000000e+02	4.475783459517434615e+00
9.540000000000000000e+02	4.175839690201318177e+00
9.550000000000000000e+02	3.895002376066622141e+00
9.560000000000000000e+02	3.632125066545424552e+00
9.570000000000000000e+02	3.386125264057084472e+00
9.580000000000000000e+02	3.155981175299420904e+00
9.590000000000000000e+02	2.940728607363246372e+00
9.600000000000000000e+02	2.739458003451778811e+00
9.610000000000000000e+02	2.551311613099717324e+00
9.620000000000000000e+02	2.375480791902119915e+00
9.630000000000000000e+02	2.211203425881145712e+00
9.640000000000000000e+02	2.057761475737570400e+00
9.650000000000000000e+02	1.914478636354278729e+00
9.660000000000000000e+02	1.780718107040307085e+00
9.670000000000000000e+02	1.655880468125356053e+00
9.680000000000000000e+02	1.539401659636705055e+00
9.690000000000000000e+02	1.430751057912267532e+00
9.700000000000000000e+02	1.329429646124758779e+00
9.710000000000000000e+02	1.234968274813052158e+00
9.720000000000000000e+02	1.146926008636586003e+00
9.730000000000000000e+02	1.064888555687810712e+00
9.740000000000000000e+02	9.884667758154681572e-01
9.750000000000000000e+02	9.172952645278036332e-01
9.760000000000000000e+02	8.510310091597564908e-01
9.770000000000000000e+02	7.893521141012850295e-01
9.780000000000000000e+02	7.319565919953502364e-01
9.790000000000000000e+02	6.785612179234655761e-01
9.800000000000000000e+02	6.289004437041115780e-01
9.810000000000000000e+02	5.827253695345621098e-01
9.820000000000000000e+02	5.398027703096488494e-01
9.830000000000000000e+02	4.999141740518286414e-01
9.840000000000000000e+02	4.628549899852978933e-01
9.850000000000000000e+02	4.284336838829409522e-01
9.860000000000000000e+02	3.964709984086008943e-01
9.870000000000000000e+02	3.667992162682833790e-01
9.880000000000000000e+02	3.392614640726722697e-01
9.890000000000000000e+02	3.137110548995969417e-01
9.900000000000000000e+02	2.900108676288278287e-01
9.910000000000000000e+02	2.680327612028940432e-01
9.920000000000000000e+02	2.476570220464087146e-01
9.930000000000000000e+02	2.287718429527434982e-01
9.940000000000000000e+02	2.112728318207793554e-01
9.950000000000000000e+02	1.950625486959534638e-01
9.960000000000000000e+02	1.800500696388761257e-01
9.970000000000000000e+02	1.661505760115071784e-01
9.980000000000000000e+02	1.532849678352549705e-01
9.990000000000000000e+02	1.413794999374249906e-01
1.000000000000000000e+03	1.303654396622607736e-01
