  440.0000	             3775
  441.0000	             3743
  442.0000	             3678
  443.0000	             3912
  444.0000	             3624
  445.0000	             3724
  446.0000	             3654
  447.0000	             3862
  448.0000	             3881
  449.0000	             3747
  450.0000	             3879
  451.0000	             3667
  452.0000	             3901
  453.0000	             3782
  454.0000	             3705
  455.0000	             3632
  456.0000	             3819
  457.0000	             3795
  458.0000	             3860
  459.0000	             3632
  460.0000	             3692
  461.0000	             3753
  462.0000	             3654
  463.0000	             3929
  464.0000	             3792
  465.0000	             3568
  466.0000	             3647
  467.0000	             3672
  468.0000	             3729
  469.0000	             3675
  470.0000	             3951
  471.0000	             3628
  472.0000	             3652
  473.0000	             3899
  474.0000	             3976
  475.0000	             3979
  476.0000	             3918
  477.0000	             4061
  478.0000	             4256
  479.0000	             4055
  480.0000	             4259
  481.0000	             4459
  482.0000	             4483
  483.0000	             4528
  484.0000	             4818
  485.0000	             5230
  486.0000	             5281
  487.0000	             5400
  488.0000	             5621
  489.0000	             6080
  490.0000	             6309
  491.0000	             6567
  492.0000	             7311
  493.0000	             7793
  494.0000	             8582
  495.0000	             9639
  496.0000	            10889
  497.0000	            12833
  498.0000	            14643
  499.0000	            17264
  500.0000	            20420
  501.0000	            25055
  502.0000	            31625
  503.0000	            39719
  504.0000	            49477
  505.0000	            63961
  506.0000	            83528
  507.0000	           109565
  508.0000	           140489
  509.0000	           173667
  510.0000	           203279
  511.0000	           216519
  512.0000	           212360
  513.0000	           187024
  514.0000	           150582
  515.0000	           113873
  516.0000	            85189
  517.0000	            64589
  518.0000	            48168
  519.0000	            37567
  520.0000	            29906
  521.0000	            24255
  522.0000	            20490
  523.0000	            17229
  524.0000	            14606
  525.0000	            12656
  526.0000	            10956
  527.0000	            10095
  528.0000	             8984
  529.0000	             8477
  530.0000	             7875
  531.0000	             7585
  532.0000	             7116
  533.0000	             6754
  534.0000	             7036
  535.0000	             6793
  536.0000	             6436
  537.0000	             6448
  538.0000	             6460
  539.0000	             6609
  540.0000	             6711
  541.0000	             6433
  542.0000	             6533
  543.0000	             6820
  544.0000	             6482
  545.0000	             6065
  546.0000	             6524
  547.0000	             6578
  548.0000	             6598
  549.0000	             6169
  550.0000	             6633
  551.0000	             6830
  552.0000	             6483
  553.0000	             6604
  554.0000	             6595
  555.0000	             7161
  556.0000	             7056
  557.0000	             7510
  558.0000	             7432
  559.0000	             7427
  560.0000	             7512
  561.0000	             7685
  562.0000	             7582
  563.0000	             7959
  564.0000	             7831
  565.0000	             7963
  566.0000	             7884
  567.0000	             8387
  568.0000	             8724
  569.0000	             9010
  570.0000	             8868
  571.0000	             8854
  572.0000	             8831
  573.0000	             9084
  574.0000	             9249
  575.0000	             9857
  576.0000	             9794
  577.0000	             9880
  578.0000	            10206
  579.0000	            10153
  580.0000	            10578
  581.0000	            10203
  582.0000	             9993
  583.0000	             9749
  584.0000	            10237
  585.0000	             9671
  586.0000	             9534
  587.0000	             9159
  588.0000	             9581
  589.0000	             9973
  590.0000	             9846
  591.0000	            10574
  592.0000	            10295
  593.0000	            10220
  594.0000	            10702
  595.0000	            10931
  596.0000	            11451
  597.0000	            11659
  598.0000	            11652
  599.0000	            11916
  600.0000	            12067
  601.0000	            11553
  602.0000	            12129
  603.0000	            12255
  604.0000	            11984
  605.0000	            12788
  606.0000	            13433
  607.0000	            12735
  608.0000	            13631
  609.0000	            13410
  610.0000	            13396
  611.0000	            14118
  612.0000	            13668
  613.0000	            13867
  614.0000	            14075
  615.0000	            14165
  616.0000	            14358
  617.0000	            14408
  618.0000	            14682
  619.0000	            14879
  620.0000	            14719
  621.0000	            15137
  622.0000	            14910
  623.0000	            15260
  624.0000	            15013
  625.0000	            15167
  626.0000	            15710
  627.0000	            15542
  628.0000	            15865
  629.0000	            15961
  630.0000	            15945
  631.0000	            16342
  632.0000	            16560
  633.0000	            15997
  634.0000	            15992
  635.0000	            15834
  636.0000	            16480
  637.0000	            16034
  638.0000	            15790
  639.0000	            15700
  640.0000	            15854
  641.0000	            15815
  642.0000	            15186
  643.0000	            15814
  644.0000	            15246
  645.0000	            15561
  646.0000	            15549
  647.0000	            15693
  648.0000	            15638
  649.0000	            15304
  650.0000	            15681
  651.0000	            15162
  652.0000	            15181
  653.0000	            15511
  654.0000	            15268
  655.0000	            15283
  656.0000	            15129
  657.0000	            14703
  658.0000	            14466
  659.0000	            14105
  660.0000	            14049
  661.0000	            13985
  662.0000	            13666
  663.0000	            13158
  664.0000	            12681
  665.0000	            12736
  666.0000	            12461
  667.0000	            12090
  668.0000	            12691
  669.0000	            12395
  670.0000	            12282
  671.0000	            12156
  672.0000	            11812
  673.0000	            12097
  674.0000	            11733
  675.0000	            11330
  676.0000	            11847
  677.0000	            11588
  678.0000	            11299
  679.0000	            11518
  680.0000	            11303
  681.0000	            10974
  682.0000	            10878
  683.0000	            10393
  684.0000	            10645
  685.0000	            10132
  686.0000	            10354
  687.0000	            10006
  688.0000	            10190
  689.0000	             9865
  690.0000	             9899
  691.0000	             9653
  692.0000	            10138
  693.0000	            10356
  694.0000	             9554
  695.0000	             9724
  696.0000	             9404
  697.0000	             9649
  698.0000	             9289
  699.0000	             9213
  700.0000	             8593
  701.0000	             8889
  702.0000	             8456
  703.0000	             8365
  704.0000	             8397
  705.0000	             8337
  706.0000	             8102
  707.0000	             7897
  708.0000	             7455
  709.0000	             7704
  710.0000	             7501
  711.0000	             7292
  712.0000	             6976
  713.0000	             7008
  714.0000	             6919
  715.0000	             6846
  716.0000	             6913
  717.0000	             6924
  718.0000	             6878
  719.0000	             6818
  720.0000	             6493
  721.0000	             6535
  722.0000	             6449
  723.0000	             6556
  724.0000	             6291
  725.0000	             6270
  726.0000	             6194
  727.0000	             6091
  728.0000	             6113
  729.0000	             5953
  730.0000	             5988
  731.0000	             5934
  732.0000	             5858
  733.0000	             5724
  734.0000	             5541
  735.0000	             5475
  736.0000	             5555
  737.0000	             5347
  738.0000	             5382
  739.0000	             5288
  740.0000	             5395
  741.0000	             5232
  742.0000	             5181
  743.0000	             5330
  744.0000	             5038
  745.0000	             5184
  746.0000	             5039
  747.0000	             5003
  748.0000	             4976
  749.0000	             4847
  750.0000	             4806
  751.0000	             4685
  752.0000	             4779
  753.0000	             4763
  754.0000	             4769
  755.0000	             4571
  756.0000	             4606
  757.0000	             4506
  758.0000	             4522
  759.0000	             4290
  760.0000	             4239
  761.0000	             4217
  762.0000	             4614
  763.0000	             4132
  764.0000	             4161
  765.0000	             4231
  766.0000	             4311
  767.0000	             4105
  768.0000	             4113
  769.0000	             4096
  770.0000	             4260
  771.0000	             3962
  772.0000	             4233
  773.0000	             4259
  774.0000	             4082
  775.0000	             3972
  776.0000	             4184
  777.0000	             4204
  778.0000	             3776
  779.0000	             4026
  780.0000	             3949
  781.0000	             3936
  782.0000	             4000
  783.0000	             4046
  784.0000	             3978
  785.0000	             3967
  786.0000	             3697
  787.0000	             3876
  788.0000	             3690
  789.0000	             3923
  790.0000	             3859
  791.0000	             3968
  792.0000	             4055
  793.0000	             3954
  794.0000	             3991
  795.0000	             3992
  796.0000	             3785
  797.0000	             3862
  798.0000	             3903
  799.0000	             4190
  800.0000	             3915
