  440.0000	              217
  441.0000	              225
  442.0000	              232
  443.0000	              242
  444.0000	              193
  445.0000	              207
  446.0000	              261
  447.0000	              281
  448.0000	              244
  449.0000	              253
  450.0000	              259
  451.0000	              244
  452.0000	              312
  453.0000	              333
  454.0000	              352
  455.0000	              429
  456.0000	              420
  457.0000	              475
  458.0000	              460
  459.0000	              515
  460.0000	              596
  461.0000	              634
  462.0000	              734
  463.0000	              690
  464.0000	              658
  465.0000	              587
  466.0000	              401
  467.0000	              448
  468.0000	              433
  469.0000	              440
  470.0000	              433
  471.0000	              508
  472.0000	              482
  473.0000	              538
  474.0000	              693
  475.0000	              621
  476.0000	              955
  477.0000	             1103
  478.0000	             1043
  479.0000	             1275
  480.0000	             1471
  481.0000	             1564
  482.0000	             2061
  483.0000	             2215
  484.0000	             2515
  485.0000	             2914
  486.0000	             2971
  487.0000	             3432
  488.0000	             3890
  489.0000	             4491
  490.0000	             5121
  491.0000	             5782
  492.0000	             6952
  493.0000	             8141
  494.0000	             9511
  495.0000	            11043
  496.0000	            13100
  497.0000	            15299
  498.0000	            19819
  499.0000	            24538
  500.0000	            31056
  501.0000	            40370
  502.0000	            54710
  503.0000	            70597
  504.0000	            93992
  505.0000	           123049
  506.0000	           160985
  507.0000	           200411
  508.0000	           242045
  509.0000	           273017
  510.0000	           282924
  511.0000	           266247
  512.0000	           233211
  513.0000	           183608
  514.0000	           139418
  515.0000	           102160
  516.0000	            76048
  517.0000	            56371
  518.0000	            43595
  519.0000	            33610
  520.0000	            25899
  521.0000	            21310
  522.0000	            23831
  523.0000	            17757
  524.0000	            13566
  525.0000	            11576
  526.0000	             9917
  527.0000	             7988
  528.0000	             7091
  529.0000	             5949
  530.0000	             5652
  531.0000	             5273
  532.0000	             4982
  533.0000	             4884
  534.0000	             5427
  535.0000	             5286
  536.0000	             5293
  537.0000	             5090
  538.0000	             5581
  539.0000	             5930
  540.0000	             6139
  541.0000	             6700
  542.0000	             6507
  543.0000	             7046
  544.0000	             6912
  545.0000	             7342
  546.0000	             7739
  547.0000	             7699
  548.0000	             8065
  549.0000	             8508
  550.0000	             8837
  551.0000	             8953
  552.0000	             8862
  553.0000	             9270
  554.0000	             9608
  555.0000	             9881
  556.0000	             9848
  557.0000	            10106
  558.0000	            10195
  559.0000	            10634
  560.0000	            10790
  561.0000	            10998
  562.0000	            11339
  563.0000	            11430
  564.0000	            11672
  565.0000	            11920
  566.0000	            11915
  567.0000	            12434
  568.0000	            14241
  569.0000	            13707
  570.0000	            14392
  571.0000	            14857
  572.0000	            15148
  573.0000	            15378
  574.0000	            15667
  575.0000	            15559
  576.0000	            15849
  577.0000	            16394
  578.0000	            17111
  579.0000	            17235
  580.0000	            16987
  581.0000	            17399
  582.0000	            17453
  583.0000	            17687
  584.0000	            17888
  585.0000	            18688
  586.0000	            18475
  587.0000	            18932
  588.0000	            19597
  589.0000	            19850
  590.0000	            20915
  591.0000	            20674
  592.0000	            20307
  593.0000	            20643
  594.0000	            20637
  595.0000	            20216
  596.0000	            20584
  597.0000	            21100
  598.0000	            21375
  599.0000	            22382
  600.0000	            22295
  601.0000	            21930
  602.0000	            21713
  603.0000	            22172
  604.0000	            22270
  605.0000	            23362
  606.0000	            22482
  607.0000	            22963
  608.0000	            23060
  609.0000	            22767
  610.0000	            22930
  611.0000	            22135
  612.0000	            22620
  613.0000	            22957
  614.0000	            23237
  615.0000	            22390
  616.0000	            23281
  617.0000	            22762
  618.0000	            22813
  619.0000	            22733
  620.0000	            22389
  621.0000	            22326
  622.0000	            21706
  623.0000	            21905
  624.0000	            22112
  625.0000	            21478
  626.0000	            21471
  627.0000	            21510
  628.0000	            21331
  629.0000	            21648
  630.0000	            21358
  631.0000	            20738
  632.0000	            21079
  633.0000	            20740
  634.0000	            20636
  635.0000	            20803
  636.0000	            20225
  637.0000	            20352
  638.0000	            20777
  639.0000	            23191
  640.0000	            23755
  641.0000	            21974
  642.0000	            20676
  643.0000	            20801
  644.0000	            20068
  645.0000	            19425
  646.0000	            18832
  647.0000	            18968
  648.0000	            19285
  649.0000	            18741
  650.0000	            17869
  651.0000	            18729
  652.0000	            17881
  653.0000	            17318
  654.0000	            16453
  655.0000	            15836
  656.0000	            16060
  657.0000	            16131
  658.0000	            15463
  659.0000	            15561
  660.0000	            15037
  661.0000	            14778
  662.0000	            14670
  663.0000	            14238
  664.0000	            14151
  665.0000	            13891
  666.0000	            13468
  667.0000	            13054
  668.0000	            12367
  669.0000	            12651
  670.0000	            12884
  671.0000	            12265
  672.0000	            12500
  673.0000	            12059
  674.0000	            11620
  675.0000	            11490
  676.0000	            11267
  677.0000	            10871
  678.0000	            10536
  679.0000	            10215
  680.0000	             9974
  681.0000	             9843
  682.0000	             9904
  683.0000	             9150
  684.0000	             8949
  685.0000	             8356
  686.0000	             8483
  687.0000	             8469
  688.0000	             8395
  689.0000	             8495
  690.0000	             8010
  691.0000	             8263
  692.0000	             7791
  693.0000	             8176
  694.0000	             7593
  695.0000	             7587
  696.0000	             7548
  697.0000	             7277
  698.0000	             6948
  699.0000	             6960
  700.0000	             7619
  701.0000	             7356
  702.0000	             7071
  703.0000	             6888
  704.0000	             6633
  705.0000	             6345
  706.0000	             6458
  707.0000	             5914
  708.0000	             5860
  709.0000	             5831
  710.0000	             5483
  711.0000	             5267
  712.0000	             5161
  713.0000	             5177
  714.0000	             4924
  715.0000	             4855
  716.0000	             4917
  717.0000	             5222
  718.0000	             5064
  719.0000	             4730
  720.0000	             4684
  721.0000	             4329
  722.0000	             3966
  723.0000	             3790
  724.0000	             3859
  725.0000	             3689
  726.0000	             3472
  727.0000	             3544
  728.0000	             3299
  729.0000	             3319
  730.0000	             2992
  731.0000	             2930
  732.0000	             2653
  733.0000	             2760
  734.0000	             2562
  735.0000	             2571
  736.0000	             2397
  737.0000	             2332
  738.0000	             2429
  739.0000	             2354
  740.0000	             2045
  741.0000	             2068
  742.0000	             1952
  743.0000	             1914
  744.0000	             1980
  745.0000	             1849
  746.0000	             1843
  747.0000	             1714
  748.0000	             1586
  749.0000	             1654
  750.0000	             1600
  751.0000	             1545
  752.0000	             1411
  753.0000	             1518
  754.0000	             1546
  755.0000	             1183
  756.0000	             1277
  757.0000	             1286
  758.0000	             1299
  759.0000	             1244
  760.0000	             1160
  761.0000	             1221
  762.0000	             1087
  763.0000	             1246
  764.0000	             1078
  765.0000	              988
  766.0000	              969
  767.0000	             1012
  768.0000	             1036
  769.0000	              815
  770.0000	              850
  771.0000	              929
  772.0000	              756
  773.0000	              791
  774.0000	              705
  775.0000	              857
  776.0000	              689
  777.0000	              752
  778.0000	              723
  779.0000	              701
  780.0000	              738
  781.0000	              824
  782.0000	              674
  783.0000	              682
  784.0000	              629
  785.0000	              608
  786.0000	              783
  787.0000	              891
  788.0000	              825
  789.0000	              746
  790.0000	              660
  791.0000	              695
  792.0000	              621
  793.0000	              666
  794.0000	              640
  795.0000	              552
  796.0000	              568
  797.0000	              507
  798.0000	              520
  799.0000	              443
  800.0000	              441
