  440.0000	              229
  441.0000	              278
  442.0000	              233
  443.0000	              314
  444.0000	              233
  445.0000	              248
  446.0000	              313
  447.0000	              223
  448.0000	              217
  449.0000	              274
  450.0000	              233
  451.0000	              225
  452.0000	              241
  453.0000	              267
  454.0000	              231
  455.0000	              257
  456.0000	              320
  457.0000	              317
  458.0000	              274
  459.0000	              342
  460.0000	              314
  461.0000	              319
  462.0000	              295
  463.0000	              254
  464.0000	              284
  465.0000	              339
  466.0000	              273
  467.0000	              307
  468.0000	              277
  469.0000	              257
  470.0000	              353
  471.0000	              258
  472.0000	              296
  473.0000	              276
  474.0000	              315
  475.0000	              280
  476.0000	              333
  477.0000	              364
  478.0000	              338
  479.0000	              291
  480.0000	              287
  481.0000	              315
  482.0000	              393
  483.0000	              447
  484.0000	              386
  485.0000	              455
  486.0000	              452
  487.0000	              519
  488.0000	              587
  489.0000	              656
  490.0000	              779
  491.0000	              854
  492.0000	              838
  493.0000	             1110
  494.0000	             1467
  495.0000	             1616
  496.0000	             1846
  497.0000	             2019
  498.0000	             2301
  499.0000	             2850
  500.0000	             3248
  501.0000	             3810
  502.0000	             4744
  503.0000	             6370
  504.0000	             7557
  505.0000	             9866
  506.0000	            12355
  507.0000	            16020
  508.0000	            20346
  509.0000	            25594
  510.0000	            32326
  511.0000	            37227
  512.0000	            40433
  513.0000	            39547
  514.0000	            33807
  515.0000	            26094
  516.0000	            21186
  517.0000	            14908
  518.0000	            10793
  519.0000	             8304
  520.0000	             6169
  521.0000	             5054
  522.0000	             3927
  523.0000	             3320
  524.0000	             2838
  525.0000	             2110
  526.0000	             2098
  527.0000	             1589
  528.0000	             1427
  529.0000	             1367
  530.0000	             1108
  531.0000	             1068
  532.0000	             1053
  533.0000	              925
  534.0000	              970
  535.0000	              975
  536.0000	              964
  537.0000	             1086
  538.0000	             1043
  539.0000	              952
  540.0000	              995
  541.0000	             1058
  542.0000	             1025
  543.0000	             1151
  544.0000	             1167
  545.0000	             1158
  546.0000	             1138
  547.0000	             1210
  548.0000	             1127
  549.0000	             1191
  550.0000	             1098
  551.0000	             1255
  552.0000	             1241
  553.0000	             1237
  554.0000	             1202
  555.0000	             1191
  556.0000	             1199
  557.0000	             1365
  558.0000	             1270
  559.0000	             1493
  560.0000	             1469
  561.0000	             1464
  562.0000	             1520
  563.0000	             1648
  564.0000	             1598
  565.0000	             1451
  566.0000	             1753
  567.0000	             1579
  568.0000	             1706
  569.0000	             1731
  570.0000	             1803
  571.0000	             1832
  572.0000	             1774
  573.0000	             1789
  574.0000	             1840
  575.0000	             1930
  576.0000	             1934
  577.0000	             2061
  578.0000	             1947
  579.0000	             1951
  580.0000	             2156
  581.0000	             2530
  582.0000	             2613
  583.0000	             2649
  584.0000	             2658
  585.0000	             2646
  586.0000	             2732
  587.0000	             2693
  588.0000	             2808
  589.0000	             2735
  590.0000	             2709
  591.0000	             2732
  592.0000	             2746
  593.0000	             2960
  594.0000	             2898
  595.0000	             2934
  596.0000	             2812
  597.0000	             3065
  598.0000	             3244
  599.0000	             2970
  600.0000	             3099
  601.0000	             3076
  602.0000	             3019
  603.0000	             3190
  604.0000	             3201
  605.0000	             3161
  606.0000	             3216
  607.0000	             3145
  608.0000	             3227
  609.0000	             3409
  610.0000	             3306
  611.0000	             3312
  612.0000	             3534
  613.0000	             3244
  614.0000	             3452
  615.0000	             3299
  616.0000	             3512
  617.0000	             3252
  618.0000	             3309
  619.0000	             3325
  620.0000	             3420
  621.0000	             3319
  622.0000	             3460
  623.0000	             3550
  624.0000	             3515
  625.0000	             3538
  626.0000	             3430
  627.0000	             3512
  628.0000	             3469
  629.0000	             3418
  630.0000	             3321
  631.0000	             3535
  632.0000	             3311
  633.0000	             3508
  634.0000	             3386
  635.0000	             3394
  636.0000	             3258
  637.0000	             3180
  638.0000	             3390
  639.0000	             3419
  640.0000	             3289
  641.0000	             3323
  642.0000	             3187
  643.0000	             3306
  644.0000	             3174
  645.0000	             3129
  646.0000	             3217
  647.0000	             3113
  648.0000	             3015
  649.0000	             3077
  650.0000	             3095
  651.0000	             2936
  652.0000	             3028
  653.0000	             3035
  654.0000	             2838
  655.0000	             2977
  656.0000	             2953
  657.0000	             2877
  658.0000	             2706
  659.0000	             2817
  660.0000	             2860
  661.0000	             2652
  662.0000	             2744
  663.0000	             2681
  664.0000	             2614
  665.0000	             2642
  666.0000	             2545
  667.0000	             2630
  668.0000	             2600
  669.0000	             2468
  670.0000	             2397
  671.0000	             2232
  672.0000	             2344
  673.0000	             2493
  674.0000	             2396
  675.0000	             2941
  676.0000	             2934
  677.0000	             2805
  678.0000	             2627
  679.0000	             2608
  680.0000	             2549
  681.0000	             2449
  682.0000	             2444
  683.0000	             2225
  684.0000	             2069
  685.0000	             2044
  686.0000	             2236
  687.0000	             2024
  688.0000	             2002
  689.0000	             1890
  690.0000	             1973
  691.0000	             2114
  692.0000	             2159
  693.0000	             1947
  694.0000	             2038
  695.0000	             1955
  696.0000	             2101
  697.0000	             2115
  698.0000	             1848
  699.0000	             1921
  700.0000	             1781
  701.0000	             1950
  702.0000	             1845
  703.0000	             1643
  704.0000	             1736
  705.0000	             1635
  706.0000	             1884
  707.0000	             1642
  708.0000	             1474
  709.0000	             1643
  710.0000	             1593
  711.0000	             1823
  712.0000	             1791
  713.0000	             1688
  714.0000	             1718
  715.0000	             1630
  716.0000	             1685
  717.0000	             1522
  718.0000	             1300
  719.0000	             1403
  720.0000	             1380
  721.0000	             1263
  722.0000	             1246
  723.0000	             1330
  724.0000	             1246
  725.0000	             1302
  726.0000	             1229
  727.0000	             1115
  728.0000	             1126
  729.0000	              978
  730.0000	             1027
  731.0000	              955
  732.0000	              988
  733.0000	              889
  734.0000	              832
  735.0000	              777
  736.0000	              786
  737.0000	              862
  738.0000	              835
  739.0000	              734
  740.0000	              800
  741.0000	              731
  742.0000	              770
  743.0000	              656
  744.0000	              706
  745.0000	              702
  746.0000	              634
  747.0000	              609
  748.0000	              700
  749.0000	              624
  750.0000	              560
  751.0000	              517
  752.0000	              456
  753.0000	              473
  754.0000	              471
  755.0000	              427
  756.0000	              515
  757.0000	              440
  758.0000	              368
  759.0000	              406
  760.0000	              467
  761.0000	              415
  762.0000	              463
  763.0000	              386
  764.0000	              363
  765.0000	              353
  766.0000	              417
  767.0000	              439
  768.0000	              411
  769.0000	              344
  770.0000	              337
  771.0000	              365
  772.0000	              378
  773.0000	              252
  774.0000	              337
  775.0000	              278
  776.0000	              325
  777.0000	              299
  778.0000	              271
  779.0000	              300
  780.0000	              239
  781.0000	              272
  782.0000	              234
  783.0000	              256
  784.0000	              272
  785.0000	              256
  786.0000	              286
  787.0000	              263
  788.0000	              231
  789.0000	              196
  790.0000	              243
  791.0000	              216
  792.0000	              168
  793.0000	              224
  794.0000	              222
  795.0000	              176
  796.0000	              187
  797.0000	              139
  798.0000	              233
  799.0000	              169
  800.0000	              162
